2015103009070921006310015
2015103009510071201210015
2015103010040170092110015
2015103010110930523310017
2015103010360971165510015
2015103010500931029810015
2015103010590071201210015
2015103011080071201210015
2015103011120921006310015
2015103011220950441410017
2015103011410170092110015
2015103011430921210410017
2015103011530006200210015
2015103011581150437310015
2015103012001080106610015
2015103012001050604410015
2015103012100920603810017
2015103012100951163810015
2015103012210930727310015
2015103012400930320310015
2015103012500006472710015
2015103012541150437310015
2015103012550006200210015
2015103013091090822010015
2015103013100960315010015
2015103013101070513510015
2015103013120960353210017
2015103013140950441410017
2015103013190170092110015
2015103013220071201210015
2015103013260960315010015
2015103013290006200210015
2015103013311150437310015
2015103013470930523310017
2015103013510951163810015
2015103014110971165510015
2015103014110071201210015
2015103014140006200210015
2015103014260921210410017
2015103014300930727310015
2015103014570930827810015
2015103015051070513510015
2015103015100930523310017
2015103015130071201210015
2015103015260920603810017
2015103015480071201210015
2015103016020960353210017
2015103016201050604410015
2015103016231070513510015
2015103016370006472710015
2015103016390950441710015
2015103016390171019910015
2015103016431090822010015
2015103016451120132610015
2015103016471011001910015
2015103016490930727310015
2015103016521011001910015
2015103016581080406810015
2015103017020950644410015
2015103017100930727310015
2015103017340951163810015
2015103017480921006310015
2015103017540960353210017
2015103017560960353210017
2015103018110940134610015
2015103018140930320310015
2015103018220960315010015
2015103018351050604410015
2015103018370006472710015
2015103018551070513510015
2015103019100960315010015
2015103019150950140210015
2015103019201150217810015
2015103019320950441410017
2015103019350931029810015
2015103019350930827810015
2015103019360950644410015
2015103019360931029810015
2015103019420950644410015
2015103019441080106610015
2015103019570071201210015
2015103019570930827810015
2015103019580960415110017
2015103020000951163810015
2015103020071011001910015
2015103020140070513510015
2015103108090006472710015
2015103108131150217810015
2015103110330931029810015
2015103112290931029810015
2015103112511150217810015
2015103115020006472710015
2015103115080931029810015
2015110205510006472710015
2015110206121070513510015
2015110206161070513510015
2015110206231070513510015
2015110206291120132610015
2015110206291090822010015
2015110206371070513510015
2015110206400930727310015
2015110206560930320310015
2015110207050950441710015
2015110207230921006310015
2015110207230931029810015
2015110207300940134610015
2015110207371070513510015
2015110207441080406810015
2015110207471120710610015
2015110207481130411510015
2015110207560071201210015
2015110207581150217810015
2015110208010910400410015
2015110208021011001910015
2015110208020170092110015
2015110208050960415110017
2015110208050950644410015
2015110208051020802810015
2015110208071000700810017
2015110208070006200210015
2015110208080920303110017
2015110208080931234310015
2015110208090910501210017
2015110208120931234310015
2015110208131130436210015
2015110208140930827810015
2015110208160960353210017
2015110208180960315010015
2015110208190950441410017
2015110208210950441410017
2015110208241080106610015
2015110208251050604410015
2015110208260071201210015
2015110208270951163810015
2015110208281040107210015
2015110208331130436110015
2015110208350071201210015
2015110208370951163810015
2015110208400931234310015
2015110208441150117710015
2015110208480930727310015
2015110208491130436210015
2015110208520071201210015
2015110208540921210410017
2015110208560950644410015
