2015111209030950140210015
2015111209080951163810015
2015111209141080406810015
2015111209170950140210015
2015111209200950644410015
2015111209210971165510015
2015111209260071201210015
2015111209321020802810015
2015111209331150217810015
2015111209370171019910015
2015111209370930827810015
2015111209560171019910015
2015111209590930727310015
2015111210000006200210015
2015111210040006472710015
2015111210180931029810015
2015111210281070513510015
2015111210400006200210015
2015111210530960353210017
2015111211140930727310015
2015111211400006200210015
2015111211431090822010015
2015111212011120132610015
2015111212031070513510015
2015111212160171019910015
2015111212491150217810015
2015111212530950441410017
2015111212581070513510015
2015111213061130411510015
2015111213100930727310015
2015111213100971165510015
2015111213130921210410017
2015111213160930827810015
2015111213170931234310015
2015111213180951163810015
2015111213220960315010015
2015111213361130411510015
2015111213440171019910015
2015111214010171521610015
2015111214030950441710015
2015111214090071201210015
2015111214160951163810015
2015111214220910400410015
2015111214250950441410017
2015111214390171019910015
2015111214430950140210015
2015111214451000700810017
2015111214510930727310015
2015111214511080406810015
2015111214520951163810015
2015111215060171521610015
2015111215230971165510015
2015111215230951163810015
2015111215240960353210017
2015111215280171019910015
2015111215290171019910015
2015111215320171019910015
2015111215520170092110015
2015111215540171521610015
2015111215570930727310015
2015111216111070513510015
2015111216200951163810015
2015111216341011001910015
2015111216340931234310015
2015111216420951163810015
2015111217061130411510015
2015111217060951163810015
2015111217141070513510015
2015111217221020802810015
2015111217250910400410015
2015111217250971165510015
2015111217250930827810015
2015111217281020802810015
2015111217300910400410015
2015111217300930727310015
2015111217341050604410015
2015111217410951163810015
2015111217430930827810015
2015111217581150217810015
2015111218150951163810015
2015111218210931234310015
2015111218261080406810015
2015111218261150760010015
2015111218260960315010015
2015111218291090822010015
2015111218340171521610015
2015111218350950441710015
2015111218390920603810017
2015111218400950441410017
2015111218410071201210015
2015111218421000700810017
2015111219111070513510015
2015111219111070513510015
2015111219151070513510015
2015111219171070513510015
2015111219170071201210015
2015111219241120132610015
2015111220000950140210015
2015111220150950441410017
2015111305560006472710015
2015111306030006472710015
2015111306251090822010015
2015111306260006472710015
2015111306281120132610015
2015111306290006472710015
2015111306401090822010015
2015111306450950441710015
2015111307240910501210017
2015111307260006200210015
2015111307270950140210015
2015111307360930727310015
2015111307370921006310015
2015111307381011001910015
2015111307400940134610015
2015111307410940134610015
2015111307440921006310015
2015111307441020802810015
2015111307500920906210015
2015111307551150760010015
2015111307571090822010015
2015111307581080406810015
2015111308000170092110015
2015111308010960353210017
2015111308011150117710015
2015111308040960415110017
2015111308051000700810017
2015111308060950644410015
2015111308080910400410015
2015111308090950140210015
2015111308131020802810015
2015111308151080106610015
2015111308180950441410017
2015111308190930827810015
2015111308191150217810015
2015111308201050604410015
2015111308220070513510015
2015111308221070513510015
2015111308220960315010015
2015111308231000700810017
2015111308240071201210015
2015111308270951163810015
2015111308290950644410015
2015111308310940134610015
2015111308351080406810015
2015111308380920603810017
2015111308400951163810015
2015111308451080106610015
