2015122607400006472710015
2015122609070006200210015
2015122609460006472710015
2015122610230006472710015
2015122610290006200210015
2015122805550006472710015
2015122806111120132610015
2015122806300930320310015
2015122806380930727310015
2015122806411090822010015
2015122806520950441710015
2015122807170006472710015
2015122807181080406810015
2015122807180920202810015
2015122807210950441710015
2015122807210950140210015
2015122807310921006310015
2015122807411151004110015
2015122807420920906210015
2015122807440950140210015
2015122807451050604410015
2015122807561130411510015
2015122807570950441710015
2015122807580071201210015
2015122807580170092110015
2015122808000950644410015
2015122808001150760010015
2015122808011080106610015
2015122808010950644410015
2015122808011020802810015
2015122808060910400410015
2015122808071021005610015
2015122808101080106610015
2015122808131090822010015
2015122808140071201210015
2015122808150931234310015
2015122808160960415110017
2015122808160070513510015
2015122808170960353210017
2015122808180960315010015
2015122808180960415110017
2015122808200920906210015
2015122808211150518310015
2015122808220930827810015
2015122808231151104210015
2015122808230921210410017
2015122808231150217810015
2015122808281070513510015
2015122808290930523310017
2015122808490930523310017
2015122808530171521610015
2015122808540920603810017
2015122808540071201210015
2015122808560171019910015
