2015112509010910501210017
2015112509040930727310015
2015112509040930727310015
2015112509060971165510015
2015112509160950644410015
2015112509190071201210015
2015112509271011001910015
2015112509270071201210015
2015112509350170092110015
2015112509440006200210015
2015112509580171521610015
2015112510141000700810017
2015112510240910400410015
2015112510330910501210017
2015112510420950441410017
2015112510530920303110017
2015112510590930827810015
2015112511010171521610015
2015112511040940134610015
2015112511050910501210017
2015112511061120132610015
2015112511280920303110017
2015112511420951163810015
2015112511540006472710015
2015112512040950140210015
2015112512491070513510015
2015112513010930727310015
2015112513010006200210015
2015112513041090822010015
2015112513161090822510015
2015112513210006200210015
2015112513240071201210015
2015112513360940134610015
2015112514111011001910015
2015112514161090822510015
2015112514441090822510015
2015112515040951163810015
2015112515060910400410015
2015112515071130436110015
2015112515400006472710015
2015112516001130436210015
2015112516180931029810015
2015112516291130436210015
2015112516350931234310015
2015112516461020802810015
2015112516470960353210017
2015112516480920906210015
2015112516531130436210015
2015112516590921006310015
2015112516590920906210015
2015112517001011001910015
2015112517070931234310015
2015112517090950644410015
2015112517090950441410017
2015112517090006472710015
2015112517150960315010015
2015112517161150760010015
2015112517260930727310015
2015112517270071201210015
2015112517300940134610015
2015112517311080406810015
2015112517321050604410015
2015112517350950140210015
2015112517360930827810015
2015112517370951163810015
2015112517440910501210017
2015112518001090822510015
2015112518101020802810015
2015112518370006472710015
2015112518461150217810015
2015112518530071201210015
2015112518531080406810015
2015112518531080406810015
2015112519080950140210015
2015112519240921006310015
2015112519270950441410017
2015112519270951163810015
2015112519360951163810015
2015112519360960415110017
2015112519370931029810015
2015112519511090822010015
2015112519530960353210017
2015112520030960353210017
2015112520070071201210015
2015112520180071201210015
2015112521211070513510015
2015112606060171521610015
2015112606460950441710015
2015112606520930727310015
2015112607071120132610015
2015112607260950140210015
2015112607271000700810017
2015112607320920906210015
2015112607340950140210015
2015112607380940134610015
2015112607450931029810015
2015112607470921006310015
2015112607501080406810015
2015112607531150760010015
2015112608010960353210017
2015112608040170092110015
2015112608050931234310015
2015112608091020802810015
2015112608140950644410015
2015112608181150217810015
2015112608190930827810015
2015112608201011001910015
2015112608221040107210015
2015112608251050604410015
2015112608310960415110017
2015112608310950441410017
2015112608341080106610015
2015112608340070513510015
2015112608361020802810015
2015112608370951163810015
2015112608420910400410015
2015112608500951163810015
