2015120409120930523310017
2015120409151090822010015
2015120409190071201210015
2015120409201150437310015
2015120409210960265010015
2015120409311150117710015
2015120409360006472710015
2015120409370931234310015
2015120409450960265010015
2015120409460171019910015
2015120409540910501210017
2015120409540930523310017
2015120409540006200210015
2015120409591090822510015
2015120410100071201210015
2015120410190006200210015
2015120410200006472710015
2015120410221020802810015
2015120410261150117710015
2015120410310006200210015
2015120410410951163810015
2015120410430971165510015
2015120410450960353210017
2015120410571150117710015
2015120411060950441410017
2015120411070921006310015
2015120411150006200210015
2015120411231080406810015
2015120411350960353210017
2015120411420950644410015
2015120411460931029810015
2015120411481150437310015
2015120411481070513510015
2015120411520960315010015
2015120411570971165510015
2015120411571020802810015
2015120412031150437310015
2015120412110930727310015
2015120412140171521610015
2015120412151150437310015
2015120412160971165510015
2015120412210930320310015
2015120412210930523310017
2015120412230931234310015
2015120412230950140210015
2015120412410920906210015
2015120412410910501210017
2015120412421151104210015
2015120412501070513510015
2015120412521150437310015
2015120412530950441710015
2015120412560971165510015
2015120412570931234310015
2015120412570006200210015
2015120412590931029810015
2015120413000971165510015
2015120413000921006310015
2015120413021130411510015
2015120413100950441710015
2015120413151050604410015
2015120413221150760010015
2015120413230960415110017
2015120413351090822010015
2015120413481130436110015
2015120414061070513510015
2015120414070171521610015
2015120414101151104210015
2015120414120971165510015
2015120414160931234310015
2015120414170171019910015
2015120414190951163810015
2015120414270950441410017
2015120414340910501210017
2015120414350071201210015
2015120414390071201210015
2015120414431130436110015
2015120414440920906210015
2015120414481090822510015
2015120415060171019910015
2015120415290071201210015
2015120415520940134610015
2015120415560921006310015
2015120416080930320310015
2015120416171130436210015
2015120416370171019910015
2015120416411080106610015
2015120416440910400410015
2015120416450950644410015
2015120416460170092110015
2015120416481130436210015
2015120416501011001910015
2015120416501150117710015
2015120416520071201210015
2015120417010920906210015
2015120417031150437310015
2015120417050930727310015
2015120417080930727310015
2015120417111150760010015
2015120417180910400410015
2015120417181130411510015
2015120417180070513510015
2015120417300960353210017
2015120417311130436210015
2015120417331151104210015
2015120417331151104210015
2015120417390910501210017
2015120417401080106610015
2015120417411020802810015
2015120417421050604410015
2015120417450071201210015
2015120417501050604410015
2015120417510940134610015
2015120417551151004110015
2015120418081150217810015
2015120418091120132610015
2015120418111020802810015
2015120418171090822510015
2015120418280930320310015
2015120418301090822010015
2015120418320960315010015
2015120418330950644410015
2015120418350071201210015
2015120418361111131610015
2015120418461080406810015
2015120418520071201210015
2015120418570950441410017
2015120419001150437310015
2015120419030171521610015
2015120419080931234310015
2015120419300940134610015
2015120419300930827810015
2015120419480931029810015
2015120419481050604410015
2015120419570951163810015
2015120420061070513510015
2015120420080950441410017
2015120420100960415110017
2015120420100951163810015
2015120420110921006310015
2015120420170071201210015
2015120420310950140210015
2015120420310950441710015
2015120420320920603810017
2015120420400950441410017
2015120421031130411510015
2015120510090931234310015
2015120512310931234310015
2015120513490006472710015
2015120514100006472710015
2015120515010006472710015
2015120515010931234310015
2015120515020006472710015
2015120705550006472710015
2015120706110006472710015
2015120706340930320310015
2015120706350930727310015
2015120706370930727310015
2015120706410006472710015
2015120706420950441710015
2015120706451120132610015
2015120706591151104210015
2015120707020006472710015
2015120707031050604410015
2015120707160006472710015
2015120707190920906210015
2015120707200940134610015
2015120707220940134610015
2015120707230950140210015
2015120707470960315010015
2015120707471151004110015
2015120707511090822510015
2015120707520921006310015
2015120707531090822510015
2015120707540920303110017
2015120707560931029810015
2015120707560931029810015
2015120707570170092110015
2015120707591080406810015
2015120708000171019910015
2015120708000960415110017
2015120708000960353210017
2015120708001011001910015
2015120708011011001910015
2015120708011150760010015
2015120708030960415110017
2015120708121130436210015
2015120708121020802810015
2015120708130931234310015
2015120708180910501210017
2015120708190071201210015
2015120708200930523310017
2015120708201070513510015
2015120708211080106610015
2015120708210950644410015
2015120708221151060110015
2015120708230921210410017
2015120708230071201210015
2015120708241150217810015
2015120708271150518310015
2015120708290930827810015
2015120708301070513510015
2015120708310950441410017
2015120708351130436210015
2015120708490910400410015
2015120708500930523310017
2015120708510071201210015
2015120708520920603810017
2015120708530171521610015
