2015121006010006472710015
2015121006100171521610015
2015121006191090822010015
2015121006361120132610015
2015121006500950441710015
2015121006560930727310015
2015121007030006472710015
2015121007190950140210015
2015121007251011001910015
2015121007330920906210015
2015121007341151104210015
2015121007371151004110015
2015121007440940134610015
2015121007520931029810015
2015121007530910400410015
2015121007540910501210017
2015121007540921006310015
2015121007570960415110017
2015121007571080406810015
2015121007580950441710015
2015121007581151004110015
2015121007580071201210015
2015121008000910400410015
2015121008000960353210017
2015121008001150760010015
2015121008020170092110015
2015121008060950644410015
2015121008060960315010015
2015121008060950644410015
2015121008081080406810015
2015121008131150217810015
2015121008140931234310015
2015121008151020802810015
2015121008210930827810015
2015121008231080106610015
2015121008230950441410017
2015121008240071201210015
2015121008330171521610015
2015121008330951163810015
2015121008340171019910015
2015121008351050604410015
2015121008421070513510015
2015121008431130436210015
2015121008460170092110015
2015121008530171019910015
2015121008551090822010015
2015121008580071201210015
2015121009140920603810017
2015121009170930727310015
2015121009180910400410015
2015121009190950140210015
2015121009240006472710015
2015121009260921210410017
2015121009450910501210017
2015121009490960353210017
2015121010170071201210015
2015121010190930827810015
2015121010210920603810017
2015121010310910400410015
2015121011010921006310015
2015121011050910400410015
2015121011081130436210015
2015121011140930727310015
2015121011160171521610015
2015121011251150437310015
2015121011280950140210015
2015121011370950140210015
2015121011430930727310015
2015121011490950441410017
2015121011550931029810015
2015121012040950441410017
2015121012040920603810017
2015121012060950140210015
2015121012210071201210015
2015121012270071201210015
2015121012411150437310015
2015121012431130436210015
2015121012490950441410017
2015121012540171019900015
2015121012551070513500015
2015121012561011001900015
2015121012560940134600015
2015121013010931029800015
2015121013021080106600015
2015121013101070513500015
2015121013190951163800015
2015121013231080106600015
2015121013250950644400015
2015121013270171521600015
2015121013431130436200015
2015121013461130436200015
2015121014030070513500015
2015121014150931234300015
2015121014171020802800015
2015121014171090822000015
2015121014350930727300015
2015121014371070513500015
2015121014400950441410017
2015121014540940134610015
2015121014550950644410015
2015121015050071201210015
2015121015260940134610015
2015121015290171019910015
2015121015370071201210015
2015121015540960353210017
2015121016291150437310015
2015121016300921210410017
2015121016310931234310015
2015121016360920906210015
2015121016380940134610015
2015121016480006200210015
2015121016530931029810017
2015121016550931029810015
2015121016561080106610015
2015121016560910501210017
2015121016570940134610015
2015121016590910400410015
2015121016590930727310015
2015121016590950644410015
2015121017000951163810015
2015121017000910400410015
2015121017021120132610015
2015121017060930727310015
2015121017140951163810015
2015121017150921006310015
2015121017200951163810015
2015121017251151060110015
2015121017270951163810015
2015121017271151104210015
2015121017291080406810015
2015121017311050604410015
2015121017310951163810015
2015121017340951163810015
2015121017430006200210015
2015121017551011001910015
2015121018010921006310015
2015121018011080106610015
2015121018020920603810017
2015121018030006200210015
2015121018050921006310015
2015121018091151004110015
2015121018160930827810015
2015121018230006200210015
2015121018250931234310015
2015121018300960353210017
2015121018421151004110015
2015121018440950644410015
2015121018451020802810015
2015121018460960315010015
2015121018481150217810015
2015121019040960315010015
2015121019241070513510015
2015121019380071201210015
2015121019430950644410015
2015121019431080106610015
2015121019500960353210017
2015121019510950441410017
2015121019580950441410017
2015121020061011001910015
2015121020101150760010015
2015121020110960415110017
2015121020120950140210015
2015121020220920603810017
2015121020230950140210015
2015121020240950441710015
2015121020311090822010015
2015121020331080106610015
2015121020331150217810015
2015121020371070513510015
2015121105550006472710015
2015121106051120132610015
2015121106230930727310015
2015121106290006472710015
2015121106451090822010015
2015121106480950441710015
2015121106510950441710015
2015121107240171019910015
2015121107240950140210015
2015121107281151004110015
2015121107351151104210015
2015121107380920906210015
2015121107381150117710015
2015121107390930523310017
2015121107420171521610015
2015121107450960315010015
2015121107530930523310017
2015121107581080406810015
2015121108001020802810015
2015121108030071201210015
2015121108031011001910015
2015121108060910501210017
2015121108060960415110017
2015121108070960353210017
2015121108080171521610015
2015121108080931029810015
2015121108080920906210015
2015121108090960315010015
2015121108100006472710015
2015121108121150760010015
2015121108120931234310015
2015121108120910400410015
2015121108120910400410015
2015121108140950644410015
2015121108150950644410015
2015121108160910400410015
2015121108170940134610015
2015121108190951163810015
2015121108201020802810015
2015121108200950441410017
2015121108251150217810015
2015121108260070513510015
2015121108271070513510015
2015121108271070513510015
2015121108290930827810015
2015121108311050604410015
2015121108311050604410015
2015121108390170092110015
