2015110509001000700810017
2015110509000071201210015
2015110509060006200210015
2015110509071080106610015
2015110509380921210410017
2015110509570931029810015
2015110509580071201210015
2015110510000921210410017
2015110510051120132610015
2015110510051120132610015
2015110510050071201210015
2015110510180940134610015
2015110510481150760010015
2015110510481130436110015
2015110510490950441410017
2015110510520930727310015
2015110510560960415110017
2015110511021130411510015
2015110511290960353210017
2015110511451920605110015
2015110512071070513510015
2015110512071070513510015
2015110512221120132610015
2015110512481130411510015
2015110512510930727310015
2015110512530006472710015
2015110512540006472710015
2015110512580006472710015
2015110512591000700810017
2015110513000910501210017
2015110513030071201210015
2015110513101020802810015
2015110513150950441410017
2015110513191080106610015
2015110513200951163810015
2015110513220951163810015
2015110513240951163810015
2015110513240171019910015
2015110513260171019910015
2015110513300931029810015
2015110513410940134610015
2015110514040006472710015
2015110514080950140210015
2015110514130931234310015
2015110514140006200210015
2015110514160930827810015
2015110514260951163810015
2015110514290171019910015
2015110514290950441410017
2015110514300006472710015
2015110514341130436110015
2015110514350910400410015
2015110514360171019910015
2015110514371000700810017
2015110514411150760010015
2015110514480006472710015
2015110514531040107210015
2015110515040006472710015
2015110515091000700810017
2015110515120940134610015
2015110515250951163810015
2015110515261150437310015
2015110515301150437310015
2015110515341920605110015
2015110515370960353210017
2015110515450930827810015
2015110515520921006310015
2015110515570951163810015
2015110516040960353210017
2015110516041920605110015
2015110516171080406810015
2015110516181011001910015
2015110516200171019910015
2015110516210910400410015
2015110516231020802810015
2015110516271000700810017
2015110516300950644410015
2015110516300950644410015
2015110516410920906210015
2015110516430940134610015
2015110516430920906210015
2015110516480931234310015
2015110516560071201210015
2015110517000910400410015
2015110517051011001910015
2015110517060931234310015
2015110517060960415110017
2015110517091011001910015
2015110517101080406810015
2015110517101080406810015
2015110517111090822010015
2015110517121040107210015
2015110517130960353210017
2015110517150910501210017
2015110517210930727310015
2015110517281070513510015
2015110517411120132610015
2015110517580951163810015
2015110518030950644410015
2015110518060006472710015
2015110518151000700810017
2015110518241080106610015
2015110518300930827810015
2015110518300950644410015
2015110518390921006310015
2015110518400950140210015
2015110518550950441710015
2015110519020960315010015
2015110519031150760010015
2015110519030931234310015
2015110519061020802810015
2015110519060071201210015
2015110519081120132610015
2015110519090071201210015
2015110519370950441410017
2015110519381150217810015
2015110519400931029810015
2015110519400950441410017
2015110519471090822010015
2015110519520950441710015
2015110519520920603810017
2015110519540006472710015
2015110520010940134610015
2015110520031070513510015
2015110606151120132610015
2015110606440930727310015
2015110606480950441710015
2015110607021090822010015
2015110607320950140210015
2015110607360920906210015
2015110607420930523310017
2015110607440960315010015
2015110607460930523310017
2015110607490931029810015
2015110607490960415110017
2015110607510960415110017
2015110607521080406810015
2015110607521080406810015
2015110607561150760010015
2015110607560931029810015
2015110607581020802810015
2015110607581020802810015
2015110608000910501210017
2015110608000930727310015
2015110608011150437310015
2015110608020920603810017
2015110608040971165510015
2015110608050910400410015
2015110608050170092110015
2015110608080910400410015
2015110608090930523310017
2015110608100931234310015
2015110608121000700810017
2015110608140960353210017
2015110608161150518310015
2015110608161070513510015
2015110608160071201210015
2015110608210950644410015
2015110608220950441410017
2015110608230950441410017
2015110608240930827810015
2015110608251150217810015
2015110608250930320310015
2015110608290951163810015
2015110608350920303110017
2015110608351011001910015
2015110608371020802810015
2015110608370960315010015
2015110608381080406810015
2015110608500921006310015
2015110608540921210410017
