2015121509050171019910015
2015121509201080406810015
2015121509270931029810015
2015121509400940134610015
2015121509531090822010015
2015121509570071201210015
2015121510020171521610015
2015121510040950644410015
2015121510080171521610015
2015121510130910400410015
2015121510220971165510015
2015121510260930727310015
2015121510341090822010015
2015121511221960151210015
2015121511261020802810015
2015121511331090822510015
2015121511370960353210017
2015121511410951163810015
2015121511430920906210015
2015121511491090822010015
2015121511501070513510015
2015121511520950644410015
2015121512010171521610015
2015121512050960315010015
2015121512190910501210017
2015121512361070513510015
2015121512361070513510015
2015121512571150217810015
2015121513030920906210015
2015121513081150760010015
2015121513090171521610015
2015121513291151004110015
2015121513360171019910015
2015121513360170092110015
2015121513490960315010015
2015121513500006200210015
2015121513590006200210015
2015121513590951163810015
2015121514061070513510015
2015121514061151004110015
2015121514230940134610015
2015121514270171019910015
2015121514281020802810015
2015121514280170092110015
2015121514401120132610015
2015121514420910501210017
2015121514470960353210017
2015121514510910400410015
2015121515060920906210015
2015121515081020802810015
2015121515160930727310015
2015121515231150437310015
2015121515330071201210015
2015121515340930827810015
2015121515420910501210017
2015121516060931029810015
2015121516301120132610015
2015121516301150437310015
2015121516310910400410015
2015121516380930827810015
2015121516390071201210015
2015121516401050604410015
2015121516451150437310015
2015121516521090822510015
2015121516531151004110015
2015121517041080406810015
2015121517051070513510015
2015121517060910501210017
2015121517070910501210017
2015121517071130411510015
2015121517110170092110015
2015121517130931029810015
2015121517190930727310015
2015121517221020802810015
2015121517250930727310015
2015121517361011001910015
2015121517490931234310015
2015121517541011001910015
2015121518020930827810015
2015121518120920906210015
2015121518120920906210015
2015121518160910400410015
2015121518180910400410015
2015121518191050604410015
2015121518190960353210017
2015121518240931234310015
2015121518280951163810015
2015121518340940134610015
2015121518350930827810015
2015121518360006472710015
2015121518401150217810015
2015121518430930827810015
2015121519091090822510015
2015121519261150760010015
2015121519270960315010015
2015121519350951163810015
2015121519391070513510015
2015121519391070513510015
2015121520000071201210015
2015121520011011001910015
2015121520010960353210017
2015121520010960415110017
2015121606110006200210015
2015121606251120132610015
2015121606350930727310015
2015121606350006200210015
2015121606360930727310015
2015121606370930727310015
2015121606400950441710015
2015121607090931234310015
2015121607111151104210015
2015121607210921006310015
2015121607280950140210015
2015121607320171521610015
2015121607341080406810015
2015121607360960315010015
2015121607361151004110015
2015121607491090822510015
2015121607501150760010015
2015121607510171019910015
2015121607511011001910015
2015121607550170092110015
2015121608000921006310015
2015121608020171019910015
2015121608060931234310015
2015121608060940134610015
2015121608060951163810015
2015121608120950441410017
2015121608120071201210015
2015121608130960353210017
2015121608141020802810015
2015121608140006200210015
2015121608161080106610015
2015121608160931029810015
2015121608170931029810015
2015121608201050604410015
2015121608211150217810015
2015121608210950140210015
2015121608211151004110015
2015121608221080406810015
2015121608220950441710015
2015121608230930827810015
2015121608240960415110017
2015121608250960315010015
2015121608261070513510015
2015121608370931029810015
2015121608380960415110017
2015121608390930727310015
2015121608400910400410015
2015121608430910400410015
2015121608460170092110015
2015121608570920603810017
