2015122808591150117710015
2015122809240006472710015
2015122809280170092110015
2015122809470921006310015
2015122809590921210410017
2015122810040931234310015
2015122810051151060110015
2015122810101150117710015
2015122810120910400410015
2015122810150071201210015
2015122811220071201210015
2015122811221150437310015
2015122811250931234310015
2015122811390930727310015
2015122811400960415110017
2015122811400006472710015
2015122811440006200210015
2015122811481021005610015
2015122811590006200210015
2015122812070960315010015
2015122812130930727310015
2015122812191151060110015
2015122812201150518310015
2015122812330950441710015
2015122812491080106610015
2015122812500921210410017
2015122812530950140210015
2015122812550930827810015
2015122813050006472710015
2015122813090960415110017
2015122813141130411510015
2015122813161151104210015
2015122813221040107210015
2015122813360921006310015
2015122813410931234310015
2015122814060171019910015
2015122814130171019910015
2015122814160006200210015
2015122814240171019910015
2015122814400950644410015
2015122814500921006310015
2015122814530910400410015
2015122815020071201210015
2015122815150931234310015
2015122815230921006310015
2015122815240921006310015
2015122815321151060110015
2015122815340071201210015
2015122815390006200210015
2015122815420921006310015
2015122815501151004110015
2015122815531151104210015
2015122815541090822010015
2015122816131151060110015
2015122816201080406810015
2015122816230931234310015
2015122816261150437310015
2015122816331150518310015
2015122816340170092110015
2015122816410921210410017
2015122816450071201210015
2015122816491090822010015
2015122816520071201210015
2015122816561050604410015
2015122816561090822010015
2015122816580960315010015
2015122817040930727310015
2015122817050910400410015
2015122817100920603810017
2015122817170910400410015
2015122817180920906210015
2015122817190910400410015
2015122817240921006310015
2015122817291080106610015
2015122817310950644410015
2015122817321151104210015
2015122817330920906210015
2015122817400931234310015
2015122817410921006310015
2015122817411150437310015
2015122817560960415110017
2015122818131150437310015
2015122818191150518310015
2015122818321020802810015
2015122818331080406810015
2015122818361150760010015
2015122819051080106610015
2015122819060960315010015
2015122819170920603810017
2015122819311151004110015
2015122819310950441710015
2015122819350950644410015
2015122819350930827810015
2015122819400930827810015
2015122819471070513510015
2015122820031080406810015
2015122820101070513510015
2015122820100950140210015
2015122820101150217810015
2015122820101150217810015
2015122820101070513510015
2015122820110960353210017
2015122820120960353210017
2015122820130071201210015
2015122905470006472710015
2015122906161090822010015
2015122906290950441710015
2015122906330930727310015
2015122907061011001910015
2015122907100930523310017
2015122907230921006310015
2015122907241080406810015
2015122907270931029810015
2015122907340950140210015
2015122907451150760010015
2015122907470171521610015
2015122907481090822010015
2015122907511050604410015
2015122907551151004110015
2015122907570950644410015
2015122907581020802810015
2015122908041150760010015
2015122908041080106610015
2015122908050931234310015
2015122908070910400410015
2015122908091070513510015
2015122908141151104210015
2015122908171150217810015
2015122908170960353210017
2015122908210930827810015
2015122908260931234310015
2015122908310071201210015
