2015120809040170092110015
2015120809221120132610015
2015120809251050604410015
2015120809270171019910015
2015120809290960315010015
2015120809320920906210015
2015120809360940134610015
2015120809390951163810015
2015120810251020802810015
2015120810271070513510015
2015120810330910501210017
2015120810340971165510015
2015120810401150117710015
2015120810410071201210015
2015120810550920603810017
2015120811011130411510015
2015120811140171521610015
2015120811151960151210015
2015120811200960353210017
2015120811290931234310015
2015120811330951163810015
2015120811370920906210015
2015120811381150117710015
2015120811441080106610015
2015120811540971165510015
2015120811590171521610015
2015120812111120132610015
2015120812130940134610015
2015120812271151004110015
2015120812341960151210015
2015120812410921006310015
2015120812481070513510015
2015120812481070513510015
2015120812500071201210015
2015120812571150217810015
2015120812590171521610015
2015120813000930727310015
2015120813011080406810015
2015120813020921006310015
2015120813030006472710015
2015120813061150518310015
2015120813071130411510015
2015120813091150117710015
2015120813100960415110017
2015120813100960315010015
2015120813120931029810015
2015120813431150217810015
2015120814271960151210015
2015120814300921006310015
2015120814300951163810015
2015120814370950441410017
2015120814400930827810015
2015120814420006200210015
2015120814431150760010015
2015120814461130411510015
2015120815150171019910015
2015120815221090822010015
2015120815280930827810015
2015120815291150518310015
2015120815300171019910015
2015120815441090822510015
2015120816110171019910015
2015120816140171019910015
2015120816341070513510015
2015120816340921210410017
2015120816361151104210015
2015120816371150217810015
2015120816401090822010015
2015120816401151004110015
2015120816440006200210015
2015120816480920906210015
2015120816491150437310015
2015120816521150437310015
2015120816520931029810015
2015120816530940134610015
2015120817020910501210017
2015120817020910400410015
2015120817040931029810015
2015120817051150117710015
2015120817060940134610015
2015120817131080106610015
2015120817140960353210017
2015120817190920603810017
2015120817210960415110017
2015120817220930727310015
2015120817220951163810015
2015120817231020802810015
2015120817240930727310015
2015120817251130411510015
2015120817291011001910015
2015120817300006200210015
2015120817390071201210015
2015120817480930827810015
2015120817491090822510015
2015120818021050604410015
2015120818061150437310015
2015120818121070513510015
2015120818130071201210015
2015120818131020802810015
2015120818141151104210015
2015120818160921006310015
2015120818231080106610015
2015120818240921006310015
2015120818301090822510015
2015120818320950441410017
2015120818341080406810015
2015120818380071201210015
2015120818390931234310015
2015120818470950140210015
2015120818500951163810015
2015120818561120132610015
2015120819070951163810015
2015120819180071201210015
2015120819240951163810015
2015120819280951163810015
2015120819281150760010015
2015120819421150217810015
2015120819480960315010015
2015120819491070513510015
2015120820031070513510015
2015120820181070513510015
2015120820280960415110017
2015120820370950441410017
2015120820561070513510015
2015120821011070513510015
2015120821110920603810017
2015120821110950441710015
2015120821110950140210015
2015120821110950140210015
2015120821311130411510015
