2015122109021080106610015
2015122109300971165510015
2015122109340950644410015
2015122109370910400410015
2015122109520971165510015
2015122109550006200210015
2015122109580006472710015
2015122110020950441410017
2015122110160171019910015
2015122110221150117710015
2015122110401130436210015
2015122110480006200210015
2015122110501090822010015
2015122110581011001910015
2015122110590071201210015
2015122111050920303110017
2015122111081151004110015
2015122111181150117710015
2015122111290930523310017
2015122111341130411510015
2015122111381130436110015
2015122111391090822010015
2015122111461130436110015
2015122111551130436210015
2015122111570171521610015
2015122112050950644410015
2015122112111080406810015
2015122112150971165510015
2015122112280960315010015
2015122112331080406810015
2015122112381150437310015
2015122112421150117710015
2015122112450071201210015
2015122112491151004110015
2015122112510930523310017
2015122112570171521610015
2015122113091080406810015
2015122113160920303110017
2015122113170920906210015
2015122113180960265010015
2015122113181130436210015
2015122113260171019910015
2015122113341120132610015
2015122113411021005610015
2015122113480171019910015
2015122114001050604410015
2015122114060006200210015
2015122114161150117710015
2015122114211080106610015
2015122114230071201210015
2015122114280071201210015
2015122114280950441410017
2015122114310910400410015
2015122114350920303110017
2015122114381130436210015
2015122114500171019910015
2015122114591130436210015
2015122115180171019910015
2015122115241080106610015
2015122115250910400410015
2015122115390930523310017
2015122115460071201210015
2015122116020920303110017
2015122116030920303110017
2015122116041011001910015
2015122116070931029810015
2015122116121130436210015
2015122116161151004110015
2015122116180071201210015
2015122116180950441710015
2015122116210171019910015
2015122116311090822010015
2015122116340930523310017
2015122116351080106610015
2015122116360950441710015
2015122116380071201210015
2015122116470930523310017
2015122116481130411510015
2015122116491130436210015
2015122116590950441410017
2015122117001080106610015
2015122117030920906210015
2015122117040910400410015
2015122117150960415110017
2015122117170930523310017
2015122117180950644410015
2015122117250920906210015
2015122117261011001910015
2015122117260950644410015
2015122117301070513510015
2015122117301070513510015
2015122117301070513510015
2015122117341151104210015
2015122117371050604410015
2015122117420930827810015
2015122117491150217810015
2015122117500921210410017
2015122117550931234310015
2015122118010931029810015
2015122118100960315010015
2015122118200171521610015
2015122118291151004110015
2015122118291080406810015
2015122118331120132610015
2015122118461020802810015
2015122118461150760010015
2015122119310950441410017
2015122119370931029810015
2015122119440071201210015
2015122119510070513510015
2015122119531070513510015
2015122119531070513510015
2015122119540071201210015
2015122119541070513510015
2015122119551070513510015
2015122205410006472710015
2015122205520006472710015
2015122206191120132610015
2015122206190006472710015
2015122206300950441710015
2015122206431090822010015
2015122207221011001910015
2015122207291150117710015
2015122207320931029810015
2015122207421080406810015
2015122207421080406810015
2015122207441150760010015
2015122207461151004110015
2015122207511020802810015
2015122207550170092110015
2015122207560006200210015
2015122207591130411510015
2015122208010920906210015
2015122208051050604410015
2015122208060910400410015
2015122208070960415110017
2015122208100910400410015
2015122208101150217810015
2015122208120931234310015
2015122208151151104210015
2015122208150920906210015
2015122208150950441410017
2015122208161090822010015
2015122208170950441410017
2015122208171150437310015
2015122208201070513510015
2015122208201070513510015
2015122208211070513510015
2015122208230930827810015
2015122208310931234310015
2015122208561130436210015
2015122208570006472710015
