2015111809070910501210017
2015111809141080406810015
2015111809181150117710015
2015111809310171521610015
2015111809321150437310015
2015111809330951163810015
2015111809390930727310015
2015111809400071201210015
2015111810111090822510015
2015111810300950441710015
2015111810310940134610015
2015111810351130436110015
2015111810400930827810015
2015111810480931234310015
2015111810510950441710015
2015111811070951163810015
2015111811141150437310015
2015111811190921006310015
2015111811281000700810017
2015111811340931234310015
2015111811350910400410015
2015111811360931029810015
2015111811371130411510015
2015111811380950140210015
2015111811460930827810015
2015111811470910501210017
2015111812250071201210015
2015111812460950441410017
2015111812481080406810015
2015111812501150217810015
2015111812541080106610015
2015111813040006472710015
2015111813090931029810015
2015111813100910400410015
2015111813100951163810015
2015111813110910501210017
2015111813171050604410015
2015111813210960353210017
2015111813240930727310015
2015111813270930727310015
2015111813310950140210015
2015111813320950441710015
2015111813460170092110015
2015111813460171019910015
2015111813470910400410015
2015111813520071201210015
2015111813550931029810015
2015111813560931234310015
2015111814011011001910015
2015111814130951163810015
2015111814231080406810015
2015111814230920603810017
2015111814371130436110015
2015111814471011001910015
2015111814480930727310015
2015111814510950441710015
2015111814520921006310015
2015111814541130411510015
2015111814570960353210017
2015111815041130436110015
2015111815060910400410015
2015111815150951163810015
2015111815320920906210015
2015111815490171019910015
2015111815511090822010015
2015111815540931029810015
2015111815570921006310015
2015111816040931029810015
2015111816240930827810015
2015111816320940134610015
2015111816360950441710015
2015111816440920906210015
2015111816500931029810015
2015111816510940134610015
2015111817001150217810015
2015111817060940134610015
2015111817060951163810015
2015111817100006200210015
2015111817110931029810015
2015111817170950140210015
2015111817170910501210017
2015111817200910400410015
2015111817210930727310015
2015111817230910400410015
2015111817240910400410015
2015111817250930727310015
2015111817251150760010015
2015111817280930827810015
2015111817280960315010015
2015111817351050604410015
2015111817391011001910015
2015111817410071201210015
2015111817460950441410017
2015111817570931234310015
2015111818021070513510015
2015111818121150437310015
2015111818150931234310015
2015111818160006200210015
2015111818200960353210017
2015111818210960353210017
2015111818460950441410017
2015111818500921006310015
2015111818561120132610015
2015111819001090822510015
2015111819091130411510015
2015111819351090822010015
2015111819381080106610015
2015111819450951163810015
2015111819471070513510015
2015111819530960415110017
2015111819540951163810015
2015111820100071201210015
2015111905550006472710015
2015111906310930727310015
2015111907040950441710015
2015111907260950140210015
2015111907281090822010015
2015111907300006472710015
2015111907371020802810015
2015111907490940134610015
2015111907491011001910015
2015111907490910400410015
2015111907500920906210015
2015111907510931029810015
2015111907541020802810015
2015111907560960315010015
2015111907581080406810015
2015111907581150117710015
2015111908000960415110017
2015111908000170092110015
2015111908060910400410015
2015111908060931234310015
2015111908060921006310015
2015111908081020802810015
2015111908081150760010015
2015111908100960353210017
2015111908131150437310015
2015111908130951163810015
2015111908130951163810015
2015111908170950644410015
2015111908181070513510015
2015111908200930827810015
2015111908210950441710015
2015111908221050604410015
2015111908251080106610015
2015111908251150217810015
2015111908270950441410017
2015111908290910501210017
2015111908300910501210017
2015111908320921006310015
2015111908320910400410015
2015111908410940134610015
2015111908410171019910015
2015111908580170092110015
