2015110609100920303110017
2015110609181130436210015
2015110609231080106610015
2015110609281080106610015
2015110609330071201210015
2015110609341090822010015
2015110609340006200210015
2015110609440971165510015
2015110609440006200210015
2015110610000930727310015
2015110610100171521610015
2015110610201130436210015
2015110610330071201210015
2015110610360931234310015
2015110610371150437310015
2015110610441130436110015
2015110610500171521610015
2015110611110910400410015
2015110611130960415110017
2015110611131080106610015
2015110611280971165510015
2015110611300950140210015
2015110611301130411510015
2015110611321130436210015
2015110611360951163810015
2015110611370921006310015
2015110611380930727310015
2015110611431130436210015
2015110611440006200210015
2015110611541150760010015
2015110611550930827810015
2015110612021000700810017
2015110612090931029810015
2015110612090950441410017
2015110612290006472710015
2015110612301150437310015
2015110612310920906210015
2015110612341150437310015
2015110612460910501210017
2015110612481011001910015
2015110612550931234310015
2015110612581080106610015
2015110613040951163810015
2015110613041080406810015
2015110613090910400410015
2015110613140171019910015
2015110613141130436110015
2015110613151130436210015
2015110613210960353210017
2015110613220006200210015
2015110613320921006310015
2015110613400171019910015
2015110613430071201210015
2015110613510170092110015
2015110613550960315010015
2015110613580930523310017
2015110614000006200210015
2015110614120951163810015
2015110614131080106610015
2015110614170920906210015
2015110614180006472710015
2015110614250950644410015
2015110614251040107210015
2015110614251011001910015
2015110614260071201210015
2015110614271130436210015
2015110614280920603810017
2015110614350950441410017
2015110614350930827810015
2015110614440071201210015
2015110614460171019910015
2015110614480930523310017
2015110614490071201210015
2015110614491130436110015
2015110614590971165510015
2015110615040960415110017
2015110615050930827810015
2015110615060950140210015
2015110615070931234310015
2015110615181130436210015
2015110615240910501210017
2015110615251070513510015
2015110615390951163810015
2015110615430071201210015
2015110615490071201210015
2015110615491130436210015
2015110615500960265010015
2015110615520920603810017
2015110616011090822010015
2015110616080071201210015
2015110616130930523310017
2015110616191120132610015
2015110616230971165510015
2015110616280171019910015
2015110616360920906210015
2015110616410910400410015
2015110616421090822010015
2015110616590910501210017
2015110617000071201210015
2015110617010910501210017
2015110617010930727310015
2015110617040930727310015
2015110617050921210410017
2015110617060910400410015
2015110617071130411510015
2015110617100960353210017
2015110617100951163810015
2015110617150931234310015
2015110617171150217810015
2015110617190071201210015
2015110617201011001910015
2015110617200960315010015
2015110617210951163810015
2015110617240920303110017
2015110617260071201210015
2015110617270920303110017
2015110617331011001910015
2015110617341080406810015
2015110617340950644410015
2015110617361150760010015
2015110617391080106610015
2015110617500921210410017
2015110617561150217810015
2015110618151000700810017
2015110618221020802810015
2015110618280960315010015
2015110618420006472710015
2015110619300930827810015
2015110619330960353210017
2015110619390930827810015
2015110619450931029810015
2015110619550921006310015
2015110619560931029810015
2015110619560951163810015
2015110619560960415110017
2015110620010960353210017
2015110620070950140210015
2015110620070950441710015
2015110620090920603810017
2015110620400950441410017
2015110620401070513510015
2015110707270006472710015
2015110708111050604410015
2015110708220960315010015
2015110709080931234310015
2015110709330006200210015
2015110709500006200210015
2015110711270960315010015
2015110713531050604410015
2015110715000931234310015
2015110905440006472710015
2015110906131120132610015
2015110906300930320310015
2015110906350930727310015
2015110906501150518310015
2015110907050950441710015
2015110907270950140210015
2015110907271090822010015
2015110907330071201210015
2015110907340920906210015
2015110907430071201210015
2015110907450940134610015
2015110907510931029810015
2015110907530071201210015
2015110907530960315010015
2015110908011080406810015
2015110908020170092110015
2015110908041000700810017
2015110908040950644410015
2015110908050950644410015
2015110908051150437310015
2015110908060920303110017
2015110908060921006310015
2015110908080950140210015
2015110908101130436210015
2015110908110931234310015
2015110908111150760010015
2015110908120910400410015
2015110908141020802810015
2015110908140950441410017
2015110908151000700810017
2015110908170930827810015
2015110908170960415110017
2015110908211080106610015
2015110908211150217810015
2015110908220910400410015
2015110908250960353210017
2015110908270071201210015
2015110908290951163810015
2015110908290910501210017
2015110908300960315010015
2015110908300950644410015
2015110908300950644410015
2015110908300960353210017
2015110908311020802810015
2015110908321070513510015
2015110908341050604410015
2015110908350950140210015
2015110908400071201210015
2015110908400921006310015
2015110908491000700810017
2015110908521130436210015
2015110908560171019910015
2015110908580921210410017
