2015122908590960415110017
2015122909010960415110017
2015122909031070513510015
2015122909090930727310015
2015122909090070513510015
2015122909240170092110015
2015122909251080106610015
2015122909380920906210015
2015122909500921006310015
2015122910100960353210017
2015122910331130436110015
2015122910350960353210017
2015122910470931029810015
2015122910511150437310015
2015122911081150518310015
2015122911131151004110015
2015122911360960415110017
2015122911371150437310015
2015122911390171521610015
2015122911420930727310015
2015122911421130436110015
2015122911430951163810015
2015122911530071201210015
2015122911550006200210015
2015122912071070513510015
2015122912111151004110015
2015122912291150760010015
2015122912410006200210015
2015122912421070513510015
2015122912500071201210015
2015122912510950644410015
2015122912520071201210015
2015122912580171521610015
2015122913010006472710015
2015122913121090822010015
2015122913140171521610015
2015122913260071201210015
2015122913291020802810015
2015122913321070513510015
2015122913450921210410017
2015122913470170092110015
2015122913560960415110017
2015122913560951163810015
2015122913580006200210015
2015122914070931234310015
2015122914131150518310015
2015122914170960353210017
2015122914230950140210015
2015122914230930523310017
2015122914240960353210017
2015122914340171019910015
2015122915100930727310015
2015122915111150760010015
2015122915180006200210015
2015122915260921210410017
2015122915280960353210017
2015122915341130436110015
2015122915380171019910015
2015122915460171019910015
2015122915530960353210017
2015122915581080106610015
2015122916040960353210017
2015122916161130436110015
2015122916190951163810015
2015122916281020802810015
2015122916371150437310015
2015122916460930523310017
2015122916470171019910015
2015122916490921006310015
2015122916501050604410015
2015122916560171019910015
2015122916571151004110015
2015122916580920906210015
2015122916590951163810015
2015122917000960415110017
2015122917040071201210015
2015122917140950644410015
2015122917150921006310015
2015122917180960353210017
2015122917220930727310015
2015122917301151104210015
2015122917310920906210015
2015122917320931234310015
2015122917390931029810015
2015122917401150518310015
2015122917441020802810015
2015122917460006200210015
2015122917510006200210015
2015122917530930827810015
2015122917581050604410015
2015122917591090822010015
2015122918011090822010015
2015122918081090822010015
2015122918110006200210015
2015122918130070513510015
2015122918180071201210015
2015122918250910400410015
2015122918300950441710015
2015122918431080106610015
2015122918510960415110017
2015122918511150760010017
2015122919041070513510015
2015122919051080406810015
2015122919350931029810015
2015122919411070513510015
2015122919441070513510015
2015122919460950441710015
2015122919460950140210015
2015122920031011001910015
2015122920061020802810015
2015122920071150217810015
2015122920070071201210015
2015123005460006472710015
2015123006170930727310015
2015123006450950441710015
2015123007201080406810015
2015123007251011001910015
2015123007271080406810015
2015123007280171521610015
2015123007300951163810015
2015123007401150117710015
2015123007490950140210015
2015123007510931029810015
2015123007531050604410015
2015123007541151004110015
2015123007571150760010015
2015123008010920906210015
2015123008020170092110015
2015123008030960415110017
2015123008030170092110015
2015123008040950644410015
2015123008051150437310015
2015123008080931234310015
2015123008091120132610015
2015123008091080106610015
2015123008110950644410015
2015123008110170092110015
2015123008151130436110015
2015123008171150518310015
2015123008171070513510015
2015123008170930827810015
2015123008180920906210015
2015123008180960353210017
2015123008231151104210015
2015123008241150217810015
2015123008310950140210015
2015123008370071201210015
2015123008380960415110017
2015123008430950441710015
2015123008470931234310015
2015123008551080106610015
2015123008550920906210015
