2015122309040071201210015
2015122309090071201210015
2015122309160910400410015
2015122309191011001910015
2015122309201011001910015
2015122309210170092110015
2015122309230920603810017
2015122309301130436210015
2015122310041130436210015
2015122310290910400410015
2015122310310921210410017
2015122310360071201210015
2015122310421130411510015
2015122311271070513510015
2015122311390006200210015
2015122311520950441410017
2015122311540171521610015
2015122312021070513510015
2015122312140931029810015
2015122312160071201210015
2015122312370950441710015
2015122312450950441710015
2015122312470950441410017
2015122312500950441710015
2015122312571151104210015
2015122313090910400410015
2015122313101020802810015
2015122313331130436210015
2015122313500921210410017
2015122313530171019910015
2015122313550071201210015
2015122314100921210410017
2015122314180170092110015
2015122314220950441410017
2015122314430171019910015
2015122314470171521610015
2015122315020931234310015
2015122315280171019910015
2015122315290931234310015
2015122315471150437310015
2015122315541150217810015
2015122316310171019910015
2015122316320950441710015
2015122316350170092110015
2015122316360960415110017
2015122316361151004110015
2015122316360950441710015
2015122316411150437310015
2015122316430920906210015
2015122316441050604410015
2015122316460071201210015
2015122316471090822010015
2015122316470070513510015
2015122316491130411510015
2015122316591011001910015
2015122316591120132610015
2015122317071020802810015
2015122317181130411510015
2015122317230920603810017
2015122317340930827810015
2015122317361150760010015
2015122317371050604410015
2015122317380960415110017
2015122317390171521610015
2015122317401151104210015
2015122317500931234310015
2015122317540920906210015
2015122318010930827810015
2015122318350070513510015
2015122318480950441410017
2015122318480950441410017
2015122319041011001910015
2015122319321150217810015
