2015113009090006200210015
2015113009120006200210015
2015113009261000700810017
2015113009300920603810017
2015113009311130411510015
2015113009360960415110017
2015113009491150518310015
2015113009580950644410015
2015113010370171019910015
2015113010421000700810017
2015113010421151060110015
2015113010480930827810015
2015113010540071201210015
2015113010590006472710015
2015113011000950140210015
2015113011061130436210015
2015113011090071201210015
2015113011110921006310015
2015113011220920603810017
2015113011270950441410017
2015113011291130436110015
2015113011500071201210015
2015113011530951163810015
2015113012070950644410015
2015113012250006472710015
2015113012280950644410015
2015113012291150760010015
2015113012341150437310015
2015113012371151060110015
2015113012411130436210015
2015113012430006200210015
2015113012440960315010015
2015113012450006200210015
2015113012460921006310015
2015113012501070513510015
2015113012530950644410015
2015113013060171019910015
2015113013140930827810015
2015113013190910400410015
2015113013220921210410017
2015113013221130436210015
2015113013231130411510015
2015113013321150437310015
2015113013330930523310017
2015113013340170092110015
2015113013370170092110015
2015113013421151060110015
2015113013450930523310017
2015113013490950140210015
2015113013500960315010015
2015113013551151004110015
2015113013550940134610015
2015113013571151104210015
2015113013581070513510015
2015113014100921006310015
2015113014251120710610015
2015113014260921006310015
2015113014300910400410015
2015113014311011001910015
2015113014321130436110015
2015113014370950441410017
2015113014390920906210015
2015113014411000700810017
2015113014460930523310017
2015113014570930727310015
2015113015001070513510015
2015113015000960150910015
2015113015010960150910015
2015113015011070513510015
2015113015020960150910015
2015113015070071201210015
2015113015221151104210015
2015113015241130411510015
2015113015260910501210017
2015113015380930523310017
2015113015470171019910015
2015113015510950644410015
2015113015531130436210015
2015113015560950140210015
2015113016120950644410015
2015113016131150518310015
2015113016151000700810017
2015113016210006472710015
2015113016300171019910015
2015113016340920906210015
2015113016350071201210015
2015113016460171019910015
2015113016481150437310015
2015113016500940134610015
2015113016520170092110015
2015113016530950441710015
2015113016531151004110015
2015113016580921006310015
2015113017010960315010015
2015113017010931029810015
2015113017010951163810015
2015113017010910400410015
2015113017010910501210017
2015113017030960415110017
2015113017040071201210015
2015113017081150760010015
2015113017091020802810015
2015113017190930727310015
2015113017241070513510015
2015113017301011001910015
2015113017330006472710015
2015113017341050604410015
2015113017370006472710015
2015113017390950644410015
2015113017460930827810015
2015113017520940134610015
2015113018070921006310015
2015113018160950441410017
2015113018190071201210015
2015113018221080106610015
2015113018241080406810015
2015113018521080406810015
2015113018521080406810015
2015113019040950441410017
2015113019210921210410017
2015113019300950140210015
2015113019530071201210015
2015113019561070513510015
2015113019571070513510015
2015113019571070513510015
2015113019571070513510015
2015113020031150217810015
2015113020031070513510015
2015113020081011001910015
2015113020080920603810017
2015120105560006472710015
2015120106030006472710015
2015120106190006472710015
2015120106300930727310015
2015120106321090822010015
2015120107000950441710015
2015120107190006472710015
2015120107290931029810015
2015120107300920906210015
2015120107310971165510015
2015120107330921006310015
2015120107421090822510015
2015120107441151004110015
2015120107500910501210017
2015120107510960315010015
2015120107540910501210017
2015120107590006200210015
2015120108040931234310015
2015120108050170092110015
2015120108061080406810015
2015120108101050604410015
2015120108101150760010015
2015120108121150437310015
2015120108140940134610015
2015120108140951163810015
2015120108150960353210017
2015120108160940134610015
2015120108170950644410015
2015120108170930827810015
2015120108171020802810015
2015120108170910400410015
2015120108180920603810017
2015120108190921006310015
2015120108201080106610015
2015120108231150217810015
2015120108251150437310015
2015120108270950441410017
2015120108291011001910015
2015120108301011001910015
2015120108301070513510015
2015120108331020802810015
2015120108500171019910015
2015120108551130436210015
