2015111309020910501210017
2015111309050071201210015
2015111309190071201210015
2015111309250006200210015
2015111309261000700810017
2015111309290921006310015
2015111309570940134610015
2015111309580950140210015
2015111310010071201210015
2015111310160171019910015
2015111310230921006310015
2015111310370951163810015
2015111310390921006310015
2015111310460910501210017
2015111310481050604410015
2015111311080006200210015
2015111311240960353210017
2015111311250940134610015
2015111311301000700810017
2015111311380951163810015
2015111311550971165510015
2015111312011050604410015
2015111312021960151210015
2015111312090971165510015
2015111312160930727310015
2015111312180930827810015
2015111312351130411510015
2015111312390171521610015
2015111312441050604410015
2015111312450920906210015
2015111312450960315010015
2015111312471120132610015
2015111312541070513510015
2015111313020940134610015
2015111313030171019910015
2015111313061090822010015
2015111313090006472710015
2015111313150960415110017
2015111313171150217810015
2015111313181070513510015
2015111313190910400410015
2015111313331150117710015
2015111313390171019910015
2015111313440921006310015
2015111313490170092110015
2015111313560170092110015
2015111314020006200210015
2015111314260960315010015
2015111314350950441410017
2015111314520940134610015
2015111314590910400410015
2015111315000971165510015
2015111315030951163810015
2015111315061150760010015
2015111315100920906210015
2015111315110921006310015
2015111315131000700810017
2015111315271150117710015
2015111315381050604410015
2015111315490910501210017
2015111315510071201210015
2015111315580971165510015
2015111316020071201210015
2015111316080071201210015
2015111316080171019910015
2015111316200171019910015
2015111316220071201210015
2015111316310951163810015
2015111316311090822010015
2015111316330910501210017
2015111316341011001910015
2015111316410940134610015
2015111316441011001910015
2015111316441011001910015
2015111316460920906210015
2015111316480921006310015
2015111316510920906210015
2015111316510930727310015
2015111317000950441410017
2015111317031080106610015
2015111317061080406810015
2015111317070960353210017
2015111317120910400410015
2015111317130171521610015
2015111317230951163810015
2015111317240071201210015
2015111317240171521610015
2015111317281000700810017
2015111317340921006310015
2015111317391150217810015
2015111317401080106610015
2015111317421150437310015
2015111318021150217810015
2015111318031150437310015
2015111318180171521610015
2015111318201000700810017
2015111318501000700810017
2015111319030171521610015
2015111319170950441710015
2015111319211070513510015
2015111319330960315010015
2015111319331150760010015
2015111319341020802810015
2015111319440930827810015
2015111319440950644410015
2015111319591080106610015
2015111320050920603810017
2015111320050950441710015
2015111320060950140210015
2015111320070951163810015
2015111320080960415110017
2015111320100071201210015
2015111320200950441410017
2015111320240070513510015
2015111320241070513510015
2015111320241070513510015
2015111320241070513510015
2015111320251070513510015
2015111320260960353210017
2015111321161080106610015
2015111322561130436110015
2015111407410006472710015
2015111408150950441710015
2015111408530960315010015
2015111408540950140210015
2015111409260950441410017
2015111412460960315010015
2015111414290950441710015
2015111414300950140210015
2015111414300950441710015
2015111415470171521610015
2015111417140950441410017
2015111605510006472710015
2015111606160006472710015
2015111606180930320310015
2015111606301011001910015
2015111606421080106610015
2015111606510930727310015
2015111606550006472710015
2015111607240950441710015
2015111607291090822010015
2015111607300921006310015
2015111607310950140210015
2015111607430931029810015
2015111607460940134610015
2015111607460960315010015
2015111607470940134610015
2015111607540950441710015
2015111608021150760010015
2015111608031050604410015
2015111608030960353210017
2015111608061080406810015
2015111608090950644410015
2015111608101050604410015
2015111608131150217810015
2015111608140921210410017
2015111608140931234310015
2015111608150950441410017
2015111608150930827810015
2015111608160950441410017
2015111608180940134610015
2015111608240920906210015
2015111608241020802810015
2015111608251090822010015
2015111608281000700810017
2015111608290951163810015
2015111608300910501210017
2015111608310070513510015
2015111608310910501210017
2015111608310960415110017
2015111608311150437310015
2015111608320930523310017
2015111608330171521610015
2015111608340171521610015
2015111608381130411510015
2015111608421020802810015
2015111608450171521610015
2015111608470910400410015
2015111608490910400410015
2015111608490170092110015
2015111608521020802810015
2015111608531130436110015
2015111608541150117710015
2015111608560171019910015
