2015120309070071201210015
2015120309360950441410017
2015120310070931029810015
2015120310130960315010015
2015120310160930727310015
2015120310450006200210015
2015120311010910400410015
2015120311280960315010015
2015120311341150760010015
2015120312011151004110015
2015120312080950441410017
2015120312081090822010015
2015120312260940134610015
2015120312451011001910015
2015120312461151104210015
2015120312570006200210015
2015120313040931029810015
2015120313080170092110015
2015120313090006200210015
2015120313250951163810015
2015120313330006472710015
2015120313361120132610015
2015120313440006200210015
2015120313560171019910015
2015120314030950644410015
2015120314060006200210015
2015120314350950441410017
2015120314491151104210015
2015120314561150437310015
2015120314590930727310015
2015120315010921210410017
2015120315471020802810015
2015120315511150437310015
2015120315510921210410017
2015120316020171019910015
2015120316030921006310015
2015120316240910400410015
2015120316240951163810015
2015120316261020802810015
2015120316300930827810015
2015120316311151004110015
2015120316350921006310015
2015120316360931234310015
2015120316370920906210015
2015120316471111131610015
2015120316511151004110015
2015120316510170092110015
2015120316540960353210017
2015120317110930727310015
2015120317120960315010015
2015120317121050604410015
2015120317190960315010015
2015120317200921006310015
2015120317261080406810015
2015120317270910400410015
2015120317281150760010015
2015120317331151104210015
2015120317330960415110017
2015120317351150760010015
2015120317370951163810015
2015120317381150217810015
2015120317380910501210017
2015120317430940134610015
2015120317450940134610015
2015120317451020802810015
2015120318051070513510015
2015120318050960415110017
2015120318300950441710015
2015120318341011001910015
2015120318370950140210015
2015120318390930827810015
2015120318561090822010015
2015120318590071201210015
2015120319020950644410015
2015120319040921006310015
2015120319040930827810015
2015120319091070513510015
2015120319271120132610015
2015120319290931029810015
2015120319320931029810015
2015120319430071201210015
2015120320011011001910015
2015120320020931234310015
2015120320030071201210015
2015120320391070513510015
2015120320401070513510015
2015120320560950441410017
2015120320561070513510015
2015120320561070513510015
2015120323161090822010015
2015120406160930727310015
2015120406351120132610015
2015120406440950441710015
2015120406571090822010015
2015120407200950140210015
2015120407340921006310015
2015120407341090822510015
2015120407350931029810015
2015120407401011001910015
2015120407421150518310015
2015120407431150117710015
2015120407440960315010015
2015120407441151004110015
2015120407480071201210015
2015120407481150760010015
2015120407490071201210015
2015120407510960353210017
2015120407541130411510015
2015120407540960415110017
2015120407580920906210015
2015120408001080406810015
2015120408040951163810015
2015120408040170092110015
2015120408060950644410015
2015120408071020802810015
2015120408121080106610015
2015120408120931234310015
2015120408130960353210017
2015120408141150437310015
2015120408151151104210015
2015120408151050604410015
2015120408170940134610015
2015120408170910400410015
2015120408171050604410015
2015120408230930523310017
2015120408230971165510015
2015120408251020802810015
2015120408250071201210015
2015120408260930827810015
2015120408260006472710015
2015120408260910501210017
2015120408271150217810015
2015120408311070513510015
2015120408310950441410017
2015120408460071201210015
2015120408541090822510015
