2015112609050921210410017
2015112609131080106610015
2015112609150940134610015
2015112609280931234310015
2015112610170170092110015
2015112610211130411510015
2015112610401150437310015
2015112610500930523310017
2015112610520950441410017
2015112611030960353210017
2015112611131130411510015
2015112611311020802810015
2015112611381150437310015
2015112611390910400410015
2015112611450931234310015
2015112611470940134610015
2015112611551130436210015
2015112612121070513510015
2015112612401150437310015
2015112612431130436210015
2015112612451050604410015
2015112612570171521610015
2015112613031150117710015
2015112613080921006310015
2015112613090006200210015
2015112613130171019910015
2015112613300960353210017
2015112613361011001910015
2015112613421000700810017
2015112613440170092110015
2015112613490071201210015
2015112613520960415110017
2015112613551130411510015
2015112613591020802810015
2015112614001050604410015
2015112614141050604410015
2015112614171080106610015
2015112614170951163810015
2015112614231080106610015
2015112614280171019910015
2015112614340930523310017
2015112614440071201210015
2015112614521070513510015
2015112614550960415110017
2015112615020071201210015
2015112615150940134610015
2015112615290930523310017
2015112615481150117710015
2015112615540071201210015
2015112616010960353210017
2015112616061080106610015
2015112616071150437310015
2015112616260006472710015
2015112616320920906210015
2015112616320921006310015
2015112616340921210410017
2015112616370170092110015
2015112616410930523310017
2015112616470940134610015
2015112616500960353210017
2015112616521080406810015
2015112616531130436210015
2015112616531150518310015
2015112617010910400410015
2015112617040931234310015
2015112617081011001910015
2015112617081150760010015
2015112617090951163810015
2015112617100950441410017
2015112617150960353210017
2015112617200931029810015
2015112617220960353210017
2015112617241011001910015
2015112617250930727310015
2015112617291050604410015
2015112617310950140210015
2015112617320071201210015
2015112617400930827810015
2015112617480950644410015
2015112617590960415110017
2015112618120930827810015
2015112618121130411510015
2015112618210931234310015
2015112618251150117710015
2015112618281150217810015
2015112618411080106610015
2015112619030950441710015
2015112619100950140210015
2015112619201080406810015
2015112619201080406810015
2015112619210921006310015
2015112619241000700810017
2015112619240920603810017
2015112619291070513510015
2015112619560920603810017
2015112620001011001910015
2015112620011020802810015
2015112620010950441410017
2015112620031070513510015
2015112620051070513510015
2015112620060950441410017
2015112620060006472710015
2015112705590171521610015
2015112706530950441710015
2015112706570950441710015
2015112707221090822510015
2015112707251090822010015
2015112707260971165510015
2015112707260920906210015
2015112707270171521610015
2015112707300950140210015
2015112707361090822010015
2015112707400071201210015
2015112707421011001910015
2015112707450950140210015
2015112707490921006310015
2015112707510940134610015
2015112707571150760010015
2015112708000920603810017
2015112708030940134610015
2015112708031080406810015
2015112708040960353210017
2015112708040950140210015
2015112708070950644410015
2015112708091090822010015
2015112708140960315010015
2015112708170930523310017
2015112708181090822010015
2015112708181150437310015
2015112708190910400410015
2015112708211080106610015
2015112708220910501210017
2015112708220931029810015
2015112708221050604410015
2015112708240951163810015
2015112708240960415110017
2015112708251150217810015
2015112708271070513510015
2015112708271070513510015
2015112708280931029810015
2015112708290931029810015
2015112708300071201210015
2015112708320940134610015
2015112708361020802810015
2015112708370960315010015
2015112708370950644410015
2015112708381150760010015
2015112708520930523310017
