2015112709011130436210015
2015112709011000700810017
2015112709080940134610015
2015112709090921006310015
2015112709091080106610015
2015112709170960265010015
2015112709170930523310017
2015112709360171521610015
2015112709401130436210015
2015112709400921006310015
2015112710010071201210015
2015112710010171019910015
2015112710020171019910015
2015112710120930523310017
2015112710261090822010015
2015112710320951163810015
2015112710330950644410015
2015112710420171019910015
2015112710450950644410015
2015112710530930523310017
2015112711061150518310015
2015112711151090822510015
2015112711170931029810015
2015112711210930523310017
2015112711271020802810015
2015112711350921006310015
2015112711381080106610015
2015112711410006200210015
2015112711430960315010015
2015112711441150437310015
2015112711440940134610015
2015112711451070513510015
2015112711470960265010015
2015112712041150518310015
2015112712191130411510015
2015112712230006472710015
2015112712290960353210017
2015112712401150437310015
2015112712421000700810017
2015112712440960353210017
2015112712481130436210015
2015112712500171019910015
2015112712520070513510015
2015112712551040107210015
2015112712590960265010015
2015112713081130436210015
2015112713130921006310015
2015112713240006200210015
2015112713300971165510015
2015112713310950140210015
2015112713341150518310015
2015112713340006200210015
2015112713400950644410015
2015112713510940134610015
2015112713530006472710015
2015112714021000700810017
2015112714050006200210015
2015112714170170092110015
2015112714200071201210015
2015112714370171019910015
2015112714380951163810015
2015112714400921210410017
2015112714581011001910015
2015112715010940134610015
2015112715040931029810015
2015112715051000700810017
2015112715050971165510015
2015112715080071201210015
2015112715150921006310015
2015112715211130436210015
2015112715250006472710015
2015112715380951163810015
2015112715390950441710015
2015112715411150437310015
2015112715480951163810015
2015112715501080106610015
2015112716010921006310015
2015112716040960315010015
2015112716070950441710015
2015112716081130411510015
2015112716190071201210015
2015112716310950140210015
2015112716321090822010015
2015112716390950644410015
2015112716431150217810015
2015112716460920906210015
2015112716470950441710015
2015112716520960415110017
2015112716520950140210015
2015112716571000700810017
2015112717000071201210015
2015112717051070513510015
2015112717091150437310015
2015112717100950140210015
2015112717120940134610015
2015112717160960415110017
2015112717171000700810017
2015112717181020802810015
2015112717190920603810017
2015112717230960353210017
2015112717270910400410015
2015112717320951163810015
2015112717361080406810015
2015112717390006472710015
2015112717390931029810015
2015112717440070513510015
2015112717460071201210015
2015112717541050604410015
2015112717580951163810015
2015112718070921006310015
2015112718081150760010015
2015112718210910501210017
2015112718221150217810015
2015112718260910501210017
2015112718320960315010015
2015112718351011001910015
2015112718360921006310015
2015112718381090822510015
2015112718390950644410015
2015112718430920603810017
2015112718451090822510015
2015112718491000700810017
2015112718521080406810015
2015112718551000700810017
2015112718560006472710015
2015112719001080106610015
2015112719090950441710015
2015112719090950140210015
2015112719110920603810017
2015112719111020802810015
2015112719150960315010015
2015112719530960415110017
2015112719530951163810015
2015112719550071201210015
2015112720021011001910015
2015112807260006200210015
2015112808090006200210015
2015112808480006200210015
2015112809490931029810015
2015112813291000700810017
2015112813360931029810015
2015112814010910501210017
2015113005500006472710015
2015113006460930727310015
2015113006480006200210015
2015113006490930727310015
2015113007180950441710015
2015113007190920202810015
2015113007230950140210015
2015113007261080406810015
2015113007280920906210015
2015113007311120710610015
2015113007410006200210015
2015113007470940134610015
2015113007490960315010015
2015113007520910400410015
2015113007520930523310017
2015113007531120710610015
2015113007550910501210017
2015113007560006200210015
2015113007570931029810015
2015113007590930523310017
2015113008011090822510015
2015113008010951163810015
2015113008031011001910015
2015113008051150760010015
2015113008081020802810015
2015113008160950644410015
2015113008170921006310015
2015113008190920906210015
2015113008191080106610015
2015113008210930827810015
2015113008231000700810017
2015113008231150217810015
2015113008240940134610015
2015113008251050604410015
2015113008270921006310015
2015113008291080106610015
2015113008290950441410017
2015113008300930523310017
2015113008310071201210015
2015113008321070513510015
2015113008490930523310017
2015113008501020802810015
2015113008531130436210015
