2015111909121050604410015
2015111909261130436110015
2015111909281150117710015
2015111909370921006310015
2015111909540950140210015
2015111910010170092110015
2015111910081150117710015
2015111910170921006310015
2015111910220930727310015
2015111910260910400410015
2015111910281150437310015
2015111910280931029810015
2015111910290960353210017
2015111910361150518310015
2015111910421090822010015
2015111910550950140210015
2015111911210951163810015
2015111911250930727310015
2015111911270930827810015
2015111911381150217810015
2015111911480950441410017
2015111912000171521610015
2015111912021070513510015
2015111912090171019910015
2015111912121150117710015
2015111912290910501210017
2015111912451070513510015
2015111912520171019910015
2015111913031011001910015
2015111913050931029810015
2015111913080006472710015
2015111913180951163810015
2015111913291150117710015
2015111913500071201210015
2015111913541150117710015
2015111914170960315010015
2015111914220931234310015
2015111914321050604410015
2015111914491150518310015
2015111914591020802810015
2015111915020931029810015
2015111915110170092110015
2015111915270931234310015
2015111915330931234310015
2015111915430071201210015
2015111915510071201210015
2015111915570960315010015
2015111916040171019910015
2015111916061080406810015
2015111916091011001910015
2015111916100071201210015
2015111916130171019910015
2015111916260950644410015
2015111916390950441710015
2015111916401020802810015
2015111916401020802810015
2015111916401020802810015
2015111916430910400410015
2015111916540920906210015
2015111916540171521610015
2015111916551011001910015
2015111916560931234310015
2015111917010960315010015
2015111917060940134610015
2015111917070931234310015
2015111917100960353210017
2015111917110920906210015
2015111917111080406810015
2015111917121130436110015
2015111917140930827810015
2015111917170910501210017
2015111917210950644410015
2015111917211150760010015
2015111917210951163810015
2015111917231150437310015
2015111917240930827810015
2015111917300910501210017
2015111917320930727310015
2015111917341000700810017
2015111917380930727310015
2015111917401050604410015
2015111917411150518310015
2015111917480931234310015
2015111917511070513510015
2015111917521070513510015
2015111917520910400410015
2015111917561150217810015
2015111917571070513510015
2015111918131000700810017
2015111918141070513510015
2015111918141070513510015
2015111918171070513510015
2015111918171070513510015
2015111918180931234310015
2015111918251090822010015
2015111918321150437310015
2015111918591080106610015
2015111919060171521610015
2015111919070931029810015
2015111919070960415110017
2015111919250921006310015
2015111920030071201210015
2015111920050950441410017
2015111920221130436110015
2015112005510006472710015
2015112006020006472710015
2015112006281090822010015
2015112006351020802810015
2015112006400930727310015
2015112006560950441710015
2015112007220920906210015
2015112007320950140210015
2015112007321011001910015
2015112007331011001910015
2015112007470910400410015
2015112007480960315010015
2015112007490960315010015
2015112007500921006310015
2015112007530940134610015
2015112007581150217810015
2015112007591150760010015
2015112008000960353210017
2015112008001150117710015
2015112008031080406810015
2015112008050170092110015
2015112008090960415110017
2015112008110951163810015
2015112008121090822510015
2015112008130950644410015
2015112008130931234310015
2015112008171150437310015
2015112008200960353210017
2015112008210950441410017
2015112008231070513510015
2015112008230930827810015
2015112008231070513510015
2015112008271000700810017
2015112008330940134610015
2015112008370951163810015
2015112008380910501210017
2015112008410071201210015
2015112008421011001910015
2015112008440951163810015
2015112008450910400410015
2015112008450170092110015
2015112008481050604410015
2015112008520950644410015
2015112008530930827810015
2015112008570170092110015
