2015110309070960353210017
2015110309100930320310015
2015110309160951163810015
2015110309171080106610015
2015110309200950441410017
2015110309220071201210015
2015110309340921006310015
2015110309420910400410015
2015110309420910400410015
2015110309560921006310015
2015110310150171019910015
2015110310191020802810015
2015110310290960353210017
2015110310390910400410015
2015110310401150437310015
2015110310590931029810015
2015110311001080106610015
2015110311170971165510015
2015110311180951163810015
2015110311180930727310015
2015110311180930727310015
2015110311190930727310015
2015110311230930827810015
2015110311230930827810015
2015110311410960315010015
2015110311431130411510015
2015110311510921006310015
2015110312081070513510015
2015110312131130436210015
2015110312241000700810017
2015110312250950644410015
2015110312261020802810015
2015110312270930320310015
2015110312360971165510015
2015110312401130411510015
2015110312431070513510015
2015110312451150437310015
2015110312571130411510015
2015110312590910501210017
2015110313030950441410017
2015110313030950441410017
2015110313110930827810015
2015110313190951163810015
2015110313201020802810015
2015110313201020802810015
2015110313210931234310015
2015110313270071201210015
2015110313311130436210015
2015110313440921006310015
2015110313520971165510015
2015110313581090822010015
2015110313591150760010015
2015110314010931029810015
2015110314030171521610015
2015110314050930727310015
2015110314051150437310015
2015110314120960353210017
2015110314211130411510015
2015110314210071201210015
2015110314370950441410017
2015110315031130436210015
2015110315381130436210015
2015110315391120132610015
2015110315441130436110015
2015110315440931029810015
2015110315521080106610015
2015110315521080106610015
2015110315540071201210015
2015110316101080406810015
2015110316110951163810015
2015110316211130436210015
2015110316380171019910015
2015110316400951163810015
2015110316450960353210017
2015110316490971165510015
2015110316530931234310015
2015110316561000700810017
2015110316560171521610015
2015110317040171019910015
2015110317060951163810015
2015110317131080406810015
2015110317150071201210015
2015110317211000700810017
2015110317220960353210017
2015110317250171521610015
2015110317290930727310015
2015110317331130436210015
2015110317340950644410015
2015110317340910400410015
2015110317350950644410015
2015110317381011001910015
2015110317410910501210017
2015110317460920906210015
2015110317510940134610015
2015110317531011001910015
2015110317550951163810015
2015110317580960315010015
2015110317580960315010015
2015110318001150760010015
2015110318021150437310015
2015110318030930827810015
2015110318060950140210015
2015110318131000700810017
2015110318140931234310015
2015110318141130436110015
2015110318240960353210017
2015110318241150760010015
2015110318331130436110015
2015110318351080106610015
2015110318350950441710015
2015110318391130436210015
2015110318391130436210015
2015110318400960315010015
2015110318401020802810015
2015110318551120132610015
2015110319031080106610015
2015110319071070513510015
2015110319070931234310015
2015110319080921006310015
2015110319161070513510015
2015110319300950140210015
2015110319320950441410017
2015110319410931029810015
2015110319420171521610015
2015110319451150217810015
2015110319520071201210015
2015110319540920603810017
2015110320050171521610015
2015110320211130436110015
2015110320311070513510015
2015110322561090822010015
2015110406000006200210015
2015110406231120132610015
2015110406450950441710015
2015110407220931029810015
2015110407290950140210015
2015110407360940134610015
2015110407390920906210015
2015110407450931029810015
2015110407471130411510015
2015110407490960415110017
2015110407491080406810015
2015110407510960315010015
2015110407520960415110017
2015110408000910400410015
2015110408101150760010015
2015110408121090822010015
2015110408130950644410015
2015110408130960353210017
2015110408141090822010015
2015110408150931234310015
2015110408170910400410015
2015110408180951163810015
2015110408190950644410015
2015110408221000700810017
2015110408221020802810015
2015110408231150217810015
2015110408281070513510015
2015110408301080106610015
2015110408300930827810015
2015110408350950441710015
2015110408351020802810015
2015110408361130436110015
2015110408410071201210015
2015110408420910501210017
2015110408440170092110015
2015110408470006200210015
2015110408471011001910015
2015110408521000700810017
2015110408540940134610015
