2015122208590931029810015
2015122209140931029810015
2015122209251150117710015
2015122209301130411510015
2015122209320171019910015
2015122209341130436210015
2015122209351130436110015
2015122209360071201210015
2015122209440071201210015
2015122209500910400410015
2015122210000931234310015
2015122210111130411510015
2015122210180920603810017
2015122210191130436210015
2015122210360171019910015
2015122210480071201210015
2015122210581130436210015
2015122211071150437310015
2015122211121020802810015
2015122211170006472710015
2015122211220931029810015
2015122211241130411510015
2015122211261130436110015
2015122211280931234310015
2015122211481130411510015
2015122211491130436110015
2015122211591130436210015
2015122212210920603810017
2015122212281020802810015
2015122212281150437310015
2015122212331130436210015
2015122212420071201210015
2015122212481150117710015
2015122213080950441410017
2015122213101070513510015
2015122213131011001910015
2015122213171130436210015
2015122213191130411510015
2015122213260006200210015
2015122213421151004110015
2015122213581130436210015
2015122214151150437310015
2015122214171150437310015
2015122214231130436210015
2015122214260950441410017
2015122214270950441710015
2015122214391080406810015
2015122214441150117710015
2015122214511130411510015
2015122214530910400410015
2015122214540930827810015
2015122214571011001910015
2015122215091151060110015
2015122215180171019910015
2015122215190931234310015
2015122215331130411510015
2015122215351130436210015
2015122215400931029810015
2015122215431120132610015
2015122216041150437310015
2015122216471150117710015
2015122216511020802810015
2015122216561120132610015
2015122217000950441410017
2015122217061130436210015
2015122217130910400410015
2015122217140931029810015
2015122217161050604410015
2015122217180910400410015
2015122217190920906210015
2015122217221011001910015
2015122217341151104210015
2015122217380931234310015
2015122217401070513510015
2015122217401070513510015
2015122217421070513510015
2015122217431070513510015
2015122217461070513510015
2015122217501130411510015
2015122217501150760010015
2015122217510931029810015
2015122217510960415110017
2015122217561090822010015
2015122218151151004110015
2015122218160171521610015
2015122218221020802810015
2015122218231080406810015
2015122218301151004110015
2015122218300950441710015
2015122218341011001910015
2015122218400930827810015
2015122218450920603810017
2015122219080171521610015
2015122219170950441410017
2015122219400071201210015
2015122220041090822010015
2015122220091011001910015
2015122220331150217810015
2015122305460006472710015
2015122306191120132610015
2015122306290950441710015
2015122307001090822010015
2015122307210006200210015
2015122307231011001910015
2015122307271151004110015
2015122307340931029810015
2015122307421020802810015
2015122307561150760010015
2015122307570931029810015
2015122308070910400410015
2015122308090920906210015
2015122308091011001910015
2015122308100071201210015
2015122308111151104210015
2015122308121130411510015
2015122308121050604410015
2015122308141050604410015
2015122308190931234310015
2015122308191150217810015
2015122308190930827810015
2015122308210950441410017
2015122308221070513510015
2015122308230910400410015
2015122308250071201210015
2015122308281150437310015
2015122308280960415110017
2015122308320171019910015
2015122308351130436210015
2015122308510931029810015
2015122308530071201210015
