2015111009010071201210015
2015111009210006200210015
2015111009241150518310015
2015111009380910400410015
2015111009460071201210015
2015111009500950644410015
2015111009580921006310015
2015111010120171019910015
2015111010280960353210017
2015111011060171019910015
2015111011060071201210015
2015111011221130411510015
2015111011311150518310015
2015111011431130411510015
2015111011480960353210017
2015111011580171521610015
2015111012000071201210015
2015111012180950140210015
2015111012420920603810017
2015111012461070513510015
2015111012551080106610015
2015111012590006472710015
2015111013020960315010015
2015111013050910501210017
2015111013080950441410017
2015111013140920906210015
2015111013151130411510015
2015111013190910400410015
2015111013260071201210015
2015111013321150518310015
2015111013351080406810015
2015111013361000700810017
2015111013370950140210015
2015111013490171019910015
2015111013510930727310015
2015111013510931234310015
2015111013530170092110015
2015111013541070513510015
2015111013570006200210015
2015111014060930727310015
2015111014101150760010015
2015111014140960415110017
2015111014140951163810015
2015111014140910400410015
2015111014150071201210015
2015111014180071201210015
2015111014370921006310015
2015111014551090822010015
2015111015050920906210015
2015111015091000700810017
2015111015181150437310015
2015111015231011001910015
2015111015290921006310015
2015111015311150437310015
2015111015330171019910015
2015111015351120132610015
2015111015390950644410015
2015111015411080106610015
2015111016011050604410015
2015111016111130436210015
2015111016120951163810015
2015111016150171019910015
2015111016170921006310015
2015111016251150117710015
2015111016320951163810015
2015111016331130436210015
2015111016360960315010015
2015111016381090822010015
2015111016460920906210015
2015111016560931234310015
2015111017120930727310015
2015111017131000700810017
2015111017170940134610015
2015111017200930727310015
2015111017210910501210017
2015111017230951163810015
2015111017230950441710015
2015111017250920603810017
2015111017260960315010015
2015111017300171521610015
2015111017391130411510015
2015111017390910400410015
2015111017411020802810015
2015111017411150760010015
2015111017410960315010015
2015111017410960415110017
2015111017411080406810015
2015111017411050604410015
2015111017420920603810017
2015111017421011001910015
2015111017420950140210015
2015111017421150217810015
2015111017420950441710015
2015111017431080106610015
2015111017461130436210015
2015111017530960353210017
2015111018060951163810015
2015111018061000700810017
2015111018100071201210015
2015111018261130436110015
2015111018310950644410015
2015111018330950644410015
2015111018331070513510015
2015111018420940134610015
2015111018420930827810015
2015111019051070513510015
2015111020050950441410017
2015111020050921006310015
2015111020150960353210017
2015111021261080106610015
2015111021331080106610015
2015111106120006200210015
2015111106240930727310015
2015111106330950441710015
2015111106371120132610015
2015111107100006472710015
2015111107230950140210015
2015111107291090822010015
2015111107301090822010015
2015111107320940134610015
2015111107401150117710015
2015111107480071201210015
2015111107491011001910015
2015111107531150117710015
2015111108000006200210015
2015111108010930523310017
2015111108020960315010015
2015111108041080406810015
2015111108050910400410015
2015111108060960353210017
2015111108070910501210017
2015111108090960415110017
2015111108100931029810015
2015111108111130436210015
2015111108120931234310015
2015111108131090822010015
2015111108141150760010015
2015111108151020802810015
2015111108150920603810017
2015111108171080406810015
2015111108170950644410015
2015111108170930827810015
2015111108180950644410015
2015111108221000700810017
2015111108220070513510015
2015111108221070513510015
2015111108241080106610015
2015111108250910400410015
2015111108250931234310015
2015111108271150217810015
2015111108271050604410015
2015111108300950441410017
2015111108341000700810017
2015111108350960315010015
2015111108380931029810015
2015111108410930523310017
2015111108480170092110015
2015111108540071201210015
