2015111708581130411510015
2015111709030071201210015
2015111709161120132610015
2015111709230071201210015
2015111709301080106610015
2015111709330951163810015
2015111709430910400410015
2015111709550920906210015
2015111710050171019910015
2015111710120950644410015
2015111710170170092110015
2015111710350171019910015
2015111710380960353210017
2015111710390910400410015
2015111711040910400410015
2015111711061000700810017
2015111711070071201210015
2015111711120930727310015
2015111711260951163810015
2015111711310950441410017
2015111711420931234310015
2015111711441080106610015
2015111711440930827810015
2015111711480921210410017
2015111711540950644410015
2015111712101150437310015
2015111712111020802810015
2015111712130950441710015
2015111712190910501210017
2015111712361090822510015
2015111712370071201210015
2015111712380071201210015
2015111712391150760010015
2015111712390071201210015
2015111712410071201210015
2015111712470950140210015
2015111712511080106610015
2015111712550920906210015
2015111712560171521610015
2015111712580910501210017
2015111712590950441410017
2015111713030930523310017
2015111713160950140210015
2015111713191040107210015
2015111713230171019910015
2015111713230171019910015
2015111713230171019910015
2015111713290006472710015
2015111713300930727310015
2015111713330931234310015
2015111713351080106610015
2015111713371000700810017
2015111713380006472710015
2015111713480921006310015
2015111713490960353210017
2015111714030930523310017
2015111714070006200210015
2015111714171090822010015
2015111714241080406810015
2015111714291150117710015
2015111714350921006310015
2015111714460930727310015
2015111714530951163810015
2015111714530950644410015
2015111715001000700810017
2015111715211150117710015
2015111715251090822010015
2015111715280071201210015
2015111715300950441710015
2015111715350940134610015
2015111715370951163810015
2015111715420940134610015
2015111716080951163810015
2015111716150930523310017
2015111716361080106610015
2015111716410950441710015
2015111716450931234310015
2015111716470170092110015
2015111716470951163810015
2015111716470921006310015
2015111716550931029810015
2015111716570930320310015
2015111717010930523310017
2015111717040920906210015
2015111717051090822010015
2015111717071011001910015
2015111717101011001910015
2015111717120910400410015
2015111717150910400410015
2015111717151090822010015
2015111717160940134610015
2015111717160921006310015
2015111717160950644410015
2015111717170006200210015
2015111717171080406810015
2015111717180930320310015
2015111717190071201210015
2015111717200930827810015
2015111717210960315010015
2015111717220930727310015
2015111717230071201210015
2015111717230910501210017
2015111717261150117710015
2015111717300910501210017
2015111717451050604410015
2015111717460920603810017
2015111717491120132610015
2015111717500951163810015
2015111717520960353210017
2015111717541150437310015
2015111717560960265010015
2015111718011150217810015
2015111718011120132610015
2015111718021000700810017
2015111718020921006310015
2015111718060930523310017
2015111718100931234310015
2015111718110931029810015
2015111718120006200210015
2015111718310931029810015
2015111718331020802810015
2015111718350960415110017
2015111718360960415110017
2015111718380950140210015
2015111719040950441410017
2015111719081150760010015
2015111719190006200210015
2015111719380071201210015
2015111719510960353210017
2015111720091070513510015
2015111720110920603810017
2015111720421080106610015
2015111720451070513510015
2015111720471070513510015
2015111720471070513510015
2015111720491070513510015
2015111720490070513510015
2015111720491070513510015
2015111720541070513510015
2015111805550006472710015
2015111806070171521610015
2015111806160006472710015
2015111806231120132610015
2015111806330930727310015
2015111806490950441710015
2015111807250950140210015
2015111807271090822010015
2015111807360940134610015
2015111807390921006310015
2015111807430920906210015
2015111807441150217810015
2015111807541090822510015
2015111807570931029810015
2015111807570931029810015
2015111807580921006310015
2015111808010960415110017
2015111808020910501210017
2015111808030960353210017
2015111808040960415110017
2015111808051080406810015
2015111808050931234310015
2015111808081150760010015
2015111808090960315010015
2015111808170910400410015
2015111808190930827810015
2015111808210950441410017
2015111808221011001910015
2015111808231050604410015
2015111808241070513510015
2015111808251070513510015
2015111808250951163810015
2015111808261120132610015
2015111808270960353210017
2015111808281080106610015
2015111808280910400410015
2015111808290071201210015
2015111808291000700810017
2015111808300960415110017
2015111808310920603810017
2015111808361090822010015
2015111808551130411510015
