2015120208591130436210015
2015120209001080106610015
2015120209050171019910015
2015120209050006200210015
2015120209211080106610015
2015120209220071201210015
2015120209330171019910015
2015120209380971165510015
2015120209411050604410015
2015120210000950441710015
2015120210030006200210015
2015120210041150437310015
2015120210061150437310015
2015120210120921210410017
2015120210181150518310015
2015120210250951163810015
2015120210410071201210015
2015120210480931234310015
2015120210510930727310015
2015120210531130436210015
2015120210560950644410015
2015120211070971165510015
2015120211091150437310015
2015120211110950441710015
2015120211151130411510015
2015120211180951163810015
2015120211341130436110015
2015120211440071201210015
2015120211491130436210015
2015120211510960353210017
2015120211580171521610015
2015120212021040107210015
2015120212101070513510015
2015120212150920603810017
2015120212440171521610015
2015120212460960315010015
2015120212471150217810015
2015120212520910400410015
2015120212520950644410015
2015120212561070513510015
2015120213021090822010015
2015120213050006472710015
2015120213070960415110017
2015120213090931234310015
2015120213101150437310015
2015120213110951163810015
2015120213131130436210015
2015120213170930827810015
2015120213181130411510015
2015120213241130436110015
2015120213340171019910015
2015120213370950441710015
2015120213380910400410015
2015120213411130436210015
2015120213450071201210015
2015120213460071201210015
2015120213490951163810015
2015120213490971165510015
2015120213520930727310015
2015120213540170092110015
2015120214030171521610015
2015120214120931234310015
2015120214231151104210015
2015120214290950644410015
2015120214310071201210015
2015120214521130436110015
2015120215000951163810015
2015120215040071201210015
2015120215171070513510015
2015120215210930727310015
2015120215231090822010015
2015120215300170092110015
2015120215360951163810015
2015120215361080106610015
2015120215371130436210015
2015120216080071201210015
2015120216140950441710015
2015120216151130411510015
2015120216171150437310015
2015120216171080106610015
2015120216250951163810015
2015120216290930727310015
2015120216351130436110015
2015120216411130436210015
2015120216440951163810015
2015120216480920906210015
2015120216551090822510015
2015120216570951163810015
2015120217030930727310015
2015120217231050604410015
2015120217241011001910015
2015120217260960315010015
2015120217280950644410015
2015120217331050604410015
2015120217350910400410015
2015120217380910400410015
2015120217390951163810015
2015120217411151104210015
2015120217410960415110017
2015120217420951163810015
2015120217461151004110015
2015120218001080106610015
2015120218151080106610015
2015120218501090822510015
2015120218511080406810015
2015120218530071201210015
2015120218551070513510015
2015120218551151004110015
2015120219011020802810015
2015120219030950140210015
2015120219120950644410015
2015120219120950441710015
2015120219190930827810015
2015120219310950644410015
2015120219320930827810015
2015120219350950441710015
2015120219570960353210017
2015120220100950441410017
2015120220101070513510015
2015120220101070513510015
2015120220101070513510015
2015120220100931234310015
2015120220111150760010015
2015120220191130411510015
2015120221260920603810017
2015120221390920603810017
2015120221541150217810015
2015120221551150217810015
2015120222301090822010015
2015120305540006472710015
2015120306240930727310015
2015120306450950441710015
2015120307131090822010015
2015120307210950140210015
2015120307270920906210015
2015120307290931029810015
2015120307321090822510015
2015120307360960315010015
2015120307491080406810015
2015120307501151004110015
2015120307571120132610015
2015120307591011001910015
2015120308010950140210015
2015120308041020802810015
2015120308080170092110015
2015120308091050604410015
2015120308101151104210015
2015120308120951163810015
2015120308130950644410015
2015120308130931234310015
2015120308151150760010015
2015120308180910400410015
2015120308220910400410015
2015120308241050604410015
2015120308241150217810015
2015120308251120132610015
2015120308260940134610015
2015120308280950441410017
2015120308280930827810015
2015120308290931029810015
2015120308301070513510015
2015120308300910501210017
2015120308310960415110017
2015120308350006472710015
2015120308471090822010015
2015120308490171019910015
2015120308500950644410015
2015120308560006200210015
