2015112409181080106610015
2015112409180950140210015
2015112409270171019910015
2015112409300071201210015
2015112409310170092110015
2015112409361090822510015
2015112409400931234310015
2015112409420006200210015
2015112409460950441410017
2015112409460940134610015
2015112409551130436210015
2015112410030950140210015
2015112410081090822010015
2015112410161080406810015
2015112410161080106610015
2015112410171130411510015
2015112410190006200210015
2015112410310930320310015
2015112410331090822010015
2015112410381020802810015
2015112410570971165510015
2015112410570950441410017
2015112411031130436210015
2015112411160171019910015
2015112411330931234310015
2015112411540940134610015
2015112412170971165510015
2015112412270930827810015
2015112412290071201210015
2015112412361150437310015
2015112412420006200210015
2015112412430921006310015
2015112412520950441410017
2015112413010910400410015
2015112413040930727310015
2015112413050971165510015
2015112413220951163810015
2015112413230171521610015
2015112413230171019910015
2015112413431050604410015
2015112413520921006310015
2015112413571130436210015
2015112414200930727310015
2015112414200921006310015
2015112414280006472710015
2015112414300951163810015
2015112414310960353210017
2015112414380931029810015
2015112414391050604410015
2015112414471090822010015
2015112414560071201210015
2015112414561130436210015
2015112415070071201210015
2015112415200971165510015
2015112415250940134610015
2015112415301150117710015
2015112415391150117710015
2015112415560960353210017
2015112416161130436210015
2015112416260930727310015
2015112416301011001910015
2015112416330951163810015
2015112416331050604410015
2015112416330920906210015
2015112416351020802810015
2015112416371150437310015
2015112416400006472710015
2015112416480071201210015
2015112416490930727310015
2015112416520960353210017
2015112416540950644410015
2015112416560071201210015
2015112417020950441410017
2015112417060951163810015
2015112417060931234310015
2015112417070910400410015
2015112417080931029810015
2015112417080170092110015
2015112417081080406810015
2015112417081080406810015
2015112417091000700810017
2015112417091090822010015
2015112417110951163810015
2015112417111150760010015
2015112417120960415110017
2015112417180960315010015
2015112417180951163810015
2015112417200951163810015
2015112417200950644410015
2015112417210960315010015
2015112417251000700810017
2015112417260950644410015
2015112417291150217810015
2015112417300940134610015
2015112417320940134610015
2015112417461090822510015
2015112417470006472710015
2015112417590930827810015
2015112417591000700810017
2015112418070910501210017
2015112418151080106610015
2015112418191011001910015
2015112418520071201210015
2015112419080950140210015
2015112419110950441710015
2015112419120920603810017
2015112419120950140210015
2015112419140921006310015
2015112419180950441410017
2015112419191120132610015
2015112419400071201210015
2015112419560006472710015
2015112420060071201210015
2015112420061070513510015
2015112423240921210410017
2015112506030171521610015
2015112506121120132610015
2015112506310950441710015
2015112506400930727310015
2015112507000950441710015
2015112507041020802810015
2015112507210950140210015
2015112507261090822010015
2015112507331090822510015
2015112507500940134610015
2015112507520920906210015
2015112507530920906210015
2015112507560960415110017
2015112507581011001910015
2015112507590931029810015
2015112508010910400410015
2015112508010931234310015
2015112508010950644410015
2015112508020960315010015
2015112508021011001910015
2015112508040960353210017
2015112508091080406810015
2015112508101150760010015
2015112508131020802810015
2015112508161000700810017
2015112508170071201210015
2015112508201050604410015
2015112508201150217810015
2015112508240930827810015
2015112508280950441410017
2015112508290910501210017
2015112508291070513510015
2015112508291070513510015
2015112508310006200210015
2015112508320171019910015
2015112508370971165510015
2015112508400951163810015
2015112508420930727310015
