2015121109040950441410017
2015121109050920603810017
2015121109070171521610015
2015121109080920906210015
2015121109110940134610015
2015121109240006472710015
2015121109530930827810015
2015121109530930727310015
2015121109581150117710015
2015121110110931029810015
2015121110140931029810015
2015121110160940134610015
2015121110221130436110015
2015121110270071201210015
2015121110290910501210017
2015121110360930523310017
2015121110410960353210017
2015121110460910501210017
2015121110540171019910015
2015121111010951163810015
2015121111121050604410015
2015121111151011001910015
2015121111161150217810015
2015121111210930523310017
2015121111241151004110015
2015121111260910501210017
2015121111300950644410015
2015121111340950441410017
2015121111451150437310015
2015121111500070513510015
2015121111551150437310015
2015121112021130436110015
2015121112081150117710015
2015121112470930727310015
2015121112470940134610015
2015121112580960353210017
2015121113010006472710015
2015121113070930523310017
2015121113080171521610015
2015121113180960353210017
2015121113201150217810015
2015121113220910400410015
2015121113451020802810015
2015121113461150117710015
2015121113530920603810017
2015121113550170092110015
2015121113570960353210017
2015121113591020802810015
2015121114020170092110015
2015121114040960265010015
2015121114120921210410017
2015121114260951163810015
2015121114310910400410015
2015121114340930320310015
2015121114400960265010015
2015121114500940134610015
2015121114560910501210017
2015121115071011001910015
2015121115170171019910015
2015121115200171019910015
2015121115450960353210017
2015121115530931234310015
2015121116341090822010015
2015121116340171019910015
2015121116370910400410015
2015121116380910501210017
2015121116490920906210015
2015121116490920906210015
2015121116561151004110015
2015121117061151104210015
2015121117061151104210015
2015121117061150117710015
2015121117100170092110015
2015121117140931234310015
2015121117140910400410015
2015121117140910501210017
2015121117200950644410015
2015121117210071201210015
2015121117230950441410017
2015121117241150760010015
2015121117260951163810015
2015121117360931234310015
2015121117361020802810015
2015121117361020802810015
2015121117371020802810015
2015121117371011001910015
2015121117420930827810015
2015121117431050604410015
2015121117470920603810017
2015121117490930727310015
2015121118030960315010015
2015121118120006200210015
2015121118121150217810015
2015121118150071201210015
2015121118271130436110015
2015121118360950441410017
2015121118360950441710015
2015121118371080406810015
2015121118391011001910015
2015121118441070513510015
2015121119051070513510015
2015121119060960415110017
2015121119110950140210015
2015121119320950441410017
2015121119540951163810015
2015121120041011001910015
2015121120050951163810015
2015121120150071201210015
2015121120150071201210015
2015121120180960353210017
2015121120181070513510015
2015121120190071201210015
2015121120511130436110015
2015121123271130436110015
2015121200261130436110015
2015121207460171521610015
2015121208020006472710015
2015121208200006472710015
2015121208471150217810015
2015121208570171521610015
2015121209070960315010015
2015121210140931029810015
2015121211370931029810015
2015121212020960353210017
2015121212060006472710015
2015121212160171521610015
2015121213530960315010015
2015121214591150217810015
2015121215001150217810015
2015121215180931029810015
2015121215250931029810015
2015121215310931029810015
2015121215320171521610015
2015121405550171521610015
2015121406060006200210015
2015121406080171521610015
2015121406120006200210015
2015121406161090822010015
2015121406241120132610015
2015121406290006200210015
2015121406320930320310015
2015121406350006200210015
2015121406360006200210015
2015121406400006200210015
2015121406470171521610015
2015121406500920202810015
2015121407051080106610015
2015121407051090822010015
2015121407180006200210015
2015121407220920906210015
2015121407231090822510015
2015121407230950441710015
2015121407250930727310015
2015121407260950140210015
2015121407320921006310015
2015121407330960315010015
2015121407330950441710015
2015121407390930523310017
2015121407411151004110015
2015121407430950441710015
2015121407590931029810015
2015121408010170092110015
2015121408030071201210015
2015121408041080406810015
2015121408060931234310015
2015121408060950441410017
2015121408090971165510015
2015121408111150760010015
2015121408110071201210015
2015121408121020802810015
2015121408130960353210017
2015121408150921006310015
2015121408161150217810015
2015121408181011001910015
2015121408200951163810015
2015121408201130436110015
2015121408210006200210015
2015121408230930827810015
2015121408240940134610015
2015121408240950644410015
2015121408250171521610015
2015121408271130411510015
2015121408291130436110015
2015121408290070513510015
2015121408291070513510015
2015121408321050604410015
2015121408320931029810015
2015121408330910501210017
2015121408361130436210015
2015121408390950441410017
2015121408400071201210015
2015121409121090822510015
2015121409160971165510015
2015121409210951163810015
2015121409270006200210015
2015121409290071201210015
2015121409350910501210017
2015121409360950644410015
2015121409400930727310015
2015121409441011001910015
2015121409440006200210015
2015121409491150117710015
2015121410020930827810015
2015121410110071201210015
2015121410270921006310015
2015121410280006200210015
2015121410340960353210017
2015121410370171521610015
2015121410431120132610015
2015121410480171521610015
2015121410551080106610015
2015121411071150117710015
2015121411101130436210015
2015121411110951163810015
2015121411120921210410017
2015121411231090822010015
2015121411331130411510015
2015121411351130436110015
2015121411510921006310015
2015121412010931234310015
2015121412010910501210017
2015121412020931029810015
2015121412041070513510015
2015121412060971165510015
2015121412190950644410015
2015121412220960315010015
2015121412260951163810015
2015121412291150760010015
2015121412361070513510015
2015121412400071201210015
2015121412440071201210015
2015121412450921006310015
2015121412460930727310015
2015121412481150437310015
2015121412580171521610015
2015121412590931029810015
2015121413000950441410017
2015121413070171019910015
2015121413090006200210015
2015121413100171019910015
2015121413100931234310015
2015121413130930523310017
2015121413250006472710015
2015121413311150117710015
2015121413340071201210015
2015121413420171019910015
2015121413450921006310015
2015121413500951163810015
2015121414140951163810015
2015121414141080106610015
2015121414230971165510015
2015121414270171019910015
2015121414310950441410017
2015121414430171019910015
2015121414460006472710015
2015121414571090822510015
2015121415020930320310015
2015121415080910501210017
2015121415200950644410015
2015121415300920906210015
2015121415310071201210015
2015121415401080106610015
2015121415410931234310015
2015121415520921006310015
2015121415550071201210015
2015121415560951163810015
2015121416201130436210015
2015121416290930523310017
2015121416310920906210015
2015121416310950140210015
2015121416380960353210017
2015121416410006472710015
2015121416421150117710015
2015121416460071201210015
2015121416490950644410015
2015121416510960315010015
2015121416510006472710015
2015121416530006472710015
2015121416550930727310015
2015121416560171019910015
2015121417010006472710015
2015121417111090822010015
2015121417171070513510015
2015121417200950644410015
2015121417200940134610015
2015121417281151004110015
2015121417281080406810015
2015121417281080406810015
2015121417281080406810015
2015121417360006472710015
2015121417430910501210017
2015121417441050604410015
2015121417460921006310015
2015121417460940134610015
2015121417481150217810015
2015121417480931029810015
2015121418051080106610015
2015121418080951163810015
2015121418091020802810015
2015121418120940134610015
2015121418150006472710015
2015121418161070513510015
2015121418180921006310015
2015121418220950644410015
2015121418220940134610015
2015121418281070513510015
2015121418281070513510015
2015121418291070513510015
2015121418290930827810015
2015121418301090822510015
2015121418300940134610015
2015121418300930827810015
2015121418351080106610015
2015121418360950441410017
2015121418370006472710015
2015121418390931234310015
2015121418461011001910015
2015121418581120132610015
2015121419140950441410017
2015121419151080106610015
2015121419221150760010015
2015121419310951163810015
2015121419321151004110015
2015121419330950441710015
2015121420010960353210017
2015121420010006472710015
2015121420021130411510015
2015121421101130411510015
2015121505540171521610015
2015121506030171521610015
2015121506260006200210015
2015121506300930727310015
2015121506321120132610015
2015121506330006200210015
2015121506431090822010015
2015121507030950441710015
2015121507260006200210015
2015121507310950441710015
2015121507310950140210015
2015121507370950441710015
2015121507431090822510015
2015121507470920906210015
2015121507501151004110015
2015121507511011001910015
2015121507511011001910015
2015121507550006200210015
2015121507581080406810015
2015121508000960353210017
2015121508010960415110017
2015121508010910501210017
2015121508030960415110017
2015121508030931029810015
2015121508050921210410017
2015121508050950140210015
2015121508091150760010015
2015121508090931234310015
2015121508091020802810015
2015121508091020802810015
2015121508120006200210015
2015121508151050604410015
2015121508150960315010015
2015121508160960353210017
2015121508190940134610015
2015121508200950644410015
2015121508201150217810015
2015121508240930827810015
2015121508240951163810015
2015121508241070513510015
2015121508270910400410015
2015121508320071201210015
2015121508360940134610015
2015121508500950644410015
