2015110409030071201210015
2015110409040950140210015
2015110409110931029810015
2015110409180006200210015
2015110409311080106610015
2015110409320940134610015
2015110409370971165510015
2015110409460920603810017
2015110409490006200210015
2015110409530910400410015
2015110409551090822010015
2015110410050940134610015
2015110410090971165510015
2015110410130910501210017
2015110410320071201210015
2015110410500920603810017
2015110411051130411510015
2015110411141150518310015
2015110411330971165510015
2015110411351000700810017
2015110411391150117710015
2015110411480950441710015
2015110411531000700810017
2015110411550006200210015
2015110412071070513510015
2015110412270971165510015
2015110412301020802810015
2015110412391070513510015
2015110412480950140210015
2015110412520910501210017
2015110412550950441710015
2015110412571130411510015
2015110413020006200210015
2015110413031150217810015
2015110413131150518310015
2015110413200171521610015
2015110413271150117710015
2015110413350971165510015
2015110413470931029810015
2015110413530006200210015
2015110413580170092110015
2015110414051130436110015
2015110414090960353210017
2015110414170931234310015
2015110414300971165510015
2015110414311130411510015
2015110414380950140210015
2015110414380931029810015
2015110414530071201210015
2015110414561090822010015
2015110415461150437310015
2015110415490971165510015
2015110415521150437310015
2015110416010910501210017
2015110416021130411510015
2015110416201130436210015
2015110416251000700810017
2015110416311120132610015
2015110416410931029810015
2015110416470940134610015
2015110416480960353210017
2015110416490971165510015
2015110416561150518310015
2015110417061130436110015
2015110417090920906210015
2015110417150910501210017
2015110417171080406810015
2015110417191080406810015
2015110417191080406810015
2015110417230950140210015
2015110417240960415110017
2015110417241070513510015
2015110417270930827810015
2015110417281080106610015
2015110417291150217810015
2015110417341020802810015
2015110417380910400410015
2015110417430951163810015
2015110417470971165510015
2015110417501070513510015
2015110418021000700810017
2015110418041150217810015
2015110418060951163810015
2015110418131150437310015
2015110418141150117710015
2015110418170950644410015
2015110418220931234310015
2015110418250960315010015
2015110418280960353210017
2015110418281011001910015
2015110418300960353210017
2015110418321150760010015
2015110418340940134610015
2015110418340950644410015
2015110418360910501210017
2015110418370960415110017
2015110418410930827810015
2015110418410950441710015
2015110418430950441710015
2015110418500006472710015
2015110418550920603810017
2015110418550950140210015
2015110419120931234310015
2015110419180006472710015
2015110419231020802810015
2015110419301020802810015
2015110419301020802810015
2015110419480006472710015
2015110420061080106610015
2015110420371150117710015
2015110420401130436110015
2015110421581090822010015
2015110505580171521610015
2015110506031120132610015
2015110506400950441710015
2015110507040930727310015
2015110507100006200210015
2015110507170006200210015
2015110507200931029810015
2015110507210931029810015
2015110507330950140210015
2015110507381120132610015
2015110507410960415110017
2015110507430920906210015
2015110507451090822010015
2015110507491011001910015
2015110507511130411510015
2015110507550940134610015
2015110508001000700810017
2015110508001080406810015
2015110508020960353210017
2015110508030910400410015
2015110508040931234310015
2015110508060920603810017
2015110508071150760010015
2015110508101150217810015
2015110508100910501210017
2015110508101020802810015
2015110508140950644410015
2015110508160960315010015
2015110508230951163810015
2015110508271080106610015
2015110508310950441410017
2015110508310930827810015
2015110508360950644410015
2015110508431080106610015
