2015111609031130436210015
2015111609060920202810015
2015111609070071201210015
2015111609100170092110015
2015111609181000700810017
2015111609240171019910015
2015111609251130411510015
2015111609280950441410017
2015111609280071201210015
2015111609460920603810017
2015111609500910400410015
2015111609510910501210017
2015111610011150117710015
2015111610080930827810015
2015111610091120710610015
2015111610120071201210015
2015111610190931234310015
2015111610321130411510015
2015111610340921006310015
2015111610441130436210015
2015111610470171521610015
2015111610490171019910015
2015111611031011001910015
2015111611110171019910015
2015111611150071201210015
2015111611230951163810015
2015111611320940134610015
2015111611380930727310015
2015111611430006200210015
2015111611570006200210015
2015111612020950441410017
2015111612061070513510015
2015111612090071201210015
2015111612291130436210015
2015111612440921006310015
2015111612451070513510015
2015111612460931234310015
2015111612540006200210015
2015111612550921210410017
2015111612570930827810015
2015111612590931234310015
2015111613000171521610015
2015111613150940134610015
2015111613181070513510015
2015111613261130411510015
2015111613320171521610015
2015111613370930827810015
2015111613390960265010015
2015111613430931029810015
2015111613470170092110015
2015111613470930727310015
2015111613541130436210015
2015111614050950140210015
2015111614281150117710015
2015111614380920906210015
2015111614470006200210015
2015111614520930727310015
2015111614560931029810015
2015111614560971165510015
2015111615011130411510015
2015111615190920603810017
2015111615370910501210017
2015111615420071201210015
2015111615470940134610015
2015111615491080406810015
2015111616010931029810015
2015111616050950441710015
2015111616170960265010015
2015111616180006200210015
2015111616321011001910015
2015111616480950140210015
2015111616491150117710015
2015111616510960315010015
2015111616520960315010015
2015111617010951163810015
2015111617010930827810015
2015111617020006200210015
2015111617031080106610015
2015111617050950441710015
2015111617070960353210017
2015111617070930727310015
2015111617100930727310015
2015111617111080406810015
2015111617111080406810015
2015111617150931029810015
2015111617181000700810017
2015111617190910400410015
2015111617221090822010015
2015111617220951163810015
2015111617251150437310015
2015111617270931234310015
2015111617280920906210015
2015111617300940134610015
2015111617300950644410015
2015111617310950644410015
2015111617310910400410015
2015111617361050604410015
2015111617380910501210017
2015111617480930827810015
2015111617550071201210015
2015111617570951163810015
2015111618051070513510015
2015111618051090822510015
2015111618130921006310015
2015111618160931234310015
2015111618180920603810017
2015111618191020802810015
2015111618221000700810017
2015111618231090822510015
2015111618270920603810017
2015111618321150760010015
2015111618410921006310015
2015111618500950441410017
2015111618530921006310015
2015111619061150760010015
2015111619250071201210015
2015111619311150217810015
2015111619321150760010015
2015111619361070513510015
2015111619361070513510015
2015111620030071201210015
2015111621391130436110015
2015111705570006472710015
2015111706050171521610015
2015111706191120132610015
2015111706240930727310015
2015111706271090822010015
2015111707000950441710015
2015111707250950140210015
2015111707300921006310015
2015111707390931029810015
2015111707490171521610015
2015111707530920906210015
2015111707560006472710015
2015111708011080406810015
2015111708020960415110017
2015111708030931234310015
2015111708041150760010015
2015111708040960353210017
2015111708070960415110017
2015111708081011001910015
2015111708080940134610015
2015111708090940134610015
2015111708100960315010015
2015111708100950441410017
2015111708130950644410015
2015111708161150437310015
2015111708181150217810015
2015111708180910501210017
2015111708191090822510015
2015111708201020802810015
2015111708221050604410015
2015111708221000700810017
2015111708221080106610015
2015111708251070513510015
2015111708251070513510015
2015111708300930320310015
2015111708320950644410015
2015111708330951163810015
2015111708341000700810017
2015111708380920603810017
2015111708390071201210015
2015111708410930727310015
2015111708420006472710015
2015111708480910400410015
