2015120709131151004110015
2015120709271130436210015
2015120709291130436110015
2015120709321150437310015
2015120709411130411510015
2015120709440960415110017
2015120710071150117710015
2015120710230960353210017
2015120710241151104210015
2015120710240910501210017
2015120710310910400410015
2015120710310930727310015
2015120710450930320310015
2015120710530921210410017
2015120710550930523310017
2015120710591151060110015
2015120711170931234310015
2015120711350930727310015
2015120711370171521610015
2015120711371130436210015
2015120712050950644410015
2015120712060930523310017
2015120712061070513510015
2015120712111050604410015
2015120712341150437310015
2015120712371150437310015
2015120712390931029810015
2015120712391130436210015
2015120712421150518310015
2015120712440006200210015
2015120712481070513510015
2015120712510921210410017
2015120712570071201210015
2015120712590921006310015
2015120713000910400410015
2015120713021130411510015
2015120713020950644410015
2015120713030171521610015
2015120713030950441410017
2015120713040940134610015
2015120713050960315010015
2015120713071130436210015
2015120713080170092110015
2015120713190940134610015
2015120713410921006310015
2015120713470006472710015
2015120713541130436210015
2015120713570006200210015
2015120714151151060110015
2015120714290931234310015
2015120714300950441410017
2015120714310910501210017
2015120714330910400410015
2015120714350006200210015
2015120714391130411510015
2015120714450071201210015
2015120714590071201210015
2015120715200950140210015
2015120715231130436210015
2015120715390006200210015
2015120715400921210410017
2015120715440960353210017
2015120715550006200210015
2015120716070920303110017
2015120716171070513510015
2015120716290071201210015
2015120716331050604410015
2015120716370940134610015
2015120716390910501210017
2015120716430920906210015
2015120716450006200210015
2015120716461130411510015
2015120716490921210410017
2015120716580930523310017
2015120716590171019910015
2015120717010921006310015
2015120717020910501210017
2015120717030931029810015
2015120717041151104210015
2015120717040960415110017
2015120717050910400410015
2015120717060920303110017
2015120717061150760010015
2015120717121020802810015
2015120717140910400410015
2015120717220930727310015
2015120717230930523310017
2015120717250931234310015
2015120717310930727310015
2015120717320950644410015
2015120717321011001910015
2015120717330930827810015
2015120717331151004110015
2015120717331150437310015
2015120717340910501210017
2015120717560006200210015
2015120718040950140210015
2015120718151090822510015
2015120718200931234310015
2015120718261070513510015
2015120718280921210410017
2015120718301080406810015
2015120718310920603810017
2015120718490950441410017
2015120718511080406810015
2015120718520960315010015
2015120718541080106610015
2015120719000006200210015
2015120719161070513510015
2015120719161070513510015
2015120719261120132610015
2015120719411150217810015
2015120719590960353210017
2015120720051080106610015
2015120720061080106610015
2015120720080071201210015
2015120720190950441410017
2015120720380920603810017
2015120720380950441710015
2015120720380950140210015
2015120805550006472710015
2015120806381120132610015
2015120806460930727310015
2015120806470950441710015
2015120806581090822010015
2015120807260950140210015
2015120807321090822510015
2015120807360921006310015
2015120807361151004110015
2015120807410960315010015
2015120807451150117710015
2015120807460920906210015
2015120807511150217810015
2015120807540960415110017
2015120807550910501210017
2015120807561080406810015
2015120807561130411510015
2015120807580931029810015
2015120808000910400410015
2015120808020940134610015
2015120808040170092110015
2015120808060960353210017
2015120808080171521610015
2015120808090931234310015
2015120808131150760010015
2015120808131011001910015
2015120808131150217810015
2015120808141020802810015
2015120808141151104210015
2015120808170910400410015
2015120808201050604410015
2015120808210951163810015
2015120808220930827810015
2015120808220951163810015
2015120808231080106610015
2015120808261070513510015
2015120808270950441410017
2015120808440921006310015
2015120808470171521610015
2015120808550971165510015
2015120808560920603810017
2015120808580006472710015
