2015121609110910501210017
2015121609230071201210015
2015121609380951163810015
2015121609511150117710015
2015121610070071201210015
2015121610090910501210017
2015121610130171521610015
2015121610150960315010015
2015121610161050604410015
2015121610491151104210015
2015121610510071201210015
2015121611080171019910015
2015121611120951163810015
2015121611380931234310015
2015121612100910501210017
2015121612260940134610015
2015121612311020802810015
2015121612321150760010015
2015121612450071201210015
2015121612521070513510015
2015121612560930727310015
2015121612571150117710015
2015121613041011001910015
2015121613040006200210015
2015121613051151104210015
2015121613060910501210017
2015121613070910400410016
2015121613070960353210017
2015121613110950441410017
2015121613150960315010015
2015121613161150217810015
2015121613420171521610015
2015121613460951163810015
2015121613530921006310015
2015121613530170092110015
2015121614000931234310015
2015121614020960353210017
2015121614080171019910015
2015121614231150760010015
2015121614240910400410015
2015121614251150117710015
2015121614331070513510015
2015121614370940134610015
2015121614550951163810015
2015121615051080106610015
2015121615180171019910015
2015121615230951163810015
2015121615250930727310015
2015121615310960353210017
2015121615490921006310015
2015121616001150117710015
2015121616090921006310015
2015121616160931234310015
2015121616180951163810015
2015121616190930827810015
2015121616220071201210015
2015121616280951163810015
2015121616280921006310015
2015121616280910400410015
2015121616351090822510015
2015121616380006472710015
2015121616381151104210015
2015121616471120132610015
2015121616570171019910015
2015121616581080106610015
2015121617000910400410015
2015121617010930727310015
2015121617030006472710015
2015121617130940134610015
2015121617140930727310015
2015121617140930727310015
2015121617330931029810015
2015121617341050604410015
2015121617371070513510015
2015121617371070513510015
2015121617370910501210017
2015121617441020802810015
2015121617441150217810015
2015121617530920603810017
2015121617541090822510015
2015121617550960353210017
2015121617591020802810015
2015121618001020802810015
2015121618101150760010015
2015121618120951163810015
2015121618380960315010015
2015121618390921006310015
2015121618431090822510015
2015121618500951163810015
2015121619000940134610015
2015121619000930827810015
2015121619030960415110017
2015121619030951163810015
2015121619181080106610015
2015121619240071201210015
2015121619391011001910015
2015121619520960353210017
2015121619530006472710015
2015121619530950441410017
2015121620000931234310015
2015121620000006472710015
2015121620021080106610015
2015121620030920603810017
2015121706030006200210015
2015121706090171521610015
2015121706200171521610015
2015121706330930727310015
2015121706330006200210015
2015121706400930727310015
2015121706510950441710015
2015121707200950140210015
2015121707290931029810015
2015121707380940134610015
2015121707480006200210015
2015121707501151104210015
2015121707501090822510015
2015121707531151004110015
2015121707531080406810015
2015121707531080406810015
2015121707541080406810015
2015121707550170092110015
2015121707561151104210015
2015121707580006200210015
2015121708001120132610015
2015121708030920603810017
2015121708050960353210017
2015121708050910400410015
2015121708081150760010015
2015121708080960415110017
2015121708100951163810015
2015121708101020802810015
2015121708101020802810015
2015121708101020802810015
2015121708100910400410015
2015121708110930827810015
2015121708130931234310015
2015121708130960315010015
2015121708150950441410017
2015121708160950441410017
2015121708171150217810015
2015121708231080106610015
2015121708261050604410015
2015121708290910501210017
2015121708360910501210017
2015121708380071201210015
2015121708560070513510015
