2015121809000960315010015
2015121809020960415110017
2015121809081150117710015
2015121809191151004110015
2015121809260950140210015
2015121809290950441710015
2015121809400071201210015
2015121809420950441410017
2015121809500950441410017
2015121809510951163810015
2015121809540930827810015
2015121809541120132610015
2015121810061130436210015
2015121810370171521610015
2015121810381150117710015
2015121810510930523310017
2015121810541150117710015
2015121811190171521610015
2015121811291130436210015
2015121811360921210410017
2015121811380006200210015
2015121811450006200210015
2015121811490170092110015
2015121811501050604410015
2015121812040931029810015
2015121812140950441410017
2015121812140951163810015
2015121812260171019910015
2015121812361150437310015
2015121812400931029810015
2015121812411130436210015
2015121812471070513510015
2015121813140171019910015
2015121813160921006310015
2015121813190171019910015
2015121813200930827810015
2015121813210171019910015
2015121813340071201210015
2015121813370006200210015
2015121813551130436210015
2015121814020931029810015
2015121814070930523310017
2015121814170171019910015
2015121814231150437310015
2015121814240950441410017
2015121814340006472710015
2015121814370930827810015
2015121814400960415110017
2015121814401070513510015
2015121814490931029810015
2015121814510920906210015
2015121815420960315010015
2015121815440960353210017
2015121815460171019910015
2015121815511150117710015
2015121815550921006310015
2015121816050071201210015
2015121816180071201210015
2015121816190171019910015
2015121816280171019910015
2015121816300171019910015
2015121816311011001910015
2015121816370071201210015
2015121816410171019910015
2015121816410950441710015
2015121816420950140210015
2015121816440910400410015
2015121816520171019910015
2015121816541150217810015
2015121817000910400410015
2015121817010071201210015
2015121817031151104210015
2015121817040930827810015
2015121817101120132610015
2015121817160071201210015
2015121817391150760010015
2015121817400951163810015
2015121817410920906210015
2015121817461050604410015
2015121817540951163810015
2015121817570006472710015
2015121818080960415110017
2015121818100951163810015
2015121818330950140210015
2015121818351150117710015
2015121818460006472710015
2015121818460951163810015
2015121818491070513510015
2015121818530951163810015
2015121818580071201210015
2015121819060960315010015
2015121819081020802810015
2015121819270950441410017
2015121819280006472710015
2015121819290951163810015
2015121819310951163810015
2015121819321150217810015
2015121819320950140210015
2015121819340920603810017
2015121819381080106610015
2015121820080950441410017
2015121820180931029810015
2015121820210006472710015
2015121820230960353210017
2015121820260006472710015
2015121823051070513510015
2015121823271070513510015
2015121823491070513510015
2015121907470171521610015
2015121909040006200210015
2015121909090070513510015
2015121909091070513510015
2015121910350171521610015
2015121914561070513510015
2015121915041070513510015
2015121919031070513510015
2015122105400006472710015
2015122106321090822010015
2015122106450006472710015
2015122106460950441710015
2015122107060930320310015
2015122107100931029810015
2015122107180930523310017
2015122107190920303110017
2015122107191011001910015
2015122107311080406810015
2015122107341011001910015
2015122107430950441710015
2015122107470971165510015
2015122107511090822510015
2015122107510960315010015
2015122107531151004110015
2015122107591080106610015
2015122108010930523310017
2015122108020170092110015
2015122108031150760010015
2015122108041080106610015
2015122108040950644410015
2015122108060931029810015
2015122108070960415110017
2015122108081130436110015
2015122108091151104210015
2015122108111150437310015
2015122108120931234310015
2015122108140006200210015
2015122108171050604410015
2015122108171020802810015
2015122108190920906210015
2015122108210950441410017
2015122108231070513510015
2015122108231150217810015
2015122108240921210410017
2015122108251070513510015
2015122108301150117710015
2015122108340930827810015
2015122108350930523310017
2015122108350910400410015
2015122108360171019910015
2015122108380910400410015
2015122108391130436110015
2015122108531130436210015
