2015111109070921210410017
2015111109120006200210015
2015111109140171019910015
2015111109291150117710015
2015111109340951163810015
2015111109360006200210015
2015111109530921006310015
2015111109570950644410015
2015111110001080106610015
2015111110130930523310017
2015111110240951163810015
2015111110260931234310015
2015111110370921006310015
2015111110420921210410017
2015111111071050604410015
2015111111170006200210015
2015111111361090822010015
2015111111391150437310015
2015111111401130436210015
2015111111420960353210017
2015111111500950441710015
2015111111540171521610015
2015111112000921006310015
2015111112031070513510015
2015111112211020802810015
2015111112380930523310017
2015111112381070513510015
2015111112470921006310015
2015111112580910501210017
2015111112590006200210015
2015111113061000700810017
2015111113080950441410017
2015111113100940134610015
2015111113130006472710015
2015111113200930727310015
2015111113251070513510015
2015111113380921210410017
2015111113410170092110015
2015111113430960415110017
2015111113471130436210015
2015111113581070513510015
2015111114171020802810015
2015111114370960315010015
2015111114461130436110015
2015111114470940134610015
2015111114481070513510015
2015111114570930727310015
2015111115001090822010015
2015111115060930727310015
2015111115100071201210015
2015111115160930727310015
2015111115420921006310015
2015111115540171019910015
2015111115580071201210015
2015111116060921210410017
2015111116170930727310015
2015111116270931029810015
2015111116310171019910015
2015111116341090822010015
2015111116350930523310017
2015111116370940134610015
2015111116540921210410017
2015111116571080106610015
2015111116590910400410015
2015111117000940134610015
2015111117051150117710015
2015111117050910400410015
2015111117071011001910015
2015111117110931029810015
2015111117121150760010015
2015111117130910501210017
2015111117151080406810015
2015111117151080406810015
2015111117170930727310015
2015111117270931029810015
2015111117331070513510015
2015111117591000700810017
2015111118021120132610015
2015111118170950644410015
2015111118211080106610015
2015111118241150760010015
2015111118311150117710015
2015111118340950441710015
2015111118591070513510015
2015111118591070513510015
2015111119001070513510015
2015111119001070513510015
2015111119001070513510015
2015111119001070513510015
2015111119000070513510015
2015111119000950140210015
2015111119070960315010015
2015111119230921006310015
2015111119381150117710015
2015111119390960353210017
2015111120040920603810017
2015111120230960415110017
2015111120470950441410017
2015111121391150217810015
2015111122431130436110015
2015111205520006472710015
2015111206171120132610015
2015111206301090822010015
2015111206440930727310015
2015111207020950441710015
2015111207241011001910015
2015111207260971165510015
2015111207300950140210015
2015111207450950140210015
2015111207450931029810015
2015111207450931029810015
2015111207470971165510015
2015111207490071201210015
2015111207520910501210017
2015111207570071201210015
2015111207581080406810015
2015111207581150760010015
2015111208000931234310015
2015111208080960315010015
2015111208090006200210015
2015111208121050604410015
2015111208120950644410015
2015111208121000700810017
2015111208150071201210015
2015111208150960353210017
2015111208160940134610015
2015111208171020802810015
2015111208181070513510015
2015111208210910400410015
2015111208250930827810015
2015111208260940134610015
2015111208271150217810015
2015111208290920603810017
2015111208300960353210017
2015111208300960315010015
2015111208320950441410017
2015111208340950441410017
2015111208350960415110017
2015111208370951163810015
2015111208410951163810015
2015111208541130411510015
2015111208550950644410015
2015111208560931029810015
2015111208580006200210015
