2015102908591130436110015
2015102909001130436210015
2015102909120171019910015
2015102909130171019910015
2015102909201130436210015
2015102909230921006310015
2015102909300940134610015
2015102909400071201210015
2015102909430960353210017
2015102909540006472710015
2015102910010950644410015
2015102910080951163810015
2015102910081011001910015
2015102910111011001910015
2015102910180931029810015
2015102910310931234310015
2015102910350071201210015
2015102910360071201210015
2015102910380071201210015
2015102910441120710610015
2015102910461130436210015
2015102911000950644410015
2015102911010071201210015
2015102911060920906210015
2015102911071090822010015
2015102911111111131610015
2015102911160950140210015
2015102911250930523310017
2015102911270071201210015
2015102911440006200210015
2015102911491130436210015
2015102912151070513510015
2015102912350960315010015
2015102912371130436110015
2015102912380071201210015
2015102912380071201210015
2015102912400071201210015
2015102912491090822010015
2015102912501130436110015
2015102912520006472710015
2015102912531070513510015
2015102912540071201210015
2015102912560930727310015
2015102912580960315010015
2015102912590171521610015
2015102913001111131610015
2015102913010921006310015
2015102913011120132610015
2015102913051040107210015
2015102913070931029810015
2015102913070006472710015
2015102913190071201210015
2015102913231070513510015
2015102913290940134610015
2015102913290950644410015
2015102913300171019910015
2015102913360071201210015
2015102913470071201210015
2015102913531920605110015
2015102913580171521610015
2015102914210921210410017
2015102914330951163810015
2015102914350960415110017
2015102914390920603810017
2015102914400960353210017
2015102914470071201210015
2015102914490921210410017
2015102915000071201210015
2015102915010931029810015
2015102915071070513510015
2015102915080931029810015
2015102915110920202810015
2015102915170071201210015
2015102915210006200210015
2015102915321130436210015
2015102915370931234310015
2015102916041080106610015
2015102916090171019910015
2015102916100006200210015
2015102916111130436210015
2015102916291130436210015
2015102916301080106610015
2015102916331130436110015
2015102916370930523310017
2015102916390950441710015
2015102916420920906210015
2015102916451130436110015
2015102916510950644410015
2015102916520930523310017
2015102916540940134610015
2015102916550071201210015
2015102917030170092110015
2015102917031150437310015
2015102917050950644410015
2015102917070070513510015
2015102917120960315010015
2015102917151130436210015
2015102917171080406810015
2015102917190960415110017
2015102917201120132610015
2015102917270951163810015
2015102917311020802810015
2015102917350930727310015
2015102917411050604410015
2015102917430071201210015
2015102917451050604410015
2015102917470931234310015
2015102917561150217810015
2015102918001011001910015
2015102918100960353210017
2015102918131070513510015
2015102918240931234310015
2015102918260006200210015
2015102918351080106610015
2015102918380950140210015
2015102918420006200210015
2015102918570920603810017
2015102919060071201210015
2015102919151000700810017
2015102919180006200210015
2015102919230950441410017
2015102919371150217810015
2015102919371011001910015
2015102920071070513510015
2015102920160921210410017
2015102920561000700810017
2015102921381090822010015
2015103005580171521610015
2015103006021120132610015
2015103006290930727310015
2015103006380006200210015
2015103007030950441710015
2015103007210930523310017
2015103007260931029810015
2015103007311090822010015
2015103007320950140210015
2015103007461080406810015
2015103007490921006310015
2015103007510960353210017
2015103007530940134610015
2015103007561011001910015
2015103007590960415110017
2015103008010960415110017
2015103008021080406810015
2015103008060971165510015
2015103008070950644410015
2015103008071150437310015
2015103008070960315010015
2015103008141080406810015
2015103008140920603810017
2015103008151150217810015
2015103008161080106610015
2015103008190921006310015
2015103008220921210410017
2015103008230930827810015
2015103008261070513510015
2015103008280950441410017
2015103008290930320310015
2015103008300951163810015
2015103008310950441410017
2015103008331050604410015
2015103008361150437310015
2015103008440921210410017
2015103008510940134610015
