2015120109190170092110015
2015120109290910501210017
2015120110130931234310015
2015120110231150518310015
2015120110350071201210015
2015120110361150437310015
2015120110391130411510015
2015120110400950441710015
2015120110420920603810017
2015120110531960151210015
2015120111020951163810015
2015120111260171019910015
2015120111331020802810015
2015120111341150760010015
2015120111390971165510015
2015120111430921006310015
2015120111441130411510015
2015120111451011001910015
2015120111510171521610015
2015120112070950441410017
2015120112070971165510015
2015120112220931029810015
2015120112350921006310015
2015120112421130436210015
2015120112431090822510015
2015120113010006200210015
2015120113050006472710015
2015120113081960151210015
2015120113161050604410015
2015120113210960315010015
2015120113210960353210017
2015120113221130436210015
2015120113230006200210015
2015120113360951163810015
2015120113401150518310015
2015120113571130436210015
2015120114080921006310015
2015120114090950644410015
2015120114100006200210015
2015120114110170092110015
2015120114171130411510015
2015120114221090822010015
2015120114250921210410017
2015120114350931234310015
2015120114480950644410015
2015120114500910501210017
2015120114561090822510015
2015120115010960315010015
2015120115110951163810015
2015120115420910400410015
2015120115450171521610015
2015120115571130436210015
2015120116011011001910015
2015120116310921006310015
2015120116370920906210015
2015120116420171019910015
2015120116530950644410015
2015120116540910501210017
2015120116590071201210015
2015120117010171521610015
2015120117060071201210015
2015120117070930727310015
2015120117071151004110015
2015120117081130411510015
2015120117111151004110015
2015120117110171019910015
2015120117130921006310015
2015120117150971165510015
2015120117201150760010015
2015120117200951163810015
2015120117200930827810015
2015120117220960315010015
2015120117230940134610015
2015120117240931029810015
2015120117241020802810015
2015120117340950441410017
2015120117390921006310015
2015120117400910400410015
2015120117441080406810015
2015120117501130411510015
2015120117521070513510015
2015120117540950644410015
2015120117541150217810015
2015120118091011001910015
2015120118180950644410015
2015120118220931234310015
2015120118230950441710015
2015120118251050604410015
2015120118250930827810015
2015120118311020802810015
2015120118310950441710015
2015120118340921006310015
2015120118451080106610015
2015120118451090822010015
2015120118581090822510015
2015120118580171521610015
2015120119301150217810015
2015120119301011001910015
2015120119340921006310015
2015120119370931029810015
2015120119451070513510015
2015120120060071201210015
2015120120070960353210017
2015120120110920603810017
2015120120131080106610015
2015120120131070513510015
2015120120131070513510015
2015120206020006200210015
2015120206220930727310015
2015120206460950441710015
2015120207210171019910015
2015120207231090822010015
2015120207280971165510015
2015120207300950140210015
2015120207410920906210015
2015120207430960315010015
2015120207471150518310015
2015120207481151004110015
2015120207501090822510015
2015120207531090822510015
2015120207551090822010015
2015120207561130411510015
2015120207581150760010015
2015120208030960415110017
2015120208031080406810015
2015120208031080406810015
2015120208070170092110015
2015120208100931234310015
2015120208100931234310015
2015120208110960353210017
2015120208130951163810015
2015120208181020802810015
2015120208190920603810017
2015120208190950644410015
2015120208191080106610015
2015120208200950644410015
2015120208211130436210015
2015120208210930827810015
2015120208221011001910015
2015120208231070513510015
2015120208240920603810017
2015120208240950441410017
2015120208240071201210015
2015120208250006200210015
2015120208250950441410017
2015120208251150217810015
2015120208310910400410015
2015120208371151104210015
