2015112009010006472710015
2015112009090910400410015
2015112009101070513510015
2015112009390931234310015
2015112009411080106610015
2015112009440006472710015
2015112009470070513510015
2015112009470951163810015
2015112009510950140210015
2015112009530930727310015
2015112009541080106610015
2015112010001150437310015
2015112010110940134610015
2015112010110006472710015
2015112010130930827810015
2015112010170951163810015
2015112010260950441410017
2015112010310921006310015
2015112010330951163810015
2015112010340931234310015
2015112010430170092110015
2015112010570910501210017
2015112011011050604410015
2015112011121130436110015
2015112011141150117710015
2015112011360960315010015
2015112011390921006310015
2015112011480951163810015
2015112011490931234310015
2015112012081080406810015
2015112012151050604410015
2015112012210930727310015
2015112012291090822510015
2015112012431150117710015
2015112012460950140210015
2015112012491050604410015
2015112012510171019910015
2015112012531070513510015
2015112013000930827810015
2015112013021150437310015
2015112013030921006310015
2015112013051130436110015
2015112013101011001910015
2015112013131011001910015
2015112013211080106610015
2015112013281020802810015
2015112013280950441710015
2015112013310071201210015
2015112013330950644410015
2015112013371150117710015
2015112013430931234310015
2015112014020170092110015
2015112014020171521610015
2015112014060171521610015
2015112014161090822510015
2015112014190921006310015
2015112014200171019910015
2015112014240931234310015
2015112014290171521610015
2015112014330930727310015
2015112014430921006310015
2015112014480921006310015
2015112014510951163810015
2015112014540071201210015
2015112015110920906210015
2015112015141011001910015
2015112015160930727310015
2015112015181080406810015
2015112015201150117710015
2015112015211150437310015
2015112015210950441710015
2015112015430171019910015
2015112015490960265010015
2015112015541080406810015
2015112015551020802810015
2015112015570171019910015
2015112015571011001910015
2015112015580171019910015
2015112015590951163810015
2015112016001011001910015
2015112016020960315010015
2015112016040071201210015
2015112016071090822010015
2015112016161090822510015
2015112016220071201210015
2015112016270910400410015
2015112016310920906210015
2015112016320171019910015
2015112016560930827810015
2015112016570910400410015
2015112016590910400410015
2015112017000950644410015
2015112017041070513510015
2015112017071090822010015
2015112017080950441410017
2015112017080910501210017
2015112017150930727310015
2015112017150931234310015
2015112017210950644410015
2015112017290930827810015
2015112017340951163810015
2015112017390940134610015
2015112017391090822010015
2015112017441011001910015
2015112017441150518310015
2015112017450960353210017
2015112017451011001910015
2015112017471080406810015
2015112017481011001910015
2015112017501050604410015
2015112017581080106610015
2015112017590960315010015
2015112018021150217810015
2015112018071050604410015
2015112018081000700810017
2015112018090910501210017
2015112018100951163810015
2015112018120960415110017
2015112018131150760010015
2015112018240921006310015
2015112018261090822510015
2015112018261090822010015
2015112018460171521610015
2015112018570920603810017
2015112018571020802810015
2015112018570950140210015
2015112018580950441710015
2015112019381070513510015
2015112019440950441410017
2015112020021011001910015
2015112107430006472710015
2015112108411150760010015
2015112112421150760010015
2015112121271130411510015
2015112306080006200210015
2015112306301090822010015
2015112306301090822010015
2015112306391120132610015
2015112306420930320310015
2015112306500950441710015
2015112306580930727310015
2015112307160171521610015
2015112307170930523310017
2015112307190006200210015
2015112307240931029810015
2015112307250920202810015
2015112307260006200210015
2015112307270950140210015
2015112307411090822510015
2015112307460006200210015
2015112307590960415110017
2015112308011150760010015
2015112308010910501210017
2015112308051080406810015
2015112308050920303110017
2015112308080931234310015
2015112308090960315010015
2015112308111080406810015
2015112308111020802810015
2015112308131120710610015
2015112308140910501210017
2015112308160920604410015
2015112308170930320310015
2015112308180950441410017
2015112308190960353210017
2015112308211050604410015
2015112308210951163810015
2015112308220971165510015
2015112308220930827810015
2015112308231150518310015
2015112308231011001910015
2015112308240950644410015
2015112308240950644410015
2015112308251020802810015
2015112308251070513510015
2015112308250940134610015
2015112308251150217810015
2015112308261130436210015
2015112308280921210410017
2015112308280921006310015
2015112308310931234310015
2015112308371000700810017
2015112308420006200210015
2015112308500920303110017
2015112308511130411510015
2015112308570930727310015
