2015112309030071201210015
2015112309060921006310015
2015112309220920603810017
2015112309291130436210015
2015112309500071201210015
2015112309541130411510015
2015112309590971165510015
2015112309590921006310015
2015112310030930523310017
2015112310060931029810015
2015112310271151060110015
2015112310331150117710015
2015112310490071201210015
2015112310520930727310015
2015112310540171019910015
2015112310571960151210015
2015112311011090822010015
2015112311170960353210017
2015112311210951163810015
2015112311240930827810015
2015112311250960353210017
2015112311261960151210015
2015112311290006200210015
2015112311370930320310015
2015112311390006200210015
2015112311401130436210015
2015112311411130436210015
2015112311550940134610015
2015112311590006200210015
2015112311590960415110017
2015112312050930523310017
2015112312110920303110017
2015112312260930320310015
2015112312381120710610015
2015112312401090822510015
2015112312451130436210015
2015112312511070513510015
2015112312520950140210015
2015112312561000700810017
2015112313011150760010015
2015112313060931234310015
2015112313120071201210015
2015112313141130411510015
2015112313141090822010015
2015112313140960353210017
2015112313210950441710015
2015112313360170092110015
2015112313380931234310015
2015112313410951163810015
2015112313460971165510015
2015112314030071201210015
2015112314281120710610015
2015112314300920603810017
2015112314300921006310015
2015112314300931234310015
2015112314320940134610015
2015112314340971165510015
2015112314340171019910015
2015112314361000700810017
2015112314421090822010015
2015112314461020802810015
2015112314470921210410017
2015112314540931234310015
2015112314551130436210015
2015112315240960353210017
2015112315280921006310015
2015112315330940134610015
2015112315351130411510015
2015112315360171019910015
2015112315570940134610015
2015112316000940134610015
2015112316110930727310015
2015112316160920303110017
2015112316210951163810015
2015112316210071201210015
2015112316340171521610015
2015112316360920303110017
2015112316420971165510015
2015112316540170092110015
2015112316551090822010015
2015112316590910501210017
2015112317020910501210017
2015112317020960415110017
2015112317100960353210017
2015112317101070513510015
2015112317190951163810015
2015112317220960353210017
2015112317270950644410015
2015112317280951163810015
2015112317320930727310015
2015112317320071201210015
2015112317340940134610015
2015112317340950644410015
2015112317360930827810015
2015112317380930727310015
2015112317460921006310015
2015112317481050604410015
2015112317491090822510015
2015112318131080406810015
2015112318141000700810017
2015112318141090822510015
2015112318140950140210015
2015112318150931234310015
2015112318191020802810015
2015112318301000700810017
2015112318341070513510015
2015112318341070513510015
2015112318351070513510015
2015112318470921006310015
2015112319020950441710015
2015112319061120132610015
2015112319070960315010015
2015112319081150760010015
2015112319090950140210015
2015112319090920603810017
2015112319190950441410017
2015112319370931029810015
2015112320060071201210015
2015112320130071201210015
2015112321031130411510015
2015112406181120132610015
2015112406250930727310015
2015112406460950441710015
2015112407081050604410015
2015112407131020802810015
2015112407161090822510015
2015112407261011001910015
2015112407260950140210015
2015112407290920906210015
2015112407410921006310015
2015112407420006200210015
2015112407460931234310015
2015112407480960353210017
2015112407531150760010015
2015112407530960415110017
2015112407531080406810015
2015112407531080406810015
2015112407540931029810015
2015112407541130411510015
2015112407560171019910015
2015112407580170092110015
2015112407591090822010015
2015112408010971165510015
2015112408020940134610015
2015112408020960315010015
2015112408030910400410015
2015112408151150217810015
2015112408160951163810015
2015112408190951163810015
2015112408200950441410017
2015112408200950644410015
2015112408200930827810015
2015112408210950441410017
2015112408220921006310015
2015112408291070513510015
2015112408291070513510015
2015112408291090822010015
2015112408300910501210017
2015112408321120132610015
2015112408351080106610015
2015112408380930727310015
2015112408410940134610015
2015112408490071201210015
