2015121709040170092110015
2015121709100950140210015
2015121709311150117710015
2015121709340930727310015
2015121709490910400410015
2015121709530171019910015
2015121710070951163810015
2015121710090931029810015
2015121710091111131610015
2015121710570171521610015
2015121711050930727310015
2015121711120171019910015
2015121711360931234310015
2015121711380071201210015
2015121711421111131610015
2015121712400006472710015
2015121712551150760010015
2015121712551011001910015
2015121712551011001910015
2015121712560930727310015
2015121712570931029810015
2015121712580930827810015
2015121712580171521610015
2015121713051080106610015
2015121713060071201210015
2015121713100171521610015
2015121713140171019910015
2015121713171050604410015
2015121713240960315010015
2015121713390960315010015
2015121713511080406810015
2015121713540950140210015
2015121713590910400410015
2015121714250950441410017
2015121715050951163810015
2015121715080910501210017
2015121715140930827810015
2015121715320910400410015
2015121715570910400410015
2015121715591020802810015
2015121715590171019910015
2015121716101070513510015
2015121716150921006310015
2015121716201090822510015
2015121716341080106610015
2015121716350951163810015
2015121716480931029810015
2015121716490171019910015
2015121716530960415110017
2015121716541090822510015
2015121716581150117710015
2015121717030930727310015
2015121717030930827810015
2015121717101151104210015
2015121717151011001910015
2015121717191150760010015
2015121717220930727310015
2015121717220910501210017
2015121717230960415110017
2015121717250910400410015
2015121717260960315010015
2015121717270931234310015
2015121717290910400410015
2015121717300910501210017
2015121717551080106610015
2015121718011150217810015
2015121718030951163810015
2015121718031050604410015
2015121718431090822510015
2015121718450950441410017
2015121718500006472710015
2015121718520931029810015
2015121718550960353210017
2015121718581020802810015
2015121719020950140210015
2015121719030950441710015
2015121719040931234310015
2015121719041020802810015
2015121719051070513510015
2015121719121080406810015
2015121719150006472710015
2015121719171150117710015
2015121719220940134610015
2015121719220951163810015
2015121719260006472710015
2015121719260951163810015
2015121719301151004110015
2015121719330930827810015
2015121719330940134610015
2015121719341080106610015
2015121719570006472710015
2015121720031080106610015
2015121720050950441410017
2015121720060931029810015
2015121720060920603810017
2015121720070920603810017
2015121720090071201210015
2015121720130960353210017
2015121720150960353210017
2015121806010006200210015
2015121806091120132610015
2015121806220950441710015
2015121806420950441710015
2015121806580006200210015
2015121807110006200210015
2015121807180950140210015
2015121807220950140210015
2015121807221011001910015
2015121807300931029810015
2015121807381151104210015
2015121807460950140210015
2015121807540006200210015
2015121807581151004110015
2015121807590910400410015
2015121808001020802810015
2015121808011150117710015
2015121808020960353210017
2015121808060171521610015
2015121808101150760010015
2015121808111150760010015
2015121808110920906210015
2015121808131050604410015
2015121808131150217810015
2015121808141080106610015
2015121808140170092110015
2015121808170951163810015
2015121808190071201210015
2015121808230071201210015
2015121808250070513510015
2015121808340920603810017
2015121808360931029810015
2015121808370071201210015
2015121808420921006310015
2015121808430071201210015
2015121808490170092110015
