2015110208590921006310015
2015110209021080106610015
2015110209060940134610015
2015110209090071201210015
2015110209111090822010015
2015110209190170092110015
2015110209210910501210017
2015110209300006200210015
2015110209490910501210017
2015110209531020802810015
2015110209530171019910015
2015110209550930727310015
2015110209550006200210015
2015110209580910400410015
2015110210251000700810017
2015110210320931234310015
2015110210331080106610015
2015110210370950644410015
2015110210410960315010015
2015110210440071201210015
2015110210461960151210015
2015110210470006200210015
2015110210540951163810015
2015110210560930727310015
2015110211041070513510015
2015110211080960353210017
2015110211090071201210015
2015110211170931029810015
2015110211190951163810015
2015110211290960353210017
2015110211290910400410015
2015110211410971165510015
2015110211440071201210015
2015110211510171521610015
2015110212090971165510015
2015110212110920906210015
2015110212110920906210015
2015110212200950441410017
2015110212390071201210015
2015110212430071201210015
2015110212451130436210015
2015110212501080106610015
2015110212560921006310015
2015110212570921210410017
2015110212581070513510015
2015110213000171019910015
2015110213011150117710015
2015110213040931234310015
2015110213080171019910015
2015110213090940134610015
2015110213120910400410015
2015110213130960415110017
2015110213141130436110015
2015110213140006472710015
2015110213160960353210017
2015110213230951163810015
2015110213270950441410017
2015110214030071201210015
2015110214060921006310015
2015110214171130436210015
2015110214211130436110015
2015110214250920303110017
2015110214370071201210015
2015110214381000700810017
2015110214411130411510015
2015110214430071201210015
2015110214481070513510015
2015110214560921006310015
2015110215050960353210017
2015110215101120132610015
2015110215130071201210015
2015110215270931029810015
2015110215320951163810015
2015110215381150518310015
2015110215461130411510015
2015110215541130411510015
2015110216080171019910015
2015110216110171019910015
2015110216421130436210015
2015110216490921006310015
2015110216531150117710015
2015110216541070513510015
2015110216571020802810015
2015110216591080406810015
2015110217000920303110017
2015110217050910400410015
2015110217071120132610015
2015110217100920303110017
2015110217110931029810015
2015110217160071201210015
2015110217190910501210017
2015110217221090822010015
2015110217240960315010015
2015110217271050604410015
2015110217311020802810015
2015110217341000700810017
2015110217350950644410015
2015110217350950644410015
2015110217400171521610015
2015110217410930827810015
2015110217410951163810015
2015110217430930727310015
2015110217500920906210015
2015110217581070513510015
2015110218051080106610015
2015110218110931234310015
2015110218190171521610015
2015110218221130436110015
2015110218220071201210015
2015110218260960353210017
2015110218320950441710015
2015110218411070513510015
2015110218411150760010015
2015110218421070513510015
2015110218421070513510015
2015110218500171521610015
2015110218521090822010015
2015110218560950441410017
2015110219011080106610015
2015110219070960415110017
2015110219081150760010015
2015110219320920603810017
2015110219330171521610015
2015110219340940134610015
2015110219460960353210017
2015110220041011001910015
2015110220111070513510015
2015110220191130436110015
2015110221021150117710015
2015110221221150217810015
2015110306160006200210015
2015110306290930727310015
2015110306310930727310015
2015110306310006200210015
2015110306421120132610015
2015110307000950441710015
2015110307180006200210015
2015110307290950140210015
2015110307290950140210015
2015110307310171019910015
2015110307341090822010015
2015110307350931029810015
2015110307390940134610015
2015110307390940134610015
2015110307461150518310015
2015110307500921006310015
2015110307550910400410015
2015110307580071201210015
2015110307590910501210017
2015110308000920603810017
2015110308010170092110015
2015110308030950644410015
2015110308031080406810015
2015110308031080406810015
2015110308040950644410015
2015110308040006200210015
2015110308051020802810015
2015110308070920906210015
2015110308130951163810015
2015110308151011001910015
2015110308171150760010015
2015110308191050604410015
2015110308190960315010015
2015110308200931234310015
2015110308211080106610015
2015110308231070513510015
2015110308231070513510015
2015110308231070513510015
2015110308241150217810015
2015110308270960353210017
2015110308280930827810015
2015110308290006200210015
2015110308330940134610015
2015110308420921210410017
2015110308441000700810017
