2015110908590006472710015
2015110909020960265010015
2015110909090930827810015
2015110909100930523310017
2015110909140910400410015
2015110909340071201210015
2015110909350940134610015
2015110909390171019910015
2015110909420071201210015
2015110909471090822010015
2015110909510920603810017
2015110909520071201210015
2015110909561150518310015
2015110909581070513510015
2015110910180910400410015
2015110910231130436110015
2015110910230921006310015
2015110910250006472710015
2015110910331080106610015
2015110910371150217810015
2015110910420950644410015
2015110910561130411510015
2015110910571120132610015
2015110911010071201210015
2015110911050960353210017
2015110911220951163810015
2015110911270950140210015
2015110911360921210410017
2015110911410951163810015
2015110911420071201210015
2015110911421130436210015
2015110911460920603810017
2015110912091120132610015
2015110912160960315010015
2015110912170921006310015
2015110912210910501210017
2015110912221070513510015
2015110912251050604410015
2015110912270921210410017
2015110912291080406810015
2015110912290071201210015
2015110912320930523310017
2015110912320071201210015
2015110912420930727310015
2015110912420071201210015
2015110912590931234310015
2015110913020910501210017
2015110913051120710610015
2015110913071130411510015
2015110913071150518310015
2015110913081070513510015
2015110913090930523310017
2015110913131080406810015
2015110913140950441410017
2015110913150910400410015
2015110913150951163810015
2015110913160006200210015
2015110913171080106610015
2015110913181080106610015
2015110913191150518310015
2015110913260006200210015
2015110913330071201210015
2015110913340930523310017
2015110913381150117710015
2015110913411130436210015
2015110913490920303110017
2015110913500171019910015
2015110913510930320310015
2015110914000960353210017
2015110914161130411510015
2015110914250950441410017
2015110914280931029810015
2015110914300931234310015
2015110914330171019910015
2015110914470951163810015
2015110914510910400410015
2015110914550920906210015
2015110915100960265010015
2015110915110960265010015
2015110915121070513510015
2015110915131120132610015
2015110915150931029810015
2015110915220971165510015
2015110915330910501210017
2015110915460950140210015
2015110915570171019910015
2015110916091150117710015
2015110916140921006310015
2015110916311130411510015
2015110916350171019910015
2015110916410950140210015
2015110916421090822010015
2015110916430920906210015
2015110916451130436210015
2015110916541130436210015
2015110917011150760010015
2015110917080931234310015
2015110917090171521610015
2015110917110920303110017
2015110917130930727310015
2015110917150910400410015
2015110917180910501210017
2015110917190930523310017
2015110917200171521610015
2015110917200960415110017
2015110917220931029810015
2015110917231080406810015
2015110917261150760010015
2015110917260910400410015
2015110917270910400410015
2015110917270910501210017
2015110917310960353210017
2015110917320910501210017
2015110917330951163810015
2015110917341150117710015
2015110917371150217810015
2015110917421050604410015
2015110917440930827810015
2015110917480950644410015
2015110917530920603810017
2015110918000071201210015
2015110918021000700810017
2015110918020930827810015
2015110918030950644410015
2015110918061000700810017
2015110918070971165510015
2015110918090930523310017
2015110918091080106610015
2015110918101020802810015
2015110918110940134610015
2015110918151080106610015
2015110918190931234310015
2015110918240940134610015
2015110918361150437310015
2015110918370950140210015
2015110918410921006310015
2015110918441070513510015
2015110919051120132610015
2015110919100950441710015
2015110919130960315010015
2015110919141070513510015
2015110919170921210410017
2015110919340931234310015
2015110919360951163810015
2015110919391130411510015
2015110919540920603810017
2015110920170950441410017
2015110920201080106610015
2015111005480006472710015
2015111006170006200210015
2015111006190006472710015
2015111006241120132610015
2015111006270930727310015
2015111006310006200210015
2015111006530006200210015
2015111006571090822010015
2015111006580950441710015
2015111007190940134610015
2015111007241150217810015
2015111007250950140210015
2015111007410920906210015
2015111007431150518310015
2015111007451011001910015
2015111007501130411510015
2015111007501150760010015
2015111007500960415110017
2015111007500910501210017
2015111007520921006310015
2015111007551080406810015
2015111007571050604410015
2015111008040960315010015
2015111008050931234310015
2015111008081020802810015
2015111008110006200210015
2015111008130960353210017
2015111008150950644410015
2015111008160950441410017
2015111008161000700810017
2015111008160930827810015
2015111008170920603810017
2015111008191080106610015
2015111008190071201210015
2015111008230910400410015
2015111008340951163810015
2015111008380960315010015
2015111008380070513510015
2015111008480171019910015
2015111008500006472710015
