2015123009020006472710015
2015123009101011001910015
2015123009130171521610015
2015123009291150437310015
2015123009330910400410015
2015123009360910400410015
2015123009430950644410015
2015123009490930727310015
2015123010041130436110015
2015123010290960353210017
2015123010380171019910015
2015123010430950644410015
2015123010450960150910015
2015123010460960415110017
2015123011170921006310015
2015123011191150437310015
2015123011210930727310015
2015123011241120132610015
2015123011370960353210017
2015123011401080106610015
2015123011420006472710015
2015123011491150518310015
2015123011540951163810015
2015123011561080106610015
2015123012301150760010015
2015123012331150437310015
2015123012340071201210015
2015123012420960415110017
2015123012480950140210015
2015123012500171019910015
2015123013040006472710015
2015123013090931234310015
2015123013101130436110015
2015123013110071201210015
2015123013130071201210015
2015123013190960150910015
2015123013231070513510015
2015123013320931234310015
2015123013430950140210015
2015123013480960150910015
2015123013501151104210015
2015123013540950441710015
2015123013551150437310015
2015123014001150518310015
2015123014010071201210015
2015123014100950644410015
2015123014370006200210015
2015123014440951163810015
2015123014471130436110015
2015123014550930727310015
2015123014560071201210015
2015123015200931234310015
2015123015240921210410017
2015123015450071201210015
2015123016051130436110015
2015123016100171019910015
2015123016100950644410015
2015123016111050604410015
2015123016170170092110015
2015123016250910400410015
2015123016300920906210015
2015123016380950441710015
2015123016401011001910015
2015123016560921006310015
2015123016560931234310015
2015123016561151004110015
2015123017000931029810015
2015123017000931029810015
2015123017050930727310015
2015123017051130436110015
2015123017080071201210015
2015123017160931234310015
2015123017170931029810015
2015123017191080106610015
2015123017210910400410015
2015123017231080406810015
2015123017261050604410015
2015123017270910400410015
2015123017301151104210015
2015123017331150760010015
2015123017340960353210017
2015123017370170092110015
2015123017471080106610015
2015123017550951163810015
2015123017581150217810015
2015123018141150217810015
2015123018141150760010015
2015123018330071201210015
2015123018500960353210017
2015123019030920906210015
2015123019030950140210015
2015123019081070513510015
2015123019111070513510015
2015123019130950644410015
2015123019130930827810015
2015123019510071201210015
2015123019530951163810015
2015123019550960415110017
2015123019581070513510015
2015123019581070513510015
2015123019581070513510015
2015123019581070513510015
2015123019581070513510015
2015123019580951163810015
2015123019590951163810015
2015123019590951163810015
2015123020001070513510015
2015123020020071201210015
2015123020040960353210017
2015123105460006472710015
2015123106310930727310015
2015123106500006472710015
2015123106550950441710015
2015123107270960415110017
2015123107281011001910015
2015123107310930827810015
2015123107310930827810015
2015123107340930827810015
2015123107350950140210015
2015123107351151004110015
2015123107401050604410015
2015123107551150760010015
2015123107560071201210015
2015123107580171521610015
2015123108000960353210017
2015123108020920906210015
2015123108111080106610015
2015123108111070513510015
2015123108111070513510015
2015123108110070513510015
2015123108121070513510015
2015123108130931029810015
2015123108161151104210015
2015123108171070513510015
2015123108231130436110015
2015123108230921210410017
2015123108250910400410015
2015123108261150217810015
2015123108271070513510015
2015123108380910400410015
2015123108450950140210015
2015123108520171521610015
