2015123109000071201210015
2015123109441080106610015
2015123109460071201210015
2015123110090931029810015
2015123110450171521610015
2015123110560920906210015
2015123110591151104210015
2015123111040910400410015
2015123111230071201210015
2015123111260930727310015
2015123111270171521610015
2015123111310950441710015
2015123111320006472710015
2015123111390951163810015
2015123111420006200210015
2015123111450006472710015
2015123111540930827810015
2015123112000006200210015
2015123112220171019910015
2015123112400171521610015
2015123112501050604410015
2015123113011070513510015
2015123113050910400410015
2015123113140006472710015
2015123113191130436110015
2015123113210951163810015
2015123113260171521610015
2015123113270171521610015
2015123113500931029810015
2015123113510930827810015
2015123113560951163810015
2015123114320006200210015
2015123114430171019910015
2015123114440170092110015
2015123115131130436110015
2015123115170910400410015
2015123115180071201210015
2015123115200071201210015
2015123115240006200210015
2015123115261080106610015
2015123115300170092110015
2015123115420960353210017
2015123116231130436110015
2015123116270950441710015
2015123116361011001910015
2015123116370930727310015
2015123116411151004110015
2015123116410930727310015
2015123116410950441710015
2015123116420960415110017
2015123116431050604410015
2015123116550910400410015
2015123117030920906210015
2015123117040006200210015
2015123117080006200210015
2015123117150950140210015
2015123117210006200210015
2015123117250950140210015
2015123117291080106610015
2015123117291151104210015
2015123117300960353210017
2015123117300950140210015
2015123117310960353210017
2015123117351150760010015
2015123117350930827810015
2015123117361150217810015
2015123117381070513510015
2015123117380070513510015
2015123117520006200210015
2015123118031130436110015
2015123118060071201210015
2015123118091011001910015
