20151107091022019110080
20151107093022005410080
20151107093422026710080
20151107093422019710080
20151107093422003910080
20151107094022027310080
20151107094122025410080
20151107100622025900080
20151107133722008610080
20151107133822026410080
20151107133922019610080
20151107134222009110080
20151107134222018210080
20151107134222021910080
20151107134322020410080
20151107134722019810080
20151107134922024610080
20151107134922024310080
20151107135022024510080
20151107135122001610080
20151107135322025610080
20151107135722020610080
20151107135722011610080
20151107140022027500080
20151107140022001500080
20151107140022007300080
20151107140022008900080
20151107140022011900080
20151107140022018000080
20151107140022024900080
20151107140022020900080
20151107140022026300080
20151107140022004300080
20151107140022008800080
20151107140022024800080
20151107140022021000080
20151107140322012100080
20151107140422020300080
20151107142822002810080
20151107142922004710080
20151107143322001010080
20151107143922001200080
20151107143922003200080
20151107160722022600080
20151107170022005200080
20151107170022023900080
20151107170022023100080
20151107170022004800080
20151107170022018500080
20151107170022022000080
20151107170122008700080
20151107170122023400080
20151107170522028100080
20151107170922021300080
20151107170922021300080
20151107170922019100080
20151107171522027900080
20151107173022010310080
20151107173022005010080
20151107173622024210080
20151107175222017310080
20151107175222017310080
20151107175522016610080
20151107180022021800080
20151107180022026200080
20151107180122002000080
20151107180122014600080
20151107180222002100080
20151107180222028000080
20151107180322007200080
20151107180422024700080
20151107180422026500080
20151107180422026500080
20151107180522002300080
20151107200022003800080
20151107200122023600080
20151107213122026810080
20151107213722003510080
20151107213722005510080
20151107213722017410080
20151107213722002210080
20151107213822016410080
20151107213922003310080
20151107213922011710080
20151107213922004910080
20151107214022017510080
20151107214222018710080
20151107214222017910080
20151107214222016510080
20151107214222004010080
20151107214222006210080
20151107214322025310080
20151107214322025810080
20151107214322025010080
20151107214422014310080
20151107214522026110080
20151107214522027610080
20151107214622026910080
20151107214622014410080
20151107215122021110080
20151107215422027010080
20151107215422027010080
20151107220022009100080
20151107220022026400080
20151107220022011600080
20151107220022024300080
20151107220022004700080
20151107220022008600080
20151107220022021900080
20151107220022024600080
20151107220022027300080
20151107220022020600080
20151107220022019600080
20151107220022018200080
20151107220022003900080
20151107220022005400080
20151107220022002800080
20151107220022025600080
20151107220022025400080
20151107220022026700080
20151107220022019800080
20151107220022017300080
20151107220022017300080
20151107220022024500080
20151107220122020400080
20151107220122019700080
20151107220222001600080
20151107230922014200080
20151108053722012810080
20151108053822026210080
20151108053922027510080
20151108053922028010080
20151108054022014610080
20151108054222007310080
20151108054222002310080
20151108054222018010080
20151108054222003210080
20151108054222001510080
20151108054322021010080
20151108054322008810080
20151108054322004310080
20151108054422020910080
20151108054522024910080
20151108054522025210080
20151108054622026510080
20151108054622026510080
20151108054622012110080
20151108054622007210080
20151108054622024810080
20151108054722011910080
20151108054722021810080
20151108060022003500080
20151108060022017400080
20151108060022018700080
20151108060022005000080
20151108060022026800080
20151108060022014400080
20151108060022002200080
20151108060022001000080
20151108060022025800080
20151108060022021100080
20151108060022016600080
20151108060022004000080
20151108060022016400080
20151108060022017900080
20151108060022006200080
20151108060022026100080
20151108060022026100080
20151108060122027000080
20151108060122025300080
20151108060122005500080
20151108060122011700080
20151108060122014300080
20151108060222010300080
20151108060222025000080
20151108060322024200080
20151108060522016500080
20151108074622026610080
20151108075122005610080
20151108075122023010080
20151108084422021610080
20151108090122028510080
2015110709210960352210070
2015110709210960352210070
2015110709361081117110070
2015110709371081117110070
2015110709551110830810070
2015110709551110830810070
2015110710011051109600070
2015110710120931031500070
2015110713431060712210070
2015110713430930422110070
2015110713451120333110070
2015110713510930118610070
2015110713510930118610070
2015110713512401201410070
2015110713531100425510070
2015110713531100626110070
2015110713531091123610070
2015110713541100425610070
2015110713541120333810070
2015110713541120333810070
2015110713550931030210070
2015110713550960251810070
2015110713561060711710070
2015110713560940837310070
2015110713570950946810070
2015110713592704201410070
2015110714000950663200070
2015110714000950663200070
2015110714010971266100070
2015110714010960352700070
2015110714011070714400070
2015110714010930116900070
2015110714021081217900070
2015110714020930118900070
2015110714021120333400070
2015110714050950948700070
2015110714060930117200070
2015110716011090721700070
2015110716011090721700070
2015110717000930428000070
2015110717271081016810070
2015110717290921211110070
2015110717421090621110070
2015110717441090621110070
2015110717447311201310070
2015110717450930928810070
2015110717481110629810070
2015110717481110629810070
2015110718040930117500070
2015110718040930117500070
2015110718140931234100070
2015110720060930827400070
2015110720060930827400070
2015110721380950947710070
2015110721380950947710070
2015110721380980366710070
2015110721391060210510070
2015110721400950663110070
2015110721400950663110070
2015110721400930524810070
2015110721400930524810070
2015110721410950542810070
2015110721410950542810070
2015110721420930118110070
2015110721420930118110070
2015110721420950945810070
2015110721420950945810070
2015110721430960655910070
2015110721430950945810070
2015110721430931030510070
2015110721430931030510070
2015110721440960453810070
2015110721440960453810070
2015110721450950949410070
2015110721450950949410070
2015110721461060711810070
2015110721501120634610070
2015110721501120735210070
2015110721520940837010070
2015110722002401201400070
2015110722010950946800070
2015110722011120333100070
2015110722011120333100070
2015110722022704201400070
2015110722030931030200070
2015110722100960352200070
2015110722100960352200070
2015110805300921213610070
2015110805320921211610070
2015110805330930524310070
2015110805350950662710070
2015110805350950662710070
2015110805380960352710070
2015110805391081217910070
2015110805390930117210070
2015110805390921212010070
2015110805390921212010070
2015110805400930116910070
2015110805410930118910070
2015110805420950947510070
2015110805420950947510070
2015110805430921213110070
2015110805441070714410070
2015110805490940837410070
2015110805490950946610070
2015110806010950663100070
2015110806010950663100070
2015110806021060210500070
2015110806040930118100070
2015110806040930118100070
2015110806300930928800070
2015110806310930928800070
2015110807270931030710070
2015110807310930524210070
2015110807400960454010070
2015110807442805201510070
2015110807442805201510070
2015110808160930421310070
2015110808581081117110070
2015110808581081117110070
2015110709511100626810060
2015110710010950948000060
2015110710080950745000060
2015110713370941038610060
2015110713370941038610060
2015110713390950945910060
2015110713420930117010060
2015110713420930117010060
2015110713430970364410060
2015110713430970364410060
2015110713510960251910060
2015110713510960251910060
2015110713540960251510060
2015110713551091123610060
2015110713560950949310060
2015110713580930524710060
2015110713580930524710060
2015110714011040407700060
2015110714011040407700060
2015110714010931032700060
2015110714010921213600060
2015110714010921213100060
2015110714010921211600060
2015110714011111232300060
2015110714010950947500060
2015110714020950946600060
2015110714020940837400060
2015110714020950662700060
2015110714020950662700060
2015110714030960352700060
2015110714041101228100060
2015110714041090621000060
2015110714041081218000060
2015110714041120333200060
2015110714041120634500060
2015110714060921212000060
2015110714070930524300060
2015110714070950745200060
2015110716220931030300060
2015110717002805201500060
2015110717002805201500060
2015110717001081117400060
2015110717001081117400060
2015110717000930928500060
2015110717000930928500060
2015110717010941038300060
2015110717010941038300060
2015110717020930428000060
2015110717040931031000060
2015110717041120835400060
2015110717051070714300060
2015110717120930421600060
2015110717461090621110060
2015110717477311201310060
2015110717470930928810060
2015110717560931233800060
2015110718020930727200060
2015110718020930727200060
2015110718060950949000060
2015110718061090318400060
2015110718191100124300060
2015110718191100124300060
2015110718191100124300060
2015110718230930421200060
2015110718230930421200060
2015110718351100626300060
2015110720120930115600060
2015110720120930115600060
2015110721000931233700060
2015110721000930115700060
2015110721010930827500060
2015110721010930827500060
2015110721011081117300060
2015110721381060712310060
2015110721420930524810060
2015110721420930524810060
2015110721451111232110060
2015110721451111232110060
2015110721460941239710060
2015110721471120634310060
2015110721471120634310060
2015110721481120634810060
2015110721481120634810060
2015110721510941038710060
2015110721571111232210060
2015110721571111232210060
2015110721570950946310060
2015110721570921212310060
2015110722010941038600060
2015110722010941038600060
2015110722011060712200060
2015110722010930118600060
2015110722010930118600060
2015110722011100425600060
2015110722011110830800060
2015110722021110830800060
2015110722021081117100060
2015110722020930524700060
2015110722020930524700060
2015110722030960251500060
2015110722031111232000060
2015110722031100425500060
2015110722030970364400060
2015110722030970364400060
2015110722041100626800060
2015110722040930422100060
2015110722040940837300060
2015110722041091123600060
2015110722050950949300060
2015110722051060711700060
2015110722051120333800060
2015110722051120333800060
2015110722050960251900060
2015110722050960251900060
2015110722061100626100060
2015110805391101228110060
2015110805400960352710060
2015110805400931032710060
2015110805410950949010060
2015110805420930117510060
2015110805420930117510060
2015110805421090318410060
2015110805421120333410060
2015110805421081218010060
2015110805431120333210060
2015110805431120333210060
2015110805440950947510060
2015110805481090621010060
2015110805481111232310060
2015110806001120634300060
2015110806001120634300060
2015110806001111232200060
2015110806001060110200060
2015110806001120634600060
2015110806000950947700060
2015110806000950947700060
2015110806000950946300060
2015110806001110629800060
2015110806001110629800060
2015110806000931030500060
2015110806000931030500060
2015110806010921211100060
2015110806010950945800060
2015110806010950945800060
2015110806010930117000060
2015110806010930117000060
2015110806011120634800060
2015110806011120634800060
2015110806020960251800060
2015110806021111232100060
2015110806021111232100060
2015110806027311201300060
2015110806027311201300060
2015110806020930524700060
2015110806020930524700060
2015110806030950945900060
2015110806031060711800060
2015110806031120735200060
2015110806040941239700060
2015110806040921212300060
2015110806330930928800060
2015110806331090621100060
2015110807290931030710060
2015110807310950662810060
2015110807340930524210060
2015110807420960454010060
2015110807561090418610060
2015110807561090418610060
2015110807561090418610060
2015110808180960151310060
2015110808180930421310060
