20151102095422002110080
20151102095422020310080
20151102095622021810080
20151102100222017300080
20151102100222017300080
20151102100222001600080
20151102113822014700080
20151102131022003210080
20151102132522027510080
20151102133022012810080
20151102133822007310080
20151102133822018010080
20151102133922024910080
20151102133922025210080
20151102133922026510080
20151102133922026510080
20151102133922026510080
20151102134322014610080
20151102134322002310080
20151102134522001510080
20151102134522021010080
20151102134622026210080
20151102134722010710080
20151102134822011910080
20151102135022012110080
20151102135022008810080
20151102135022004310080
20151102135022024710080
20151102135022024810080
20151102135822020910080
20151102160022012200080
20151102160022003100080
20151102160022012000080
20151102160022021500080
20151102160022018700080
20151102160022027400080
20151102160022027100080
20151102160022004600080
20151102160022027100080
20151102160022002600080
20151102160022017200080
20151102160022025900080
20151102160022018100080
20151102160022023800080
20151102160022009000080
20151102160122003000080
20151102160222011100080
20151102160222011100080
20151102160222024400080
20151102160322027200080
20151102170022012400080
20151102170022002000080
20151102170022014100080
20151102170022021300080
20151102170022014200080
20151102170022005300080
20151102170022025100080
20151102170022023600080
20151102170022013600080
20151102170022004800080
20151102170022028100080
20151102170022024000080
20151102170022023200080
20151102170022028400080
20151102170022023100080
20151102170022015500080
20151102170122018500080
20151102170122027800080
20151102170122026600080
20151102170122022000080
20151102170122022200080
20151102170222004500080
20151102170222009200080
20151102170222023300080
20151102170222023900080
20151102170222005200080
20151102170222023000080
20151102170222012700080
20151102170222027700080
20151102170322023500080
20151102170422005100080
20151102170422029300080
20151102170522023700080
20151102170522029500080
20151102170622008900080
20151102170822027900080
20151102170822006700080
20151102171022008700080
20151102171222028200080
20151102172322010500080
20151102172422009300080
20151102172422003800080
20151102172722001200080
20151102173022005600080
20151102173122023400080
20151102173122006400080
20151102173222017700080
20151102173422022500080
20151102173522019710080
20151102173722028010080
20151102174022026310080
20151102174222000500080
20151102174822007210080
20151102175822000900080
20151102180022025700080
20151102180022025500080
20151102180022011500080
20151102180022014500080
20151102180122019900080
20151102180322026000080
20151102185322019100080
20151102185822000600080
20151102190022003300080
20151102190022020700080
20151102190122028500080
20151102190122011300080
20151102190212036300080
20151102190822000300080
20151102192022002400080
20151102193322028700080
20151102195022000400080
20151102195822018800080
20151102200022028300080
20151102200022003700080
20151102200322022600080
20151102204022011000080
20151102210222020800080
20151102210922020800080
20151102213022009110080
20151102213022020410080
20151102213222001010080
20151102213222004710080
20151102213222004410080
20151102213222002810080
20151102213422008610080
20151102213422024510080
20151102213622025410080
20151102213722020610080
20151102213722011610080
20151102213722025610080
20151102213822006110080
20151102214122001610080
20151102214122021910080
20151102214122017310080
20151102214122017310080
20151102214122026410080
20151102214122019610080
20151102214122027310080
20151102214222018210080
20151102214222016610080
20151102214422005410080
20151102214622019810080
20151102214622024610080
20151102215022024310080
20151102220022026300080
20151102220022021000080
20151102220022020900080
20151102220022002300080
20151102220022001500080
20151102220022024800080
20151102220022010700080
20151102220022024700080
20151102220022018000080
20151102220022007300080
20151102220022026200080
20151102220022027500080
20151102220022024900080
20151102220022012100080
20151102220122012800080
20151102220122002100080
20151102220222011900080
20151102220222021800080
20151102220222014600080
20151102220222020300080
20151102220322008800080
20151102220322004300080
20151102220322025200080
20151102220622028000080
20151102220922003200080
20151103052822003510080
20151103052822002210080
20151103052822005510080
20151103053122027010080
20151103053122027010080
20151103053222011710080
20151103053222016410080
20151103053322004910080
20151103053422017510080
20151103053422025010080
20151103053422026810080
20151103053522025810080
20151103053522017910080
20151103053522004010080
20151103053622014410080
20151103053822001710080
20151103053822017410080
20151103053822026110080
20151103053922014310080
20151103054122027610080
20151103054322010310080
20151103054322005010080
20151103054422021110080
20151103054822016510080
20151103054822006210080
20151103054922016010080
20151103060022001000080
20151103060022008600080
20151103060022011600080
20151103060022019600080
20151103060022004700080
20151103060022021900080
20151103060022009100080
20151103060022002800080
20151103060022007200080
20151103060022018200080
20151103060022005400080
20151103060022026400080
20151103060022020600080
20151103060022019800080
20151103060022016600080
20151103060022025600080
20151103060022006100080
20151103060022020400080
20151103060122024500080
20151103060122017300080
20151103060122017300080
20151103060122001600080
20151103060122024600080
20151103060122019700080
20151103060222004400080
20151103060322026500080
20151103060322026500080
20151103070522028210080
20151103070522028210080
20151103071122023210080
20151103071922028310080
20151103072322021310080
20151103072422000110080
20151103072922006710080
20151103073022009510080
20151103073022018810080
20151103073122000410080
20151103073422027910080
20151103073722024010080
20151103073722023610080
20151103073722027710080
20151103073722028510080
20151103073722013610080
20151103073822003710080
20151103073822004510080
20151103073822022210080
20151103073922000510080
20151103073922004810080
20151103073922020710080
20151103074122023010080
20151103074122010510080
20151103074222005600080
20151103074222005610080
20151103074222011310080
20151103074222000610080
20151103074222023910080
20151103074322028710080
20151103074622017710080
20151103074622002010080
20151103074622009310080
20151103074622003310080
20151103074622008710080
20151103074622005310080
20151103074622006410080
20151103074622022010080
20151103074622028410080
20151103074622014210080
20151103074622018510080
20151103074622025110080
20151103074622023510080
20151103074622027810080
20151103074712036310080
20151103074722023410080
20151103074722012710080
20151103074722014110080
20151103074722028110080
20151103074722023110080
20151103074722001210080
20151103074722005110080
20151103074822012410080
20151103074822000910080
20151103074822021610080
20151103074822015510080
20151103074822020810080
20151103075322026610080
20151103075322023310080
20151103075322005210080
20151103075422029510080
20151103075422022610080
20151103075522000310080
20151103075522028610080
20151103075622023710080
20151103075622002410080
20151103080022029310080
2015110209340971266110070
2015110209441120333410070
2015110209510950946610070
2015110209530921211610070
2015110213270921213610070
2015110213340930524310070
2015110213410921212010070
2015110213410921212010070
2015110213420960352710070
2015110213430940837410070
2015110213430940837410070
2015110213450960251710070
2015110213450960251710070
2015110213480930116910070
2015110213510950948710070
2015110213551070714410070
2015110213570921213010070
2015110214021120333700070
2015110214020930116300070
2015110214020930116300070
2015110214040951050000070
2015110214501021005610070
2015110217000930929300070
2015110217000960151300070
2015110217000930929300070
2015110217002805201500070
2015110217000930115700070
2015110217000950948000070
2015110217000950948400070
2015110217000930929000070
2015110217001081117200070
2015110217001081117200070
2015110217000940736000070
2015110217001040407700070
2015110217001081117400070
2015110217000930116000070
2015110217010930524200070
2015110217010930524200070
2015110217010930524200070
2015110217010930928500070
2015110217010930928300070
2015110217010930928300070
2015110217010960454000070
2015110217021130436000070
2015110217020930928800070
2015110217021100425200070
2015110217021100425200070
2015110217020911102100070
2015110217020911102100070
2015110217030960856100070
2015110217030950662200070
2015110217030930117400070
2015110217031100626400070
2015110217041090419000070
2015110217041090822200070
2015110217040931030700070
2015110217040921213300070
2015110217040930523700070
2015110217041090418800070
2015110217040921212700070
2015110217051020905000070
2015110217051020303800070
2015110217050961056500070
2015110217061061212900070
2015110217061100425100070
2015110217061111031300070
2015110217060950744600070
2015110217060930320600070
2015110217060920604500070
2015110217070960655500070
2015110217071090520100070
2015110217091110329200070
2015110217180931030600070
2015110217180981267700070
2015110217180981267700070
2015110217270930422200070
2015110217270920604200070
2015110217300930421300070
2015110217311090318410070
2015110217310950663000070
2015110217320950662710070
2015110217320950662710070
2015110217320930117210070
2015110217330940535500070
2015110217330930118910070
2015110217421120634900070
2015110217461150337200070
2015110217490950947510070
2015110217571111232010070
2015110218001091123610070
2015110218001091123610070
2015110218051051109600070
2015110218071120634400070
2015110218071120634400070
2015110218280941239300070
2015110218351090419900070
2015110219301100224400070
2015110219301100224400070
2015110219360931233900070
2015110220000930929700070
2015110220000930929700070
2015110220001090419500070
2015110220001090419500070
2015110220011081117300070
2015110220051140836800070
2015110220070930115900070
2015110221210960352210070
2015110221210960352210070
2015110221330931030210070
2015110221340981203710070
2015110221350950949310070
2015110221360930118610070
2015110221360930118610070
2015110221371081117110070
2015110221371100425510070
2015110221420921211110070
2015110221430930422110070
2015110221450940837310070
2015110221450940837310070
2015110221461110830810070
2015110221461110830810070
2015110221490970364410070
2015110221491120333110070
2015110222020940837400070
2015110222020940837400070
2015110222050950948700070
2015110222102401201410070
2015110305110950543210070
2015110305110950543210070
2015110305320950542810070
2015110305320950542810070
2015110305350941239710070
2015110305350950945810070
2015110305350950945810070
2015110305360930524810070
2015110305361110629810070
2015110305361110629810070
2015110305361120634310070
2015110305361120634310070
2015110305380980366710070
2015110305390950947710070
2015110305390950947710070
2015110305391090620610070
2015110305407311201310070
2015110305411060711810070
2015110305430940837010070
2015110305441120634610070
2015110305490931030510070
2015110305490931030510070
2015110305511120735210070
2015110305520950663110070
2015110305520950663110070
2015110305521110830510070
2015110306000940837300070
2015110306000940837300070
2015110306010930118900070
2015110306010930117200070
2015110306010921213100070
2015110306010931030200070
2015110306022704201400070
2015110306040960352200070
2015110306480931233810070
2015110306540941038310070
2015110306540941038310070
2015110307080941239310070
2015110307260930827610070
2015110307260911102110070
2015110307260911102110070
2015110307261111131610070
2015110307261090822110070
2015110307271090419910070
2015110307271090822210070
2015110307270930219910070
2015110307291100425210070
2015110307291100425210070
2015110307301111031210070
2015110307311061212910070
2015110307311061212910070
2015110307311100425110070
2015110307311011002910070
2015110307310931030710070
2015110307310930662310070
2015110307331111031310070
2015110307341021005510070
2015110307351150337210070
2015110307351090418510070
2015110307361140836810070
2015110307361130436010070
2015110307360950662210070
2015110307360940535510070
2015110307381070714310070
2015110307390930524210070
2015110307391090922710070
2015110307400930219810070
2015110307400950542610070
2015110307411090419510070
2015110307410930928410070
2015110307410960252110070
2015110307410960655510070
2015110307410950744610070
2015110307420960151110070
2015110307420931133210070
2015110307420920605610070
2015110307420940736010070
2015110307420940736010070
2015110307430931233710070
2015110307430930626010070
2015110307430930929710070
2015110307431090520110070
2015110307440950663010070
2015110307440950663010070
2015110307450930928510070
2015110307452805201510070
2015110307451020905010070
2015110307450951150410070
2015110307450951150410070
2015110307451081016810070
2015110307450921213310070
2015110307461090520410070
2015110307470931234410070
2015110307471120835410070
2015110307471100626410070
2015110307470931234010070
2015110307471090419010070
2015110307470930115910070
2015110307470931031010070
2015110307470960555310070
2015110307471111131810070
2015110307481081117210070
2015110307481081117410070
2015110307481090621110070
2015110307480960454010070
2015110307481100425910070
2015110307480921213710070
2015110307480930422210070
2015110307480930422310070
2015110307491091223910070
2015110307500930929310070
2015110307500930929310070
2015110307500930421410070
2015110307500930421410070
2015110307500930117410070
2015110307511100224410070
2015110307510921211710070
2015110307510921211710070
2015110307511081117310070
2015110307530930320600070
2015110307530920604510070
2015110307550920604210070
2015110307551020303710070
2015110307550931133510070
2015110307550930115610070
2015110307550950543110070
2015110307551100626610070
2015110307560931031210070
2015110307570941258510070
2015110307571021005610070
2015110307580920605110070
2015110308000930727210070
2015110308550931234110070
2015110209321090621010060
2015110210001120333100060
2015110210010941038600060
2015110210010941038600060
2015110210020960251900060
2015110210020960251900060
2015110210031100425500060
2015110210030921211100060
2015110213311101228110060
2015110213310950745210060
2015110213440930525110060
2015110213440960352710060
2015110213440930117510060
2015110213440930117510060
2015110213501020604310060
2015110214010950745000060
2015110214010950946700060
2015110214010940735900060
2015110214010950663200060
2015110214010930524600060
2015110214020950947600060
2015110214034110201500060
2015110214030981203800060
2015110214030950946900060
2015110214030950946900060
2015110214040981203800060
2015110214070931031500060
2015110217000931234000060
2015110217000931234000060
2015110217000931234000060
2015110217000931234000060
2015110217021040407700060
2015110217021040407700060
2015110217020930421400060
2015110217020930421400060
2015110217021111131800060
2015110217020930114400060
2015110217020930428000060
2015110217031070714300060
2015110217030950662800060
2015110217031091223900060
2015110217031130436000060
2015110217041120735300060
2015110217040931032500060
2015110217041100124300060
2015110217041100124300060
2015110217041100124300060
2015110217041011002900060
2015110217040930928800060
2015110217040930421200060
2015110217041090419600060
2015110217040960151000060
2015110217040930827400060
2015110217041100626300060
2015110217041110329000060
2015110217040931030900060
2015110217040980366800060
2015110217041090721700060
2015110217050931030300060
2015110217051081016800060
2015110217051120232700060
2015110217051120835400060
2015110217050960555300060
2015110217050960856100060
2015110217050951150400060
2015110217050951150400060
2015110217050930115000060
2015110217050930115000060
2015110217051100626600060
2015110217050960252100060
2015110217050951049700060
2015110217050931133200060
2015110217060931030700060
2015110217060930115500060
2015110217060930523700060
2015110217061090418800060
2015110217062804201400060
2015110217060921212700060
2015110217070970965100060
2015110217071090418500060
2015110217071150437400060
2015110217071090418700060
2015110217080940735700060
2015110217081090822100060
2015110217081090418600060
2015110217081090418600060
2015110217091090419300060
2015110217200931030600060
2015110217261080315000060
2015110217261060611400060
2015110217261060611400060
2015110217270920605600060
2015110217290921213700060
2015110217301100425900060
2015110217301110328900060
2015110217301090721600060
2015110217301101228300060
2015110217301101228300060
2015110217321090520400060
2015110217320930421300060
2015110217360921213110060
2015110217370930115600060
2015110217431120333210060
2015110217431120333210060
2015110217441021005600060
2015110217441111232310060
2015110217471081016100060
2015110217481081218010060
2015110217510950947510060
2015110218001110629600060
2015110218001090318200060
2015110218000950662900060
2015110218000950662900060
2015110218061110629900060
2015110218061110629900060
2015110218061100927200060
2015110218061060712000060
2015110218060950948600060
2015110218070930119000060
2015110218071060711900060
2015110218100941239400060
2015110218110941239400060
2015110218281090419200060
2015110218301090621300060
2015110218361111131600060
2015110218360930219900060
2015110219020930827600060
2015110219020930827600060
2015110219221150337100060
2015110220000950543100060
2015110220010930928400060
2015110220010930928400060
2015110220010931233700060
2015110220020930827500060
2015110220021100727000060
2015110220020950543300060
2015110220031090419500060
2015110220031090419500060
2015110220030930421600060
2015110220031081117300060
2015110220041110830600060
2015110220040931031000060
2015110220061081117500060
2015110220071111031400060
2015110220071111031400060
2015110220071111031400060
2015110220071140836800060
2015110220090930115900060
2015110220440941258500060
2015110221330941038610060
2015110221330941038610060
2015110221390930524710060
2015110221390930524710060
2015110221400930117010060
2015110221420960251510060
2015110221430960251910060
2015110221430960251910060
2015110221471100626810060
2015110221510960251810060
2015110221510960251810060
2015110222000930525100060
2015110222000930116900060
2015110222000931032700060
2015110222000921213600060
2015110222001101228100060
2015110222000930524300060
2015110222011120333400060
2015110222011020604300060
2015110222010950662700060
2015110222010921211600060
2015110222010921212000060
2015110222011090621000060
2015110222010950946600060
2015110222010950946600060
2015110222020930117500060
2015110222020930117500060
2015110222020921213000060
2015110222020971266100060
2015110222020960352700060
2015110222031070714400060
2015110222030950745200060
2015110222070960251700060
2015110305130950543210060
2015110305130950543210060
2015110305370930524810060
2015110305370930524810060
2015110305370930524810060
2015110305370930524810060
2015110305370930524810060
2015110305380931031610060
2015110305380930118110060
2015110305380930118110060
2015110305391060712310060
2015110305400950949410060
2015110305411090620610060
2015110305427311201310060
2015110305421111232210060
2015110305421111232210060
2015110305440941038710060
2015110305440921212310060
2015110305440950946310060
2015110305441111232110060
2015110305441111232110060
2015110305510960655910060
2015110306000930422100060
2015110306000960251800060
2015110306001111232300060
2015110306000950947500060
2015110306001100425500060
2015110306001111232000060
2015110306001081117100060
2015110306001120333200060
2015110306001120333200060
2015110306000950949300060
2015110306011110830800060
2015110306011110830800060
2015110306010930524700060
2015110306010930524700060
2015110306012401201400060
2015110306021090318400060
2015110306021120634500060
2015110306021120634500060
2015110306020970364400060
2015110306020930118600060
2015110306020930118600060
2015110306021091123600060
2015110306021091123600060
2015110306021081218000060
2015110306040930117000060
2015110306040930117000060
2015110307221110329010060
2015110307280930827610060
2015110307281100124310060
2015110307281100124310060
2015110307281100124310060
2015110307290930428010060
2015110307291110329210060
2015110307310960150910060
2015110307310960150910060
2015110307321120232710060
2015110307321120232710060
2015110307320930115510060
2015110307321150337110060
2015110307331110328910060
2015110307331060611410060
2015110307330931030710060
2015110307340930114410060
2015110307341090721610060
2015110307372804201410060
2015110307381140836810060
2015110307381130436010060
2015110307381020303810060
2015110307391051009210060
2015110307391090418810060
2015110307390931233910060
2015110307410930115010060
2015110307410930115010060
2015110307410930524210060
2015110307410980366810060
2015110307421040107310060
2015110307431090419510060
2015110307431090419510060
2015110307430960252110060
2015110307430930421610060
2015110307440930827410060
2015110307441090721710060
2015110307441090721710060
2015110307450930523710060
2015110307450930523710060
2015110307450930115710060
2015110307451090418610060
2015110307451090418610060
2015110307451111031410060
2015110307451111031410060
2015110307450931233710060
2015110307450931030910060
2015110307450931030310060
2015110307481100727010060
2015110307481090520410060
2015110307491090419310060
2015110307490940735710060
2015110307490931032510060
2015110307490960856110060
2015110307490930115910060
2015110307491090419610060
2015110307491100626310060
2015110307501081117210060
2015110307501150437410060
2015110307500960151310060
2015110307500960454010060
2015110307500950543310060
2015110307500921213710060
2015110307500930421310060
2015110307500930827510060
2015110307500930422310060
2015110307510930116410060
2015110307520930421210060
2015110307521090418710060
2015110307521090418710060
2015110307521090419210060
2015110307520920604310060
2015110307540930321010060
2015110307550940836610060
2015110307550960151210060
2015110307571080315010060
2015110307571081117510060
2015101713210950360110040
2015101713210950360110040
2015101713400950360710040
2015101713410950361110040
2015101713410950361110040
2015101713430951150310040
2015101713430951150310040
2015101714001110630200040
2015101714000950359200040
2015101714001090721900040
2015101714000950359600040
2015101714000950359600040
2015101717000950361400040
2015101717411100626910040
2015101718001120333000040
2015101721320950361210040
2015101721370950744910040
2015101721391110630110040
2015101721391110630110040
2015101721430950359810040
2015101722000950360100040
2015101722000950360100040
2015101722000950361100040
2015101722000950361100040
2015101722000950360700040
2015101722000951150300040
2015101805310950359210040
2015101805340950359610040
2015101805461120333010040
2015101805471090721910040
2015101805541110630210040
2015101806000950361200040
2015101806000950359800040
2015101806000950744900040
2015101806001110630100040
2015101806001110630100040
2015101806001100626900040
2015101813220950360110040
2015101813220950360110040
2015101813360950360710040
2015101813370981203910040
2015101813380951150310040
2015101813380950361110040
2015101813380950361110040
2015101814001090721900040
2015101814001110630200040
2015101814001120333000040
2015101814000950359600040
2015101814000950359200040
2015101821280950361210040
2015101821321110630110040
2015101821321110630110040
2015101821320950744910040
2015101821350950359810040
2015101821350950359810040
2015101821401100626910040
2015101822000950360100040
2015101822000950360100040
2015101822000950360700040
2015101822000950361100040
2015101822000950361100040
2015101822000981203900040
2015101822000951150300040
2015101905260950359610040
2015101905290950359210040
2015101905401090721910040
2015101906001100626900040
2015101906000950361200040
2015101906010950359800040
2015101907210950361610040
2015101907240930358410040
2015101907410950361410040
2015101907440930458910040
2015101907450930929510040
2015101907460921258810040
2015101909550951150310040
2015101910021110630100040
2015101910031110630100040
2015101913290950360110040
2015101913290950360110040
2015101913400950361110040
2015101913400950361110040
2015101914000950744900040
2015101914000950359200040
2015101917000930929500040
2015101917010930458900040
2015101917320921258800040
2015101917490950360710040
2015101917540981203910040
2015101917550930358400040
2015101918001090721900040
2015101918020950359600040
2015101918020950359600040
2015101920000950361400040
2015101921381110630110040
2015101921381110630110040
2015101921410950744910040
2015101921430950359810040
2015101922000951150300040
2015101922000950360100040
2015101922000950360100040
2015101922000950361100040
2015101922000950361100040
2015102005270950360810040
2015102005270950360810040
2015102005341120332910040
2015102005341090721810040
2015102005390950361510040
2015102005500950360410040
2015102006000981203900040
2015102006000981203900040
2015102006000950360700040
2015102006001110630100040
2015102006001110630100040
2015102006010950359800040
2015102006010950744900040
2015102007220950361610040
2015102007340930358410040
2015102007380921258810040
2015102007420950361410040
2015102007480930458910040
2015102007480930929510040
2015102013300950359610040
2015102013451090721910040
2015102013471110630210040
2015102013500950359210040
2015102013541120333010040
2015102014000950360800040
2015102014000950360400040
2015102014000950361500040
2015102017000950662700040
2015102017001120332900040
2015102017001090721800040
2015102017320930458900040
2015102017390930358400040
2015102018010921258800040
2015102021270950360110040
2015102021270950360110040
2015102021420981203910040
2015102021460951150310040
2015102021460951150310040
2015102021470950361110040
2015102021470950361110040
2015102021470950360710040
2015102022001110630200040
2015102022000950359200040
2015102022000950359600040
2015102022000950359600040
2015102022001120333000040
2015102022011090721900040
2015102105350950360810040
2015102105381120332910040
2015102105380950361510040
2015102105440950360410040
2015102106000950361100040
2015102106000950361100040
2015102106000950360700040
2015102106000950360100040
2015102106000950360100040
2015102106000981203900040
2015102107210950361610040
2015102107370921258810040
2015102107390950361410040
2015102107470930458910040
2015102107510930929510040
2015102109440950359610040
2015102109440950359610040
2015102110010951150300040
2015102113290950359210040
2015102113451090721910040
2015102113461110630210040
2015102113511120333010040
2015102114000950360400040
2015102114000950360800040
2015102114000950361500040
2015102114001120332900040
2015102117000921258800040
2015102117000930458900040
2015102117000950361600040
2015102120000950361400040
2015102120000950361400040
2015102120000930929500040
2015102121220950360110040
2015102121220950360110040
2015102121340981203910040
2015102121410951150310040
2015102121440950360710040
2015102121440950361110040
2015102121440950361110040
2015102122000950359200040
2015102122001110630200040
2015102122001120333000040
2015102122000950359600040
2015102122010950359600040
2015102122011090721900040
2015102205261100626910040
2015102205300950744910040
2015102205330950361210040
2015102205341110630110040
2015102205341110630110040
2015102205420950359810040
2015102207250950361610040
2015102207330921258810040
2015102207410930458910040
2015102207430950361410040
2015102207440930358410040
2015102207500930929510040
2015102210000950360700040
2015102210000950361100040
2015102210000950361100040
2015102210000950360100040
2015102210000950360100040
2015102210000951150300040
2015102210000981203900040
2015102213410950360810040
2015102213430950360410040
2015102213430950361510040
2015102213461120332910040
2015102214001100626900040
2015102214001100626900040
2015102214001110630100040
2015102214001110630100040
2015102214000950744900040
2015102214000950359800040
2015102217000921258800040
2015102217000930458900040
2015102217000950361600040
2015102217441110630210040
2015102217480930358400040
2015102218000950361200040
2015102218000950361400040
2015102220000930929500040
2015102221220950359210040
2015102221250950359610040
2015102221411090721910040
2015102221491120333010040
2015102222000950360400040
2015102222000950360800040
2015102222001120332900040
2015102222000950361500040
2015102305221100626910040
2015102305320950744910040
2015102305340950361210040
2015102305410950359810040
2015102305431110630110040
2015102305431110630110040
2015102306001110630200040
2015102306001120333000040
2015102306000950359200040
2015102306001090721900040
2015102306000950359600040
2015102307230950361610040
2015102307440930358410040
2015102307450930458910040
2015102307450950361410040
2015102307490930929510040
2015102313290950360810040
2015102313290950360810040
2015102313381120332910040
2015102313430950361510040
2015102313430950360410040
2015102314000950359800040
2015102314001100626900040
2015102314001110630100040
2015102314001110630100040
2015102314010950744900040
2015102317020930458900040
2015102317020950361600040
2015102320000930929500040
2015102320000950361400040
2015102321230950359610040
2015102321230950359210040
2015102321451110630210040
2015102321501120333010040
2015102322001120332900040
2015102322000950360400040
2015102322000950360800040
2015102322000950361500040
2015102405230950360110040
2015102405230950360110040
2015102405430951150310040
2015102405440950360710040
2015102405440950361110040
2015102405440950361110040
2015102405440950361110040
2015102406000950359600040
2015102406000950359200040
2015102406001120333000040
2015102407041090721900040
2015102407350930929510040
2015102409491110630110040
2015102409491110630110040
2015102410001110630200040
2015102413480950359810040
2015102413490950361210040
2015102414000950360700040
2015102414000950361100040
2015102414000950361100040
2015102417010930929500040
2015102417390950744910040
2015102417440950360810040
2015102417440950360810040
2015102418000950360100040
2015102418000950360100040
2015102418010951150300040
2015102421411120332910040
2015102421410950361510040
2015102421490950360410040
2015102422000950359800040
2015102422001110630100040
2015102422001110630100040
2015102422000950361200040
2015102505210950360110040
2015102505210950360110040
2015102505370981203910040
2015102505400951150310040
2015102505400950360710040
2015102505400950361110040
2015102505400950361110040
2015102506000950360400040
2015102506000950744900040
2015102506000950361500040
2015102506001120332900040
2015102506000950360800040
2015102513270950361210040
2015102513361110630110040
2015102513361110630110040
2015102513410950359810040
2015102514000950361100040
2015102514000950361100040
2015102514000951150300040
2015102514000950360100040
2015102514000950360100040
2015102517360950360810040
2015102517360950360810040
2015102517510950744910040
2015102518010981203900040
2015102518020950360700040
2015102521361120332910040
2015102521360950361510040
2015102521420950360410040
2015102522000950359800040
2015102522011110630100040
2015102522011110630100040
2015102522010950361200040
2015102522010950361200040
2015102605260950360110040
2015102605260950360110040
2015102605350981203910040
2015102605380950360710040
2015102605380950361110040
2015102605380950361110040
2015102605430951150310040
2015102605430951150310040
2015102606000950360400040
2015102606000950360800040
2015102606001120332900040
2015102606000950361500040
2015102606000950744900040
2015102607340921258810040
2015102607430930458910040
2015102607440950361410040
2015102613300950744910040
2015102613381110630110040
2015102613381110630110040
2015102613440950359810040
2015102614000951150300040
2015102614000951150300040
2015102614000950360100040
2015102614000950360100040
2015102614000950361100040
2015102614000950361100040
2015102617000921258800040
2015102617000930458900040
2015102617260950361210040
2015102617370950361210040
2015102617370950361210040
2015102617371100626910040
2015102617371100626910040
2015102618000950360700040
2015102620000950361400040
2015102621371120332910040
2015102621370950361510040
2015102621420950360410040
2015102622000950744900040
2015102622000950359800040
2015102622011110630100040
2015102622011110630100040
2015102705240950359610040
2015102705410950359210040
2015102705411090721910040
2015102705431120333010040
2015102705441110630210040
2015102706001120332900040
2015102706000950360400040
2015102706000950361500040
2015102706000950361200040
2015102706001100626900040
2015102706001100626900040
2015102707210950361610040
2015102707300930358410040
2015102707370921258810040
2015102707420950361410040
2015102707450930458910040
2015102707470930929510040
2015102713280950360110040
2015102713280950360110040
2015102713390950361110040
2015102713390950361110040
2015102713400950360710040
2015102713450951150310040
2015102713450951150310040
2015102714000950359600040
2015102714001110630200040
2015102714000950359200040
2015102714001120333000040
2015102714001090721900040
2015102717020950361400040
2015102717310930458900040
2015102717310921258800040
2015102718000930358400040
2015102720000930929500040
2015102721291100626910040
2015102721330950361210040
2015102721360950744910040
2015102721401110630110040
2015102721401110630110040
2015102721420950359810040
2015102722000950361100040
2015102722000950361100040
2015102722000981203900040
2015102722000951150300040
2015102722000950360700040
2015102722000950360100040
2015102722000950360100040
2015102805290950359610040
2015102805290950359210040
2015102805381120333010040
2015102805421110630210040
2015102805441090721910040
2015102807250950361610040
2015102807360921258810040
2015102807390930358410040
2015102807410950361410040
2015102807410930458910040
2015102807490930929510040
2015102810000950359800040
2015102810001100626900040
2015102810001100626900040
2015102810010950744900040
2015102810011110630100040
2015102810011110630100040
2015102813170930358400040
2015102813370981203910040
2015102813370950360710040
2015102813390950361110040
2015102813390950361110040
2015102813460951150310040
2015102813460951150310040
2015102814001110630200040
2015102814001120333000040
2015102814000950359200040
2015102814001090721900040
2015102817000930929500040
2015102817430950361210040
2015102818010950359600040
2015102819110921258800040
2015102821260950744910040
2015102821331110630110040
2015102821331110630110040
2015102821371100626910040
2015102821390950359810040
2015102822000950361100040
2015102822000950361100040
2015102822000950360700040
2015102822000981203900040
2015102822000951150300040
2015102905300950360810040
2015102905300950360810040
2015102905401090721810040
2015102905401120332910040
2015102905400950361510040
2015102905440950360410040
2015102906000950361200040
2015102907270950361610040
2015102907280930358410040
2015102907410921258810040
2015102907420950361410040
2015102907430930458910040
2015102907500930929510040
2015102910001110630100040
2015102910001110630100040
2015102910030950744900040
2015102910030950744900040
2015102913270950359610040
2015102913300950361110040
2015102913300950361110040
2015102913441090721910040
2015102913471110630210040
2015102913500950359210040
2015102914000950360800040
2015102914001090721800040
2015102914000950360400040
2015102917000930929500040
2015102917270950361100040
2015102917270950361100040
2015102917320930458900040
2015102917380930358400040
2015102917441120333010040
2015102918001120332900040
2015102918000950361500040
2015102918000950359800040
2015102918000950359800040
2015102918010921258800040
2015102921340981203910040
2015102921390951150310040
2015102921390951150310040
2015102921400950360710040
2015102921410950361110040
2015102921410950361110040
2015102922000950359200040
2015102922001110630200040
2015102922000950359600040
2015102922001090721900040
2015103005310950360810040
2015103005310950360810040
2015103005371120332910040
2015103005370950361510040
2015103005381090721810040
2015103005420950360410040
2015103006000950361100040
2015103006000950361100040
2015103006000951150300040
2015103006000950360700040
2015103006001120333000040
2015103006000981203900040
2015103007300930358410040
2015103007360921258810040
2015103007430950361410040
2015103007460930929510040
2015103013220950359610040
2015103013401090721910040
2015103013421110630210040
2015103013490950359210040
2015103014010950360800040
2015103014010950360800040
2015103017000930929500040
2015103017030930358400040
2015103017290921258800040
2015103017290950361400040
2015103017301120333010040
2015103018000950360400040
2015103018000950361500040
2015103018001090721800040
2015103018001120332900040
2015103021290950360710040
2015103021300950361110040
2015103021310950361110040
2015103021360981203910040
2015103021450951150310040
2015103022000950359600040
2015103022000950359600040
2015103022000950359200040
2015103022001090721900040
2015103022001110630200040
2015103105321090721810040
2015103105330950361210040
2015103105331100626910040
2015103105360950744910040
2015103105390950359810040
2015103106000950361100040
2015103106000950361100040
2015103106000950360700040
2015103106001120333000040
2015103106010951150300040
2015103106020981203900040
2015103113390950360810040
2015103113390950360810040
2015103113450950361510040
2015103113481110630110040
2015103113481110630110040
2015103113531120332910040
2015103114001100626900040
2015103114001100626900040
2015103114001090721800040
2015103114010950359800040
2015103114010950744900040
2015103117470950359610040
2015103117470950359610040
2015103121331110630210040
2015103121441090721910040
2015103121441120333010040
2015103121470950359210040
2015103122000950360800040
2015103122000950361500040
2015103122001120332900040
2015103122001110630100040
2015103122001110630100040
2015110105251100626910040
2015110105340950744910040
2015110105360950359810040
2015110105381110630110040
2015110105381110630110040
2015110105450950361210040
2015110106000950359200040
2015110106000950359600040
2015110106000950359600040
2015110106001120333000040
2015110106071110630200040
2015110106081090721900040
2015110107390950361410040
2015110107390930929510040
2015110113290950360810040
2015110113290950360810040
2015110113440950361510040
2015110113441090721810040
2015110114001100626900040
2015110114000950359800040
2015110114001110630100040
2015110114001110630100040
2015110114000950744900040
2015110117000950361400040
2015110117000930929500040
2015110117000930929500040
2015110117320950359610040
2015110121390950359210040
2015110121441110630210040
2015110121451120333010040
2015110121461090721910040
2015110122000950360800040
2015110122001090721800040
2015110122000950361500040
2015110205241100626910040
2015110205350950744910040
2015110205351110630110040
2015110205351110630110040
2015110205400950359810040
2015110205400950360410040
2015110207240950361610040
2015110207320930358410040
2015110207370921258810040
2015110207450930929510040
2015110210000950359600040
2015110210000950359600040
2015110210000950359200040
2015110210001090721900040
2015110210001110630200040
2015110210001120333000040
2015110212510930358400040
2015110213280950361110040
2015110213280950361110040
2015110213550950360110040
2015110213550950360110040
2015110214000950359800040
2015110214001110630100040
2015110214001110630100040
2015110214000950744900040
2015110217000930929500040
2015110217290921258800040
2015110217300950360810040
2015110217300950360810040
2015110217381090721810040
2015110218000950360400040
2015110218001100626900040
2015110221400950361510040
2015110221411120333010040
2015110221451090721910040
2015110222000950361100040
2015110222000950361100040
2015110222000950360100040
2015110222000950360100040
2015110305350981203910040
2015110305370950361410040
2015110305370950361210040
2015110305370950360710040
2015110305400951150310040
2015110306000950360800040
2015110306001090721800040
2015110306000950361500040
2015110306001120333000040
2015110306011090721900040
2015110307250950361610040
2015110307370950359810040
2015110307370950359810040
2015110307400921258810040
2015110307480930358410040
2015110307540930458910040
2015110307540930929510040
