20151104093122027210080
20151104093922025710080
20151104100022026010080
20151104100122024900080
20151104100222026500080
20151104100222026500080
20151104100322010910080
20151104132822020210080
20151104133822011110080
20151104134022002610080
20151104134022017210080
20151104134022023810080
20151104134122018110080
20151104134122024410080
20151104134122018710080
20151104134222005910080
20151104134222009010080
20151104134422012210080
20151104134422014510080
20151104134722025510080
20151104134822025910080
20151104134822027410080
20151104134822027110080
20151104134922005710080
20151104135022003010080
20151104135022021510080
20151104135222003110080
20151104135222004610080
20151104140022014400080
20151104140022016500080
20151104140022016000080
20151104140022017900080
20151104140022017500080
20151104140022026800080
20151104140022002200080
20151104140022021100080
20151104140022011700080
20151104140122004000080
20151104140122016400080
20151104140122006200080
20151104140122005500080
20151104140122010300080
20151104140322026900080
20151104140422027600080
20151104140422001700080
20151104140622017400080
20151104143922025000080
20151104161122003500080
20151104161422014300080
20151104161622027000080
20151104161622027000080
20151104161822025800080
20151104161822025800080
20151104170022012400080
20151104170022003700080
20151104170022005300080
20151104170022014200080
20151104170022004800080
20151104170022013600080
20151104170022023600080
20151104170022023900080
20151104170022023200080
20151104170022028400080
20151104170022015500080
20151104170122023100080
20151104170122002000080
20151104170122023300080
20151104170122006400080
20151104170222022200080
20151104170222028600080
20151104170222027800080
20151104170222027700080
20151104170322029300080
20151104170322004500080
20151104170322023500080
20151104170422024000080
20151104170422017700080
20151104170422011300080
20151104170422012700080
20151104170422005200080
20151104170422023400080
20151104170522029500080
20151104170522005100080
20151104170622023000080
20151104170822010500080
20151104171122002400080
20151104171222028100080
20151104171322006700080
20151104172122003800080
20151104172822028300080
20151104173022000900080
20151104173222009500080
20151104173622011000080
20151104174222000400080
20151104174422019910080
20151104174522005600080
20151104174622019100080
20151104174622014610080
20151104174622002310080
20151104174622020310080
20151104175322002310080
20151104180022005000080
20151104180022008700080
20151104180022004900080
20151104180222020200080
20151104180322026100080
20151104180722007210080
20151104182122028700080
20151104185122009300080
20151104185622000600080
20151104185722000500080
20151104185922018800080
20151104190022023700080
20151104190022001210080
20151104190022001200080
20151104190022025100080
20151104190022016800080
20151104190022026600080
20151104190022028200080
20151104190022028200080
20151104190122020700080
20151104190122022500080
20151104190322008900080
20151104190722021600080
20151104192612036300080
20151104200022014100080
20151104200222003300080
20151104200222022000080
20151104204622020800080
20151104210022018500080
20151104210022021300080
20151104210022021300080
20151104211122000300080
20151104213522026310080
20151104213522028010080
20151104213622026210080
20151104213622002110080
20151104213622003210080
20151104213622026510080
20151104213622026510080
20151104213722024810080
20151104213722021010080
20151104213722001510080
20151104213722025210080
20151104213722027510080
20151104213722020910080
20151104213722012110080
20151104213722012810080
20151104213722024910080
20151104213722024710080
20151104214822021810080
20151104214922011910080
20151104214922008810080
20151104214922004310080
20151104215222010710080
20151104215822007310080
20151104215822018010080
20151104220022012200080
20151104220022005900080
20151104220022019900080
20151104220022009000080
20151104220022021500080
20151104220022010900080
20151104220022002600080
20151104220022011500080
20151104220022025700080
20151104220022024400080
20151104220022003100080
20151104220022027200080
20151104220022018700080
20151104220022027100080
20151104220022005700080
20151104220022011100080
20151104220022027400080
20151104220022026000080
20151104220022023800080
20151104220022025900080
20151104220022025500080
20151104220122017200080
20151104220122003000080
20151104220222018100080
20151104220222004600080
20151104223822000100080
20151104235022014500080
20151105010922014100080
20151105052922003910080
20151105052922008610080
20151105053122006110080
20151105053122025610080
20151105053122025410080
20151105053322004710080
20151105053322004410080
20151105053322002810080
20151105053422026410080
20151105053422019610080
20151105053422027310080
20151105053522024610080
20151105053522020410080
20151105053622011610080
20151105053722001610080
20151105053822019710080
20151105053822021910080
20151105053922005410080
20151105053922019810080
20151105054122026710080
20151105054122024510080
20151105054522024310080
20151105054522018210080
20151105054622016610080
20151105055422009110080
20151105060022020300080
20151105060022001500080
20151105060022028000080
20151105060022024800080
20151105060022012100080
20151105060022026300080
20151105060022020900080
20151105060022004300080
20151105060022012800080
20151105060022021000080
20151105060022021800080
20151105060022024700080
20151105060022007300080
20151105060022027500080
20151105060122008800080
20151105060122002300080
20151105060122018000080
20151105060122025200080
20151105060122002300080
20151105060122014600080
20151105060222010700080
20151105060322002100080
20151105060322026500080
20151105060322026500080
20151105060322007200080
20151105060422024900080
20151105070422006710080
20151105070622009510080
20151105071022028210080
20151105071622023210080
20151105072222028310080
20151105072322000410080
20151105072322027910080
20151105072522004510080
20151105072922003810080
20151105073022018810080
20151105073122019110080
20151105073222000110080
20151105073322004810080
20151105073422003710080
20151105073422009210080
20151105073522005610080
20151105073722013610080
20151105073722021310080
20151105073822023610080
20151105073822024010080
20151105073822028510080
20151105073822027710080
20151105073922000510080
20151105074022008710080
20151105074022008910080
20151105074022011310080
20151105074022000610080
20151105074122023910080
20151105074122023110080
20151105074222002010080
20151105074222009310080
20151105074222005110080
20151105074222000910080
20151105074222022010080
20151105074222028410080
20151105074322005310080
20151105074322014210080
20151105074322029510080
20151105074322018510080
20151105074322006410080
20151105074312036310080
20151105074422003310080
20151105074422012710080
20151105074422012410080
20151105074522023510080
20151105074622027810080
20151105074622025110080
20151105074822028110080
20151105074822015510080
20151105074822020810080
20151105074822028710080
20151105074922021610080
20151105074922029310080
20151105075022020710080
20151105075122001210080
20151105075122028610080
20151105075122023310080
20151105075122026610080
20151105075122023410080
20151105075222023710080
20151105075222005210080
20151105075222000310080
20151105075322010510080
20151105075422011010080
20151105075622022510080
20151105075622023010080
20151105075722016810080
20151105075822002410080
2015110409301120333710070
2015110409311110629610070
2015110409580950947610070
2015110409590930524610070
2015110410000950663210070
2015110410021070714400070
2015110410020960251700070
2015110410050930117500070
2015110410050930117500070
2015110413270930119010070
2015110413271060712010070
2015110413340941239410070
2015110413340941239410070
2015110413370950662910070
2015110413370950662910070
2015110413381051109610070
2015110413390951050010070
2015110413391110629910070
2015110413391110629910070
2015110413401100626910070
2015110413431100927210070
2015110413460930116310070
2015110413460930116310070
2015110413480940735910070
2015110413490930928310070
2015110413490930928310070
2015110413500930929010070
2015110413510981203810070
2015110413511101228310070
2015110413511101228310070
2015110414011060210500070
2015110414010940837000070
2015110414020950947700070
2015110414050930524800070
2015110417000930928500070
2015110417000930929700070
2015110417000930524200070
2015110417000930421400070
2015110417010930428000070
2015110417011090419500070
2015110417010960454000070
2015110417010931030700070
2015110417010921211700070
2015110417010930114400070
2015110417021130436000070
2015110417020931030600070
2015110417041090822200070
2015110417040930117400070
2015110417040921213300070
2015110417040960150900070
2015110417040960150900070
2015110417040960856100070
2015110417041061213100070
2015110417041111031300070
2015110417041061212900070
2015110417051100425100070
2015110417050950744600070
2015110417050961056500070
2015110417050930626000070
2015110417060930115900070
2015110417070931133200070
2015110417090920604500070
2015110417130931233800070
2015110417130941138900070
2015110417190930320600070
2015110417211080315000070
2015110417260930422200070
2015110417290921213700070
2015110417290920604200070
2015110417311120634900070
2015110417321150337200070
2015110417331091223900070
2015110417340930422300070
2015110417340930421300070
2015110417340960655500070
2015110417430960352710070
2015110417441081217910070
2015110417591100124310070
2015110417591100124310070
2015110417591100124310070
2015110418041020905000070
2015110418050960655900070
2015110418070941239300070
2015110418270931233900070
2015110418331090419900070
2015110418400920605100070
2015110419361100224400070
2015110419580920604300070
2015110419590931234000070
2015110420031150337100070
2015110420060940535500070
2015110420190931234100070
2015110421340950946610070
2015110421340950946610070
2015110421340940837410070
2015110421340940837410070
2015110421350950662710070
2015110421370921213010070
2015110421371101228110070
2015110421380930118910070
2015110421380921213610070
2015110421390950949010070
2015110421390921211610070
2015110421410930524310070
2015110421420950947510070
2015110421450960251710070
2015110421460930117210070
2015110421480930116910070
2015110421481090318410070
2015110421490921212010070
2015110421490921212010070
2015110421510950948710070
2015110421520950948710070
2015110421531111232310070
2015110421530950946610070
2015110421561120333410070
2015110421561081218010070
2015110422000950947600070
2015110422011040407700070
2015110422021051109600070
2015110422020950663200070
2015110422020930119000070
2015110505280930928810070
2015110505292401201410070
2015110505290930118610070
2015110505290930118610070
2015110505301090621110070
2015110505321081117110070
2015110505340950946810070
2015110505351110830810070
2015110505351110830810070
2015110505360921211110070
2015110505372704201410070
2015110505381120333110070
2015110505390960655810070
2015110505390960655810070
2015110505391100425510070
2015110505391100425610070
2015110505410940837300070
2015110505410940837310070
2015110505410940837310070
2015110505430960352210070
2015110505430960251810070
2015110505431091123610070
2015110505431091123610070
2015110505441060712210070
2015110505441060712210070
2015110505451100626110070
2015110505481120333810070
2015110505481120333810070
2015110505511060711710070
2015110505590950946600070
2015110505590940837400070
2015110505590940837400070
2015110506040930117200070
2015110506070930525210070
2015110506560960555310070
2015110507250930827610070
2015110507250921212810070
2015110507250911102110070
2015110507250911102110070
2015110507251111131610070
2015110507250931030710070
2015110507270941038310070
2015110507281100425210070
2015110507281100425210070
2015110507301090419910070
2015110507301090822210070
2015110507301090418510070
2015110507311150337210070
2015110507310930114410070
2015110507320930662310070
2015110507341130436010070
2015110507350940736010070
2015110507351090419510070
2015110507351090419510070
2015110507351090419510070
2015110507351061212910070
2015110507351061212910070
2015110507351150337110070
2015110507360950744610070
2015110507370940735710070
2015110507370960655510070
2015110507380930219810070
2015110507381090922710070
2015110507391051009210070
2015110507400930115710070
2015110507401120835410070
2015110507400940535510070
2015110507400930626010070
2015110507400930929710070
2015110507411090419010070
2015110507420931234410070
2015110507420921213710070
2015110507421100425110070
2015110507420930422210070
2015110507422805201510070
2015110507421090520110070
2015110507420930422310070
2015110507431140836810070
2015110507430931234010070
2015110507440931234010070
2015110507441081117210070
2015110507440930115910070
2015110507440960454010070
2015110507441090419410070
2015110507451111031310070
2015110507450930524210070
2015110507450930928510070
2015110507451090418710070
2015110507451100224410070
2015110507461111131810070
2015110507461111131810070
2015110507460921211710070
2015110507460921211710070
2015110507470960856110070
2015110507470931031010070
2015110507471020905010070
2015110507490960151110070
2015110507491060812410070
2015110507500931133510070
2015110507500920605610070
2015110507510930115610070
2015110507511080315010070
2015110507510930219910070
2015110507510950662210070
2015110507520930116010070
2015110507520960150910070
2015110507520960150910070
2015110507520931234110070
2015110507530921213310070
2015110507530921213310070
2015110507540920604510070
2015110507540950543110070
2015110507550930320610070
2015110507550951150410070
2015110507560941258510070
2015110507560920604210070
2015110507560931234210070
2015110507571081117510070
2015110507580960252110070
2015110410001090318400060
2015110410001120333400060
2015110410010921213000060
2015110410021040407710060
2015110410040960251700060
2015110413420950948010060
2015110413430950948610060
2015110413451081217710060
2015110413451081217710060
2015110413490931031510060
2015110413500950946710060
2015110413500950946910060
2015110413500950946910060
2015110413534110201510060
2015110414000941239700060
2015110414000941239700060
2015110414000950543200060
2015110414000950543200060
2015110414001120634800060
2015110414001120634300060
2015110414001120634300060
2015110414001111232200060
2015110414001060712300060
2015110414001060711800060
2015110414011060711800060
2015110414010931030500060
2015110414010931030500060
2015110414011120735200060
2015110414010921212300060
2015110414010950946300060
2015110414027311201300060
2015110414027311201300060
2015110414020980366700060
2015110414020941038700060
2015110414031111232100060
2015110414030930118100060
2015110414030930118100060
2015110414040950542800060
2015110414050950542800060
2015110414070930524800060
2015110414070930524800060
2015110414110950949400060
2015110414110950949400060
2015110417001110830600060
2015110417012805201500060
2015110417012805201500060
2015110417011120634600060
2015110417011120634600060
2015110417011081117200060
2015110417010930827500060
2015110417020931233700060
2015110417021111131800060
2015110417022804201400060
2015110417020930524200060
2015110417030930428000060
2015110417031100425900060
2015110417030930321000060
2015110417030911102100060
2015110417030911102100060
2015110417030960454000060
2015110417030931030700060
2015110417030921211700060
2015110417030930114400060
2015110417031070714300060
2015110417031090419500060
2015110417031090419500060
2015110417041130436000060
2015110417041090419600060
2015110417040931030900060
2015110417041011002900060
2015110417040980366800060
2015110417041081016800060
2015110417040940736000060
2015110417040941038300060
2015110417050960151000060
2015110417050931030300060
2015110417050950542600060
2015110417050970965100060
2015110417050940735700060
2015110417051090621300060
2015110417051090721700060
2015110417051100324800060
2015110417061100626400060
2015110417060930523700060
2015110417060930523700060
2015110417061120434000060
2015110417061120434000060
2015110417060960856100060
2015110417061061213100060
2015110417061110329200060
2015110417070930115000060
2015110417070930115000060
2015110417070921212800060
2015110417070930421600060
2015110417071150437400060
2015110417070950662200060
2015110417081090418700060
2015110417080930115900060
2015110417090940836400060
2015110417091090418600060
2015110417090960555300060
2015110417090931234400060
2015110417090931234400060
2015110417101130335800060
2015110417101090419200060
2015110417110930115500060
2015110417111040107300060
2015110417110930525200060
2015110417121090419300060
2015110417160950543300060
2015110417190940836600060
2015110417230930219800060
2015110417231081117500060
2015110417240920605600060
2015110417301090822100060
2015110417311090419000060
2015110417320930662300060
2015110417321110328900060
2015110417331090721600060
2015110417341021005600060
2015110417341051009200060
2015110417351091223900060
2015110417351020303800060
2015110417361120232700060
2015110417360930421300060
2015110417360930421200060
2015110417360930421200060
2015110417371090520400060
2015110417450960352710060
2015110417521110329000060
2015110418001090620600060
2015110418001090620600060
2015110418010930929300060
2015110418010950663100060
2015110418010950663100060
2015110418060950945800060
2015110418060950945800060
2015110418080931031000060
2015110418191081016100060
2015110418290931233900060
2015110418380930219900060
2015110418420981267700060
2015110418420920605100060
2015110419070930115600060
2015110420001060611400060
2015110420001060611400060
2015110420000941258500060
2015110420000930928400060
2015110420001090621100060
2015110420001120835400060
2015110420010930114500060
2015110420010930114500060
2015110420010930115700060
2015110420010931234000060
2015110420010931234000060
2015110420020931234000060
2015110420021140836800060
2015110420031081117300060
2015110420040960151300060
2015110420040930827600060
2015110420040930827600060
2015110420040930827400060
2015110420040930827400060
2015110420051150337100060
2015110420051111031400060
2015110420051111031400060
2015110420051111031400060
2015110420130960151200060
2015110421001100727000060
2015110421001100727000060
2015110421020931032500060
2015110421021090419400060
2015110421031110830900060
2015110421031110830900060
2015110421381120333210060
2015110421381120333210060
2015110421390921213110060
2015110421391090621010060
2015110421410950745210060
2015110421440950947510060
2015110421480971266110060
2015110421501020604310060
2015110421510930117510060
2015110421510930117510060
2015110421521070714410060
2015110421560930525110060
2015110422001110629600060
2015110422000950948000060
2015110422000950948600060
2015110422001060712000060
2015110422001110629900060
2015110422001110629900060
2015110422000950948400060
2015110422001100927200060
2015110422001100927200060
2015110422000950946900060
2015110422000981203800060
2015110422000981203800060
2015110422001120333700060
2015110422001060711900060
2015110422000930928300060
2015110422001120634400060
2015110422001101228300060
2015110422001090318200060
2015110422010930524600060
2015110422010930116300060
2015110422010930116300060
2015110422010940735900060
2015110422010950745000060
2015110422010950745000060
2015110422024110201500060
2015110422020950662900060
2015110422020950662900060
2015110422031040407700060
2015110422030950946700060
2015110422030941239400060
2015110422030941239400060
2015110422031081217700060
2015110422031081217700060
2015110422030951050000060
2015110422040931031500060
2015110505300941038610060
2015110505300941038610060
2015110505300930928810060
2015110505310950945910060
2015110505310931030210060
2015110505341100626810060
2015110505360981203710060
2015110505370930117010060
2015110505370930117010060
2015110505390930422110060
2015110505390960251510060
2015110505402704201410060
2015110505410950949310060
2015110505470970364410060
2015110505470970364410060
2015110505560960251910060
2015110505560960251910060
2015110506000930117500060
2015110506000930117500060
2015110506000921213000060
2015110506000930118900060
2015110506000921213600060
2015110506001120634500060
2015110506000921213100060
2015110506000950947500060
2015110506000921211600060
2015110506000950949000060
2015110506001081217900060
2015110506001111232300060
2015110506000921212000060
2015110506001081218000060
2015110506001101228100060
2015110506000930524300060
2015110506000950745200060
2015110506001090621000060
2015110506001090318400060
2015110506001120333200060
2015110506001120333200060
2015110506010950662700060
2015110506011020604300060
2015110506011070714400060
2015110506010930116900060
2015110506010940837400060
2015110506010940837400060
2015110506010950946600060
2015110506010950946600060
2015110506020930525100060
2015110506020930727200060
2015110506021100626300060
2015110506021100626300060
2015110506020930929000060
2015110506020971266100060
2015110506040960352700060
2015110506040960352700060
2015110506040960251700060
2015110506040960251700060
2015110506141100124300060
2015110506141100124300060
2015110506580931233810060
2015110507031110329010060
2015110507270930827610060
2015110507270971165510060
2015110507270980366810060
2015110507270931030710060
2015110507291110328910060
2015110507301090822110060
2015110507311110329210060
2015110507311120434010060
2015110507310930115510060
2015110507321011002910060
2015110507321090418810060
2015110507330930114410060
2015110507330930428010060
2015110507332804201410060
2015110507341090721610060
2015110507361130436010060
2015110507360931233910060
2015110507371120232710060
2015110507381060611410060
2015110507381060611410060
2015110507381060611410060
2015110507381140436710060
2015110507390930928410060
2015110507400960151210060
2015110507410951049710060
2015110507411090419610060
2015110507410930523710060
2015110507410930523710060
2015110507421020303810060
2015110507420970965110060
2015110507420931030910060
2015110507421111031410060
2015110507421090418610060
2015110507421090418610060
2015110507420950542610060
2015110507420931030310060
2015110507440930421310060
2015110507440930827410060
2015110507440930827410060
2015110507451140836810060
2015110507450960353610060
2015110507450960353610060
2015110507461081117210060
2015110507460950543310060
2015110507461090520410060
2015110507460930827510060
2015110507460930115910060
2015110507461091223910060
2015110507460960454010060
2015110507471100425910060
2015110507470960151310060
2015110507470930524210060
2015110507471090419210060
2015110507471090418710060
2015110507471150437410060
2015110507480930421210060
2015110507481100727010060
2015110507480930421410060
2015110507480930421610060
2015110507480950662810060
2015110507490960856110060
2015110507490930929310060
2015110507531061213110060
2015110507540931032510060
2015110507551090721710060
2015110507551090721710060
2015110507570920604310060
