20151208093522003210080
20151208094822026310080
20151208095122028010080
20151208095222026510080
20151208095222026510080
20151208095622015910080
20151208100022003300080
20151208100022016400080
20151208100122006200080
20151208101522027600080
20151208124422004310080
20151208133222002110080
20151208133222001510080
20151208133422012810080
20151208133522008810080
20151208133822024710080
20151208133822012110080
20151208133922020310080
20151208133922026210080
20151208134022007310080
20151208134122018010080
20151208134122024810080
20151208134122021010080
20151208134122027510080
20151208134122002310080
20151208134422014610080
20151208134422025210080
20151208134422024910080
20151208134422007210080
20151208134722011910080
20151208134722021810080
20151208134722010710080
20151208140022012000080
20151208140022027200080
20151208140022002600080
20151208140022010900080
20151208140022020200080
20151208140022005700080
20151208140022021500080
20151208140022017200080
20151208140022027100080
20151208140022004600080
20151208140022003100080
20151208140022023800080
20151208140122011100080
20151208140122011100080
20151208140322011500080
20151208141822027400080
20151208160022014500080
20151208170022012200080
20151208170022012400080
20151208170022016800080
20151208170022005900080
20151208170022002000080
20151208170022015500080
20151208170022018500080
20151208170022021300080
20151208170022026600080
20151208170022004800080
20151208170022022200080
20151208170122023700080
20151208170122027800080
20151208170122004500080
20151208170122023300080
20151208170122018100080
20151208170122027900080
20151208170122027700080
20151208170122014200080
20151208170222022000080
20151208170222028600080
20151208170222012700080
20151208170222005200080
20151208170222023500080
20151208170222013600080
20151208170322023600080
20151208170322029300080
20151208170322022500080
20151208170322024000080
20151208170322011700080
20151208170322009200080
20151208170422028300080
20151208170722028100080
20151208170722028200080
20151208170922023900080
20151208171022006700080
20151208171222023200080
20151208171322023100080
20151208171322001200080
20151208171322028400080
20151208171422023000080
20151208171622010500080
20151208173122017700080
20151208173222009500080
20151208173222006400080
20151208173322008900080
20151208173412036300080
20151208173522009300080
20151208174522002400080
20151208174522019810080
20151208174722019810080
20151208180022025500080
20151208180022025900080
20151208180122024400080
20151208180522025700080
20151208181422021600080
20151208181922014700080
20151208181922019000080
20151208182222000400080
20151208182222019100080
20151208182322000600080
20151208182322000500080
20151208182622028500080
20151208182622000100080
20151208183022020700080
20151208183122001700080
20151208183122020800080
20151208183222000300080
20151208183322011300080
20151208183522000900080
20151208183822005600080
20151208190022008700080
20151208200022003700080
20151208200222005100080
20151208203422003800080
20151208205222011000080
20151208212822001010080
20151208212822004410080
20151208212822004710080
20151208212922002810080
20151208213222025410080
20151208213522006110080
20151208213522025610080
20151208213622019610080
20151208213622027310080
20151208213622026410080
20151208213622024610080
20151208213622009110080
20151208213622020410080
20151208213722008610080
20151208213822003910080
20151208213822011610080
20151208213822020610080
20151208213822020610080
20151208213822020610080
20151208214022018210080
20151208214122019710080
20151208214122021910080
20151208214322016610080
20151208214322005410080
20151208214822001610080
20151208214822017310080
20151208214822017310080
20151208215022026710080
20151208215022024510080
20151208215122024310080
20151208220022010700080
20151208220022002100080
20151208220022008800080
20151208220022001500080
20151208220022012800080
20151208220022020300080
20151208220022012100080
20151208220022026200080
20151208220022007200080
20151208220022018000080
20151208220022026500080
20151208220022026500080
20151208220022028000080
20151208220022014600080
20151208220022021000080
20151208220022012100080
20151208220022024700080
20151208220022024800080
20151208220022026300080
20151208220022021800080
20151208220022011900080
20151208220122027500080
20151208220122025200080
20151208220122002300080
20151208220222004300080
20151208220222007300080
20151208220422015900080
20151208220422024900080
20151208224422003200080
20151209074422026610080
20151209074822006410080
20151209085622028310080
2015120809400971266110070
2015120809400950948710070
2015120809400950948710070
2015120809401120333210070
2015120809401120333210070
2015120809401120333410070
2015120809500921213610070
2015120809520921212010070
2015120809520921212010070
2015120809521081217910070
2015120809520930116910070
2015120809530930524310070
2015120809530930118910070
2015120809530940837410070
2015120809530940837410070
2015120809560950947510070
2015120809560950947510070
2015120809580950949010070
2015120810030931030500070
2015120810030931030500070
2015120810141110629800070
2015120810141110629800070
2015120810170960352200070
2015120810170960352200070
2015120812250921213710070
2015120813350960251710070
2015120813360950745210070
2015120813391070714410070
2015120813400950946610070
2015120813400950946610070
2015120813410960352710070
2015120813411090621010070
2015120813451020604310070
2015120814010940837000070
2015120814050931031500070
2015120817000930929300070
2015120817002805201500070
2015120817000930114400070
2015120817011090419500070
2015120817010950663200070
2015120817020930428000070
2015120817020931030700070
2015120817020931234200070
2015120817030930524200070
2015120817030930928800070
2015120817030930421200070
2015120817030930422200070
2015120817030970965100070
2015120817041140836800070
2015120817040930116000070
2015120817040930117400070
2015120817050941138900070
2015120817050931030310070
2015120817051061213100070
2015120817051100626400070
2015120817051090418500070
2015120817061120835400070
2015120817061020303800070
2015120817060950744600070
2015120817070930929700070
2015120817071090418700070
2015120817071100425200070
2015120817071100425200070
2015120817080960655500070
2015120817090920605100070
2015120817100921213300070
2015120817100921212800070
2015120817110930320600070
2015120817111140636700070
2015120817150931030600070
2015120817180920604500070
2015120817221130436000070
2015120817281090822200070
2015120817281090822200070
2015120817340930421300070
2015120817340920604200070
2015120817350940535500070
2015120817350930219900070
2015120818010921211700070
2015120818010921211700070
2015120818160950663000070
2015120818201100927200070
2015120818210981203800070
2015120818210981203800070
2015120818211090318200070
2015120818211090318200070
2015120818561100425100070
2015120818571061212900070
2015120818571061212900070
2015120818581111031300070
2015120818581111031300070
2015120819030931233800070
2015120819030930928500070
2015120819060950947600070
2015120819071020905000070
2015120819090930116300070
2015120819090930116300070
2015120819111090419900070
2015120819140931233900070
2015120820001090621100070
2015120820031111031400070
2015120820031111031400070
2015120820031111031400070
2015120820031111031400070
2015120820240931234100070
2015120821050930115900070
2015120821090960352210070
2015120821090960352210070
2015120821320931030210070
2015120821340930118610070
2015120821340930118610070
2015120821352704201410070
2015120821350930524710070
2015120821350930524710070
2015120821380950946810070
2015120821390981203710070
2015120821390960251810070
2015120821440930422110070
2015120821440921211110070
2015120821471060712210070
2015120821471060712210070
2015120821471120333810070
2015120821471120333810070
2015120821491081117110070
2015120821531111232010070
2015120821531100425610070
2015120821541100425510070
2015120821551110830810070
2015120821551110830810070
2015120822000921213100070
2015120822001070714400070
2015120822001070714400070
2015120822001020604300070
2015120822010960352700070
2015120822010950946600070
2015120822010950946600070
2015120822010950948700070
2015120822010950948700070
2015120822030940837400070
2015120822040960251700070
2015120822040930117200070
2015120901020930827500070
2015120906170930525210070
2015120907340930524210070
2015120907340930524210070
2015120907352805201510070
2015120907352805201510070
2015120907470950543310070
2015120907470950543310070
2015120907520940736010070
2015120907520940736010070
2015120907520940736010070
2015120809421101228110060
2015120809421090318410060
2015120809530950662710060
2015120809530950662710060
2015120809530930117210060
2015120809540921211610060
2015120809540921213110060
2015120809560930117510060
2015120809560930117510060
2015120810001110830500060
2015120810000941038700060
2015120810000950543200060
2015120810000950543200060
2015120810000941038700060
2015120810000941038700060
2015120810010950946300060
2015120810010950946300060
2015120810030980366700060
2015120810030921212300060
2015120810161110629800060
2015120810161110629800060
2015120813460930525110060
2015120813460930525110060
2015120813500921213010060
2015120813531111232310060
2015120814011040407700060
2015120814010960453800060
2015120814010960453800060
2015120814010930524600060
2015120814020950662900060
2015120814020950662900060
2015120814020930929000060
2015120814021081217700060
2015120814021081217700060
2015120817000950948400060
2015120817000950948400060
2015120817000950948000060
2015120817000930116400060
2015120817001101228300060
2015120817001101228300060
2015120817020960454000060
2015120817021070714300060
2015120817020950662800060
2015120817022805201500060
2015120817021081117400060
2015120817020911102100060
2015120817020911102100060
2015120817030930114400060
2015120817031090419400060
2015120817031090419400060
2015120817030930827400060
2015120817030941038300060
2015120817031090419500060
2015120817031090419500060
2015120817041081117300060
2015120817041111131800060
2015120817042804201400060
2015120817041110830600060
2015120817040930428000060
2015120817040931030700060
2015120817041100425900060
2015120817051011002900060
2015120817050931030900060
2015120817050930524200060
2015120817050960353600060
2015120817050960353600060
2015120817051090721700060
2015120817050980366800060
2015120817051100124300060
2015120817051100124300060
2015120817051100124300060
2015120817050930115000060
2015120817050930115000060
2015120817050930115600060
2015120817050930421200060
2015120817061100626600060
2015120817061140836800060
2015120817060930115700060
2015120817060960151000060
2015120817060960150900060
2015120817060960150900060
2015120817061100324800060
2015120817060930115500060
2015120817071090621300060
2015120817070940735700060
2015120817070931031200060
2015120817070960555300060
2015120817071120434000060
2015120817071110329000060
2015120817071150337200060
2015120817070930421600060
2015120817081090822100060
2015120817080940836400060
2015120817080930219800060
2015120817080931133200060
2015120817091051009200060
2015120817091080315000060
2015120817091110830900060
2015120817091110830900060
2015120817091090418600060
2015120817091090418600060
2015120817101110329200060
2015120817100930928400060
2015120817101130335800060
2015120817111150437400060
2015120817121081117500060
2015120817121090418800060
2015120817170931030600060
2015120817180960151300060
2015120817190940836600060
2015120817200961056500060
2015120817220930827600060
2015120817220930827600060
2015120817220930421400060
2015120817241081016100060
2015120817241130436000060
2015120817300921213700060
2015120817310960251510060
2015120817311090520400060
2015120817310950543300060
2015120817330950542600060
2015120817341100727000060
2015120817341060611400060
2015120817341060611400060
2015120817360930421300060
2015120817380920605600060
2015120817530930320300060
2015120818070931031000060
2015120818124110201500060
2015120818124110201500060
2015120818220951050000060
2015120818231060711900060
2015120818231100927200060
2015120818431110328900060
2015120818451120634400060
2015120818451120634400060
2015120818561120232700060
2015120819001100425100060
2015120819001100425100060
2015120819001100425100060
2015120819001100425100060
2015120819001100425100060
2015120819010941258500060
2015120819091150337100060
2015120819110950948600060
2015120819110930119000060
2015120819111060712000060
2015120819110930422300060
2015120819121120735300060
2015120819121120735300060
2015120820010931234000060
2015120820010931234000060
2015120820010930523700060
2015120820010930523700060
2015120820041090419600060
2015120820040931032500060
2015120820270931234100060
2015120820311060812400060
2015120820311060812400060
2015120821030931233700060
2015120821031081117200060
2015120821031081117200060
2015120821070930115900060
2015120821350950945910060
2015120821372704201410060
2015120821381100626810060
2015120821390960251910060
2015120821390960251910060
2015120821400941038610060
2015120821400941038610060
2015120821420930117010060
2015120821420930117010060
2015120821450970364410060
2015120821450970364410060
2015120821451120333110060
2015120821500960655810060
2015120821500960655810060
2015120821541091123610060
2015120822001081217900060
2015120822000930116900060
2015120822000950949000060
2015120822000921212000060
2015120822000931032700060
2015120822000921211600060
2015120822000921213000060
2015120822000921213600060
2015120822001111232300060
2015120822000930525100060
2015120822000950745200060
2015120822000950745200060
2015120822010930117500060
2015120822010930117500060
2015120822010950947500060
2015120822010930118900060
2015120822011120333400060
2015120822011090318400060
2015120822011120333200060
2015120822011120333200060
2015120822021081218000060
2015120822020930524300060
2015120822021101228100060
2015120822021090621000060
2015120822030950662700060
2015120822030950662700060
2015120822030971266100060
2015120822030960352700060
2015120822031120634500060
2015120822031120634500060
2015120901010930114500060
2015120901010930114500060
2015120901050930827500060
2015120907370930929310060
2015120907370930929310060
2015120907411111031410060
2015120907411111031410060
2015120907411111031410060
2015120907451100124310060
2015120907451100124310060
2015120907451100124310060
