20151111094722020310080
20151111100022023000080
20151111104022020400080
20151111104022021900080
20151111120422003700080
20151111130522026510080
20151111130522026510080
20151111133322012110080
20151111133322024710080
20151111133322012810080
20151111133622003210080
20151111133622002310080
20151111133622001510080
20151111133622002110080
20151111133622021010080
20151111133722021010080
20151111133722014610080
20151111133822028010080
20151111133822025210080
20151111133822007210080
20151111133822024910080
20151111134022010710080
20151111134122026310080
20151111134222026210080
20151111134222027510080
20151111134222018010080
20151111134922004310080
20151111135222011910080
20151111135222021810080
20151111135922020910080
20151111140022012200080
20151111140022005900080
20151111140022021500080
20151111140022012000080
20151111140022003000080
20151111140022018100080
20151111140022019900080
20151111140022026000080
20151111140022003100080
20151111140022025500080
20151111140022027200080
20151111140022014500080
20151111140022005700080
20151111140022025700080
20151111140022020200080
20151111140122010900080
20151111140122011100080
20151111140122011100080
20151111140122004600080
20151111140222009000080
20151111140222024400080
20151111140322027100080
20151111141522027400080
20151111170022012400080
20151111170022002000080
20151111170022005200080
20151111170022025100080
20151111170022013600080
20151111170022028400080
20151111170022023600080
20151111170022023300080
20151111170022022000080
20151111170022015500080
20151111170022005300080
20151111170022004800080
20151111170022018500080
20151111170022012700080
20151111170022023200080
20151111170022028200080
20151111170122014200080
20151111170122022500080
20151111170122023700080
20151111170122008700080
20151111170122024000080
20151111170222023100080
20151111170222027700080
20151111170222023400080
20151111170222021300080
20151111170222028600080
20151111170222026600080
20151111170222027800080
20151111170222023900080
20151111170222022200080
20151111170322016800080
20151111170422003800080
20151111170722006700080
20151111170722027900080
20151111171022028300080
20151111171322002400080
20151111171722028100080
20151111171922006400080
20151111173622010500080
20151111173922019710080
20151111173922019810080
20151111174722008810080
20151111175422024810080
20151111175722024610080
20151111175922005100080
20151111180022001200080
20151111180022025900080
20151111180122002600080
20151111180122011500080
20151111180222023800080
20151111180312036300080
20151111181922011000080
20151111182822000300080
20151111182922000900080
20151111183322000600080
20151111183422000500080
20151111183422009500080
20151111184322000400080
20151111184322009300080
20151111185422014700080
20151111190222029500080
20151111190222011300080
20151111190722028500080
20151111190722028700080
20151111190822021600080
20151111191322020700080
20151111191322008900080
20151111191322008900080
20151111191922005600080
20151111193022022600080
20151111200022014100080
20151111200122020800080
20151111200122029300080
20151111200222018800080
20151111212522023500080
20151111212922003910080
20151111213022008610080
20151111213422006110080
20151111213622009110080
20151111214122004410080
20151111214122002810080
20151111214122001010080
20151111214122027310080
20151111214122019610080
20151111214222026410080
20151111214222021910080
20151111214322020610080
20151111214422024510080
20151111214422025410080
20151111214422020410080
20151111214422016610080
20151111214722018210080
20151111215222005410080
20151111215222001610080
20151111215222017310080
20151111220022012800080
20151111220022014600080
20151111220022018000080
20151111220022018000080
20151111220022020900080
20151111220022004300080
20151111220022026300080
20151111220022026200080
20151111220022020300080
20151111220022021000080
20151111220122011900080
20151111220122010700080
20151111220122002300080
20151111220222021800080
20151111220222001500080
20151111220222007200080
20151111220222027500080
20151111220222024900080
20151111220222003200080
20151111220322025200080
20151111220322028000080
20151111220422002100080
20151112052822003510080
20151112052822002210080
20151112052822005510080
20151112053222017510080
20151112053322026910080
20151112053322026110080
20151112053422004010080
20151112053522014410080
20151112053522006210080
20151112053522024210080
20151112053922016410080
20151112053922025310080
20151112053922003310080
20151112053922025810080
20151112053922026810080
20151112053922025810080
20151112054022027610080
20151112054022025010080
20151112054022004910080
20151112054122017410080
20151112054122016510080
20151112054122010310080
20151112054122005010080
20151112054122018710080
20151112054422021110080
20151112054522027010080
20151112054522027010080
20151112060022008600080
20151112060022001000080
20151112060022009100080
20151112060022019600080
20151112060022003900080
20151112060022021900080
20151112060022027300080
20151112060022024600080
20151112060022026400080
20151112060022025400080
20151112060022024800080
20151112060022024700080
20151112060022005400080
20151112060022024500080
20151112060022020600080
20151112060122006100080
20151112060122019800080
20151112060122026500080
20151112060122026500080
20151112060222019700080
20151112060222001600080
20151112060222004400080
20151112060322020400080
20151112060422012100080
20151112060422018200080
20151112061222008800080
20151112070122028210080
20151112070122028210080
20151112070522006710080
20151112072022003810080
20151112072522000110080
20151112072722021310080
20151112072722005610080
20151112072822009510080
20151112072822014710080
20151112072822001710080
20151112072922018810080
20151112072922000410080
20151112073122027710080
20151112073122023610080
20151112073122014210080
20151112073122024010080
20151112073122023910080
20151112073222028310080
20151112073322023210080
20151112073722004510080
20151112073722003710080
20151112073722004810080
20151112073822028110080
20151112073822011710080
20151112073922023110080
20151112073922008710080
20151112074022011310080
20151112074022000610080
20151112074022000510080
20151112074222000910080
20151112074322005110080
20151112074322025110080
20151112074322005310080
20151112074322012710080
20151112074322028410080
20151112074322023510080
20151112074322027810080
20151112074312036310080
20151112074422008910080
20151112074522009310080
20151112074622022010080
20151112074622014110080
20151112074622002010080
20151112074622006410080
20151112074622013610080
20151112074622018510080
20151112074722023410080
20151112074822027910080
20151112074822015510080
20151112074822020810080
20151112074822021610080
20151112074922012410080
20151112075022020710080
20151112075022019010080
20151112075122028610080
20151112075122023310080
20151112075122029510080
20151112075122026610080
20151112075122023710080
20151112075222022610080
20151112075222028510080
20151112075222005210080
20151112075222022510080
20151112075422011010080
20151112075422028710080
20151112075422029310080
20151112075522000310080
20151112075622002410080
20151112075622001210080
20151112075622002410080
20151112075622001210080
20151112075622010510080
20151112075722016810080
20151112075722023010080
20151112080822017710080
2015111109390950946610070
2015111109440921213610070
2015111109591081218010070
2015111109591081218010070
2015111110051120333100070
2015111113280960251710070
2015111113320950662710070
2015111113320950662710070
2015111113350940837410070
2015111113350940837410070
2015111113360930524310070
2015111113360930525110070
2015111113370921211610070
2015111113380921212010070
2015111113380921212010070
2015111113400950947510070
2015111113400931032710070
2015111113420930116910070
2015111113421090318410070
2015111113470971266110070
2015111113491070714410070
2015111113491070714410070
2015111113550950948710070
2015111113550950948710070
2015111113580921213110070
2015111114011081217700070
2015111114011081217700070
2015111116560930928300070
2015111117000950745000070
2015111117000960353600070
2015111117000960353600070
2015111117000930928300070
2015111117000930928800070
2015111117001110830600070
2015111117001081117400070
2015111117001111131800070
2015111117010941038300070
2015111117011081117300070
2015111117010930114400070
2015111117010930421400070
2015111117011100727000070
2015111117011100727000070
2015111117011090419400070
2015111117011090419400070
2015111117010930421200070
2015111117010931031500070
2015111117020931233800070
2015111117021090419500070
2015111117021090419500070
2015111117021100626600070
2015111117021090621100070
2015111117020931234200070
2015111117030931030700070
2015111117030930117400070
2015111117030960856100070
2015111117040960150900070
2015111117040960150900070
2015111117041100626400070
2015111117041090822200070
2015111117040930422200070
2015111117040930115900070
2015111117040930116000070
2015111117041061212900070
2015111117041090419000070
2015111117041111031300070
2015111117051100224400070
2015111117050940836700070
2015111117051100425100070
2015111117050950663000070
2015111117051090418500070
2015111117051090418800070
2015111117050930422300070
2015111117050921212800070
2015111117050950744600070
2015111117050930115500070
2015111117060930626000070
2015111117070920604500070
2015111117080921213300070
2015111117080930727200070
2015111117080930727200070
2015111117120941138900070
2015111117140981267700070
2015111117190930320600070
2015111117200930525200070
2015111117251090520400070
2015111117251090520400070
2015111117271120634900070
2015111117291100425200070
2015111117301091223900070
2015111117320930219900070
2015111117320920604200070
2015111117330960655500070
2015111117350940535500070
2015111117361081217910070
2015111117370930118910070
2015111117410931233900070
2015111117460930320300070
2015111118021051109600070
2015111118081100927200070
2015111119201140836800070
2015111121191150337200070
2015111121260960352210070
2015111121310930118610070
2015111121310930118610070
2015111121322401201410070
2015111121410981203710070
2015111121421060711710070
2015111121420931030210070
2015111121431081117110070
2015111121430950946810070
2015111121440930524710070
2015111121440930524710070
2015111121461110830810070
2015111121461110830810070
2015111121461120333810070
2015111121461120333810070
2015111121460940837310070
2015111121461100425610070
2015111121480960251810070
2015111121500921211110070
2015111121510930422110070
2015111121531120333110070
2015111121541091123610070
2015111122010960251700070
2015111122010960251700070
2015111122010930117500070
2015111122010930117500070
2015111122030930117200070
2015111122040940837400070
2015111122040940837400070
2015111205291110629810070
2015111205291110629810070
2015111205290930118110070
2015111205290930118110070
2015111205340941239710070
2015111205370940837010070
2015111205377311201310070
2015111205390930524810070
2015111205401090620610070
2015111205431111232110070
2015111205431111232110070
2015111205430960453810070
2015111205450950947710070
2015111205450950947710070
2015111205461060711810070
2015111205461060711810070
2015111205530980366710070
2015111206002401201400070
2015111206001060711700070
2015111206011120333100070
2015111206021150337210070
2015111206130960352200070
2015111206310930525210070
2015111206511100626100070
2015111206580941239310070
2015111207120931233810070
2015111207130941038310070
2015111207160930827610070
2015111207230930320310070
2015111207250911102110070
2015111207250911102110070
2015111207250931030710070
2015111207251090419910070
2015111207260930662310070
2015111207261061212910070
2015111207261061212910070
2015111207281100425210070
2015111207291051009210070
2015111207301011002910070
2015111207310940836710070
2015111207321130436010070
2015111207321080315010070
2015111207340930929710070
2015111207340950744610070
2015111207351090418510070
2015111207351021005610070
2015111207370940535510070
2015111207381090922710070
2015111207380930219810070
2015111207390930524210070
2015111207391100425110070
2015111207391040107310070
2015111207391090419510070
2015111207400940736010070
2015111207400940736010070
2015111207400960655510070
2015111207411100224410070
2015111207410930928810070
2015111207410921212710070
2015111207410960252110070
2015111207410940735710070
2015111207410950542610070
2015111207411111031310070
2015111207411060812410070
2015111207410930827410070
2015111207410930116010070
2015111207410931030310070
2015111207422805201510070
2015111207421120835410070
2015111207420931234410070
2015111207430950662210070
2015111207430950662210070
2015111207430950663010070
2015111207441140836810070
2015111207441100626410070
2015111207441090419010070
2015111207451091223910070
2015111207450960150910070
2015111207450960150910070
2015111207450960150910070
2015111207460930421410070
2015111207460930421410070
2015111207460921213710070
2015111207461081117210070
2015111207460930422310070
2015111207460930422210070
2015111207460930421310070
2015111207470931031010070
2015111207470960856110070
2015111207470930115910070
2015111207480931234010070
2015111207480931234010070
2015111207480921212810070
2015111207481111131810070
2015111207481111131810070
2015111207481081016810070
2015111207480930320610070
2015111207490960454010070
2015111207491081117410070
2015111207491100425910070
2015111207491090621110070
2015111207500930117410070
2015111207500931133510070
2015111207511090520410070
2015111207511090520410070
2015111207511090520410070
2015111207510930929310070
2015111207510921211710070
2015111207510921211710070
2015111207520930929310070
2015111207520951150410070
2015111207540921213310070
2015111207550920604510070
2015111207560941258510070
2015111207560950543110070
2015111207571111201310070
2015111207570930219910070
2015111207571090721710070
2015111207571090721710070
2015111207580920605110070
2015111207580930115610070
2015111207580930727210070
2015111207591120634910070
2015111207591020303710070
2015111208030931234210070
2015111208130931234110070
2015111109471090621010060
2015111109471090621010060
2015111109491111232310060
2015111113380950949010060
2015111113400930117510060
2015111113400930117510060
2015111113420950947510060
2015111113420931032710060
2015111113420930117210060
2015111113441120333410060
2015111113451101228110060
2015111113451120333210060
2015111113451120333210060
2015111113471020604310060
2015111114000950948000060
2015111114001110629900060
2015111114001110629900060
2015111114000950948000060
2015111114001110629600060
2015111114001120735300060
2015111114001120735300060
2015111114014110201500060
2015111114010940735900060
2015111114011090318200060
2015111114010951050000060
2015111114031060711900060
2015111116590931234000060
2015111117000931234000060
2015111117000931234000060
2015111117002805201500060
2015111117002805201500060
2015111117000950948400060
2015111117000950948400060
2015111117000921211700060
2015111117000921211700060
2015111117010950946700060
2015111117010950947600060
2015111117010930116400060
2015111117010930928500060
2015111117010930119000060
2015111117010941239400060
2015111117010930524200060
2015111117010931233700060
2015111117011040407700060
2015111117011130436000060
2015111117011100425900060
2015111117020930929700060
2015111117020950662800060
2015111117021070714300060
2015111117020940736000060
2015111117020930827500060
2015111117021081117200060
2015111117021101228300060
2015111117020930428000060
2015111117020950543100060
2015111117020930115700060
2015111117020950745000060
2015111117030930114400060
2015111117031090419600060
2015111117030930421400060
2015111117031090419400060
2015111117032804201400060
2015111117030930421200060
2015111117030950662900060
2015111117030950662900060
2015111117040931030900060
2015111117040980366800060
2015111117051140436700060
2015111117050930115000060
2015111117050930115000060
2015111117050940735700060
2015111117050911102100060
2015111117050911102100060
2015111117050931030700060
2015111117050931031200060
2015111117050941239300060
2015111117050970965100060
2015111117050960856100060
2015111117061120434000060
2015111117060930523700060
2015111117060930115900060
2015111117060930523700060
2015111117061090419000060
2015111117061090419000060
2015111117060930524600060
2015111117071090922700060
2015111117070950662200060
2015111117071081117500060
2015111117071090418800060
2015111117071090822100060
2015111117070930421600060
2015111117071090418700060
2015111117071090418600060
2015111117071090418600060
2015111117071090418600060
2015111117081110329200060
2015111117081150437400060
2015111117080921212700060
2015111117081111031400060
2015111117081111031400060
2015111117081110328900060
2015111117081051009200060
2015111117090930219800060
2015111117090961056500060
2015111117090931133200060
2015111117100931030300060
2015111117160981267700060
2015111117190920605600060
2015111117210951049700060
2015111117241080315000060
2015111117260920604400060
2015111117280950543300060
2015111117300921213700060
2015111117301061213100060
2015111117311090721600060
2015111117321060812400060
2015111117320960151100060
2015111117321091223900060
2015111117340930116300060
2015111117340930116300060
2015111117360931031000060
2015111117371090621300060
2015111117370950745210060
2015111117400941038610060
2015111117400941038610060
2015111117521081016100060
2015111117530921213010060
2015111118021060712000060
2015111118021120333700060
2015111118030930929000060
2015111118030930929000060
2015111118040950948600060
2015111118100950946900060
2015111118120981203800060
2015111118120981203800060
2015111118121120634400060
2015111118121120634400060
2015111118240941258500060
2015111118290930662300060
2015111118450971165500060
2015111118490930827600060
2015111118490930827600060
2015111118500920605100060
2015111118520930321000060
2015111118530931030600060
2015111119000930929300060
2015111119000930929300060
2015111119051120232700060
2015111119170930928400060
2015111119221140836800060
2015111119221021005600060
2015111119380931032500060
2015111120011110329000060
2015111120290931234100060
2015111120391040107300060
2015111121031090721700060
2015111121031090721700060
2015111121191100626110060
2015111121290950945910060
2015111121361100626810060
2015111121440930117010060
2015111121450970364410060
2015111121500950949310060
2015111121510960251910060
2015111121510960251910060
2015111121540960251510060
2015111122000921213100060
2015111122000921213100060
2015111122001090318400060
2015111122000930118900060
2015111122001120333400060
2015111122000930525100060
2015111122001101228100060
2015111122000950947500060
2015111122001120333200060
2015111122001120333200060
2015111122000930116900060
2015111122000921212000060
2015111122000921211600060
2015111122000921213000060
2015111122001020604300060
2015111122010931032700060
2015111122010930524300060
2015111122011070714400060
2015111122010950946600060
2015111122010950662700060
2015111122010921213600060
2015111122020950949000060
2015111122020971266100060
2015111122021111232300060
2015111122020930827400060
2015111122020930827400060
2015111122030960251700060
2015111122031090621000060
2015111122031120634500060
2015111122041081218000060
2015111122050950948700060
2015111123091110830900060
2015111123101110830900060
2015111123300960151300060
2015111205371120634310060
2015111205371120634310060
2015111205380931031610060
2015111205397311201310060
2015111205401120634810060
2015111205401120634810060
2015111205411060712310060
2015111205411060210510060
2015111205410930524810060
2015111205410930524810060
2015111205410950946510060
2015111205420921212310060
2015111205421120735210060
2015111205421110830510060
2015111205421090620610060
2015111205430960655910060
2015111205430950946310060
2015111205430950945810060
2015111205430950945810060
2015111205431111232210060
2015111205440931030510060
2015111205440931030510060
2015111205450950949410060
2015111205450941038710060
2015111205451120634610060
2015111205470950542810060
2015111205470950542810060
2015111205480950543210060
2015111205480950543210060
2015111206000930118600060
2015111206000930118600060
2015111206000960655800060
2015111206001100425600060
2015111206000981203700060
2015111206002704201400060
2015111206000950946800060
2015111206001081217900060
2015111206000970364400060
2015111206001111232000060
2015111206001120333800060
2015111206000950745200060
2015111206000930422100060
2015111206000950949300060
2015111206001110830800060
2015111206001110830800060
2015111206001100626800060
2015111206010921211100060
2015111206010960251900060
2015111206010960251900060
2015111206010960251500060
2015111206010941038600060
2015111206010941038600060
2015111206020960251800060
2015111206021091123600060
2015111206020930524700060
2015111206020930524700060
2015111206030930117000060
2015111206030950945900060
2015111206041081117100060
2015111207081110329010060
2015111207180930827610060
2015111207270931030710060
2015111207270980366810060
2015111207281100124310060
2015111207281100124310060
2015111207281100124310060
2015111207281110329210060
2015111207281120232710060
2015111207281150337110060
2015111207281090822210060
2015111207291090822210060
2015111207291110328910060
2015111207300950662810060
2015111207311100425210060
2015111207311090822110060
2015111207311061213110060
2015111207320930428010060
2015111207320930115510060
2015111207330930114410060
2015111207331021005510060
2015111207341130436010060
2015111207360931133210060
2015111207371020303810060
2015111207370920605610060
2015111207390960151110060
2015111207401090419610060
2015111207402804201410060
2015111207400951049710060
2015111207400960151210060
2015111207411090418810060
2015111207410930524210060
2015111207420930928410060
2015111207420930421610060
2015111207430930928810060
2015111207430970965110060
2015111207430960252110060
2015111207431111031410060
2015111207431090418610060
2015111207431090418610060
2015111207431090418610060
2015111207441090419310060
2015111207451120434010060
2015111207450930115710060
2015111207450930523710060
2015111207450930523710060
2015111207461100626310060
2015111207461100626310060
2015111207460931233710060
2015111207461100626410060
2015111207470930321010060
2015111207471100727010060
2015111207471100727010060
2015111207480930421210060
2015111207481090419210060
2015111207481090418710060
2015111207481140436710060
2015111207480930421310060
2015111207490960856110060
2015111207490950543310060
2015111207490930115910060
2015111207490960151310060
2015111207501150437410060
2015111207500961056510060
2015111207501081016810060
2015111207510930827510060
2015111207510960454010060
2015111207560931032510060
2015111207581081117510060
