20151127093422026410080
20151127093622020610080
20151127100422024610080
20151127100522015910080
20151127101622025000080
20151127124022006400080
20151127132722006110080
20151127132922025410080
20151127133022025610080
20151127133122004410080
20151127133222004710080
20151127133422021910080
20151127133422019710080
20151127133422003910080
20151127133422008610080
20151127133922019610080
20151127133922027310080
20151127133922020410080
20151127133922009110080
20151127134022001610080
20151127134022024310080
20151127134022017310080
20151127134022017310080
20151127134122016610080
20151127134222005410080
20151127134222019810080
20151127134222026710080
20151127134222024510080
20151127134322018210080
20151127140122014600080
20151127140122007200080
20151127140222002300080
20151127140322025200080
20151127140422007300080
20151127140622004300080
20151127142322027500080
20151127142522024900080
20151127142522018000080
20151127142822026200080
20151127142822020900080
20151127142922020300080
20151127143122012100080
20151127143422028000080
20151127143422024700080
20151127143522015900080
20151127144722021000080
20151127145222021800080
20151127145222012800080
20151127145222024800080
20151127145422001500080
20151127170022012400080
20151127170022014100080
20151127170022004800080
20151127170022013600080
20151127170022023200080
20151127170022027700080
20151127170022015500080
20151127170022003700080
20151127170022016800080
20151127170022014200080
20151127170022011700080
20151127170022024000080
20151127170022008700080
20151127170122002000080
20151127170122005200080
20151127170222023100080
20151127170222018500080
20151127170322023500080
20151127170322009200080
20151127170322010500080
20151127170522028600080
20151127170722027900080
20151127170722025100080
20151127170822028200080
20151127170922029300080
20151127171622021300080
20151127171922022500080
20151127172722017910080
20151127173122004500080
20151127173122009500080
20151127173322000600080
20151127173422011610080
20151127173522028700080
20151127174222005600080
20151127180022001010080
20151127180022002100080
20151127180222023400080
20151127181722008800080
20151127181722010700080
20151127181722026500080
20151127181722026500080
20151127181922003200080
20151127182322011000080
20151127183622019000080
20151127183622022000080
20151127184922000300080
20151127185322000500080
20151127185822009300080
20151127185822014700080
20151127190022011300080
20151127190022028300080
20151127190022026600080
20151127190022029500080
20151127190222022600080
20151127190222019100080
20151127190322018800080
20151127190922021600080
20151127193422023900080
20151127200022023600080
20151127200022028100080
20151127200222020700080
20151127200422008900080
20151127203722003800080
20151127210222020800080
20151127210322000100080
20151127210522001700080
20151127212722014410080
20151127212922027010080
20151127213222027800080
20151127213222023300080
20151127213322016410080
20151127213322000400080
20151127213422016010080
20151127213422004910080
20151127213822003510080
20151127213822002210080
20151127213822005510080
20151127213922017510080
20151127214022025010080
20151127214022025810080
20151127214022017410080
20151127214122004010080
20151127214122026810080
20151127214122025310080
20151127214222027610080
20151127214322010310080
20151127214322005010080
20151127214322016510080
20151127214322014310080
20151127214322006210080
20151127214422021110080
20151127214622026910080
20151127214622026110080
20151127214722024210080
20151127220022008600080
20151127220022019600080
20151127220022004400080
20151127220022021900080
20151127220022009100080
20151127220022024600080
20151127220022026400080
20151127220022016600080
20151127220022020600080
20151127220022005400080
20151127220022020400080
20151127220022003900080
20151127220022019800080
20151127220122024300080
20151127220122025400080
20151127220122006100080
20151127220122017300080
20151127220122017300080
20151127220122025600080
20151127220122024500080
20151127220122026700080
20151127220122019700080
20151127220222004700080
20151127220222027300080
20151127220222018200080
20151127220322001600080
20151127220322028500080
20151127220622022200080
20151127223422005300080
20151128053122020210080
20151128053122011510080
20151128053222003010080
20151128053222027210080
20151128053522011110080
20151128053622009010080
20151128053622005910080
20151128053622019910080
20151128053822025510080
20151128053822005710080
20151128053822002610080
20151128053922018110080
20151128053922023810080
20151128053922024410080
20151128054022003110080
20151128054022017210080
20151128054022025710080
20151128054022026010080
20151128054122025910080
20151128054122027110080
20151128054122027410080
20151128054222012210080
20151128054722012010080
20151128055022014510080
20151128055822021510080
20151128060022006200080
20151128060022005500080
20151128060022017400080
20151128060022002200080
20151128060022005000080
20151128060022001000080
20151128060022014400080
20151128060022016400080
20151128060022010300080
20151128060022027000080
20151128060022004000080
20151128060022011600080
20151128060022027600080
20151128060022024200080
20151128060022017500080
20151128060022026100080
20151128060022003500080
20151128060022025800080
20151128060122025300080
20151128060122026800080
20151128060122017900080
20151128060122021100080
20151128060122014300080
20151128060222025800080
20151128060322025000080
20151128060622016000080
20151128061522026900080
20151128062122004610080
20151128072222028210080
20151128073222005610080
20151128073422004510080
20151128073422010510080
20151128073422003710080
20151128073422018810080
20151128073522009210080
20151128074422021310080
20151128074922005210080
20151128074922027810080
20151128075122023410080
20151128080322023110080
2015112709210960352210070
2015112709210960352210070
2015112709290930115710070
2015112709400921211110070
2015112709401120333810070
2015112709401120333810070
2015112709480960251810070
2015112709510960251910070
2015112709510960251910070
2015112709571060711710070
2015112710191100425610070
2015112713261100425510070
2015112713401081117110070
2015112713471110830810070
2015112713471110830810070
2015112714000921213000070
2015112714000971266100070
2015112714000960352700070
2015112714000960352700070
2015112714020950946600070
2015112714020950946600070
2015112714020931031600070
2015112714030960251700070
2015112714030960251700070
2015112717000921211700070
2015112717001120333200070
2015112717000930928500070
2015112717001101228100070
2015112717000930929300070
2015112717000930929300070
2015112717001130436000070
2015112717010930116400070
2015112717010950662800070
2015112717020931030700070
2015112717020930524200070
2015112717021110830600070
2015112717021011002900070
2015112717031090621000070
2015112717031140836800070
2015112717040930117400070
2015112717040950644200070
2015112717040930929700070
2015112717041100626400070
2015112717040930422200070
2015112717041090418500070
2015112717041061213100070
2015112717051090621300070
2015112717050930928800070
2015112717050930928800070
2015112717051020905000070
2015112717060950744600070
2015112717060930727200070
2015112717070921213300070
2015112717070921213300070
2015112717070930626000070
2015112717081090418800070
2015112717150931030600070
2015112717180930219900070
2015112717190920604200070
2015112717240930115500070
2015112717260931030210070
2015112717260930320600070
2015112717271120634900070
2015112717280940836700070
2015112717280950663000070
2015112717310930118610070
2015112717310930118610070
2015112717310930118610070
2015112717310940535500070
2015112717320950947710070
2015112717320950947710070
2015112717330950946810070
2015112717361120634610070
2015112717370941239710070
2015112717371090620610070
2015112717381061212900070
2015112717381061212900070
2015112717381100425100070
2015112717380930524810070
2015112717380930524810070
2015112717381111031300070
2015112717381111031300070
2015112717470930118110070
2015112717470930118110070
2015112717500981203710070
2015112717500930117010070
2015112717511060712210070
2015112717541111232010070
2015112717541110629810070
2015112717541110629810070
2015112717581091123610070
2015112717581091123610070
2015112718050921212000070
2015112718050921212000070
2015112718090921213600070
2015112718090921213600070
2015112718181150337200070
2015112719261090419900070
2015112719291090419310070
2015112719411090822200070
2015112719440920604510070
2015112720020930422300070
2015112720020930422300070
2015112720020930116000070
2015112720020950543300070
2015112720431100224400070
2015112720431100224400070
2015112721021130335800070
2015112721031090520400070
2015112721111140636700070
2015112721111140636700070
2015112721111140636700070
2015112721280950543210070
2015112721280950543210070
2015112721391110830510070
2015112721390980366710070
2015112721390950945810070
2015112721390950945810070
2015112721400950663110070
2015112721400950663110070
2015112721421060210510070
2015112721431110328810070
2015112721430950949410070
2015112721440960453810070
2015112721440960453810070
2015112721451120735210070
2015112721461060711810070
2015112721470940837010070
2015112721580941038710070
2015112721580941038710070
2015112722011110830800070
2015112722011110830800070
2015112722022704201400070
2015112722020960352200070
2015112722031060711700070
2015112723121090419500070
2015112723121090419500070
2015112723360931233900070
2015112723581090419000070
2015112800140930115700070
2015112805301060712010070
2015112805300941239410070
2015112805300941239410070
2015112805310930119010070
2015112805320950947610070
2015112805331040407710070
2015112805330950662910070
2015112805330950662910070
2015112805340951050010070
2015112805340950948410070
2015112805351110629910070
2015112805351110629910070
2015112805361051109610070
2015112805380940735910070
2015112805391120333710070
2015112805390930928310070
2015112805390930928310070
2015112805400950663210070
2015112805400981203810070
2015112805400981203810070
2015112805400930929010070
2015112805420950745010070
2015112805421100927210070
2015112805440930116310070
2015112805440930116310070
2015112805510950662810070
2015112805510950662810070
2015112806000950946800070
2015112806001120634600070
2015112806011111232000070
2015112806010980366700070
2015112806020940837000070
2015112806020950663100070
2015112806020950663100070
2015112806031100626100070
2015112806030931031600070
2015112806040930524800070
2015112806040930524800070
2015112806050960453800070
2015112806080930118100070
2015112806080930118100070
2015112807150931233810070
2015112807311090418710070
2015112807320930929710070
2015112807321070714310070
2015112807330930115010070
2015112807330930115010070
2015112807351090520410070
2015112807351090419010070
2015112807361100727010070
2015112807361100727010070
2015112807361100224410070
2015112807381150437410070
2015112807390930116010070
2015112807421090419510070
2015112807442805201510070
2015112807442805201510070
2015112807531081117410070
2015112807531081117410070
2015112807530921211710070
2015112807530921211710070
2015112807561081117310070
2015112807570930115510070
2015112807581020905010070
2015112808000921212710070
2015112808041100425110070
2015112709330930422110060
2015112709412704201410060
2015112710000950949400060
2015112710000950949400060
2015112710000950946300060
2015112710000950946300060
2015112710001120735200060
2015112710001120634800060
2015112710001060711800060
2015112710000950946500060
2015112710000950543200060
2015112710000950543200060
2015112710000950945800060
2015112710000950945800060
2015112710001060712300060
2015112710011111232200060
2015112710020950542800060
2015112710020950542800060
2015112713380950949310060
2015112713390950945910060
2015112713400941038610060
2015112713400941038610060
2015112713430940837310060
2015112713430940837310060
2015112713430970364410060
2015112713431120333110060
2015112713460960251510060
2015112713520960655810060
2015112713520960655810060
2015112714010921213100060
2015112714010950662700060
2015112714010950662700060
2015112714020950947500060
2015112714031120333400060
2015112717010921211600060
2015112717022805201500060
2015112717022805201500060
2015112717021070714300060
2015112717021130436000060
2015112717031090419600060
2015112717030930421400060
2015112717031081217900060
2015112717030930115000060
2015112717030930115000060
2015112717031081117200060
2015112717040931233800060
2015112717040931030700060
2015112717040941038300060
2015112717040930827400060
2015112717040930524200060
2015112717041110830600060
2015112717040931030900060
2015112717051020604300060
2015112717050940736000060
2015112717050980366800060
2015112717051100124300060
2015112717051100124300060
2015112717051100124300060
2015112717050921213700060
2015112717050960151000060
2015112717050960252100060
2015112717051090621100060
2015112717060981267700060
2015112717060981267700060
2015112717061100626300060
2015112717061100626300060
2015112717061090721700060
2015112717060940735700060
2015112717060951150400060
2015112717060950644200060
2015112717060931030300060
2015112717061091223900060
2015112717060930428000060
2015112717060930428000060
2015112717061100626400060
2015112717060930523700060
2015112717060930523700060
2015112717061120434000060
2015112717061081117500060
2015112717070950662200060
2015112717071090621300060
2015112717071120835400060
2015112717071110329000060
2015112717070930928800060
2015112717071081016800060
2015112717080931133200060
2015112717080921212800060
2015112717081051009200060
2015112717091090721600060
2015112717090930928400060
2015112717101090418800060
2015112717121110329200060
2015112717131100425900060
2015112717170931030600060
2015112717180930219800060
2015112717201110328900060
2015112717220920605600060
2015112717251080315000060
2015112717261100626110060
2015112717291120634310060
2015112717291120634310060
2015112717301020905200060
2015112717300960655500060
2015112717311060812400060
2015112717340931031000060
2015112717341150337100060
2015112717341081016100060
2015112717391090620610060
2015112717400930524810060
2015112717400930524810060
2015112717410930321000060
2015112717450940836400060
2015112717490920605100060
2015112717531100626810060
2015112718001090318400060
2015112718000930118900060
2015112718000950948700060
2015112718010930117200060
2015112718011111232300060
2015112718050950745200060
2015112718060930116900060
2015112718070950949000060
2015112718071081218000060
2015112718071120232700060
2015112718080931032700060
2015112718240930662300060
2015112719081100626600060
2015112720031111031400060
2015112720031111031400060
2015112720031111031400060
2015112720040950543300060
2015112720050961056500060
2015112720050930421600060
2015112720050930421300060
2015112720050930421300060
2015112720051090418700060
2015112720051110830900060
2015112720051110830900060
2015112720070960151300060
2015112720431090822100060
2015112721001081117300060
2015112721000930421200060
2015112721000931031200060
2015112721000931233700060
2015112721041130335800060
2015112721040930827600060
2015112721040930827600060
2015112721040931032500060
2015112721041100727000060
2015112721041100727000060
2015112721051090520400060
2015112721061150437400060
2015112721300950543210060
2015112721300950543210060
2015112721390931031610060
2015112721411120634810060
2015112721411120634810060
2015112721420950542810060
2015112721420950542810060
2015112721421060712310060
2015112721451110328810060
2015112721470950946510060
2015112721501111232210060
2015112721510950946310060
2015112721510950946310060
2015112721520921212310060
2015112722001081117100060
2015112722010960655800060
2015112722010960655800060
2015112722010921211100060
2015112722011120333800060
2015112722010960454000060
2015112722011100425500060
2015112722020960251800060
2015112722020970364400060
2015112722021100425600060
2015112722020950949300060
2015112722020930422100060
2015112722030941038600060
2015112722030941038600060
2015112722040940837300060
2015112722042704201400060
2015112722050960251900060
2015112722050960251900060
2015112722050960251500060
2015112723141090419500060
2015112723141090419500060
2015112723141090419500060
2015112800000931234100060
2015112800000950543100060
2015112800001090418600060
2015112800001090418600060
2015112800001111131800060
2015112800000931234000060
2015112800000931234000060
2015112800002804201400060
2015112800002804201400060
2015112800331081117400060
2015112800331081117400060
2015112800340930115900060
2015112800340930115900060
2015112802021090419400060
2015112802021090419400060
2015112802020930114400060
2015112802020930114400060
2015112805351040407710060
2015112805370931031510060
2015112805411090318210060
2015112805411090318210060
2015112805411120735310060
2015112805411120735310060
2015112805420950946910060
2015112805420950946910060
2015112805431110629610060
2015112805434110201510060
2015112805434110201510060
2015112805431101228310060
2015112805431101228310060
2015112805441081217710060
2015112805470930524610060
2015112806001100626800060
2015112806000950945900060
2015112806000930118600060
2015112806000930118600060
2015112806001091123600060
2015112806001110328800060
2015112806001110328800060
2015112806010941038700060
2015112806011120634300060
2015112806011120634300060
2015112806011090620600060
2015112806011111232100060
2015112806011090620600060
2015112806011111232100060
2015112806010921212300060
2015112806011110629800060
2015112806011110629800060
2015112806011060712200060
2015112806020930117000060
2015112806020930117000060
2015112806020981203700060
2015112806020950947700060
2015112806020950947700060
2015112806020941239700060
2015112806030931030200060
2015112806030950949400060
2015112806030950949400060
2015112806040950542800060
2015112806040950542800060
2015112806070930524800060
2015112806070930524800060
2015112807332804201410060
2015112807340930523710060
2015112807340930523710060
2015112807340930523710060
2015112807360960353610060
2015112807360960353610060
2015112807371090520410060
2015112807380930421310060
2015112807390930114410060
2015112807391090419410060
2015112807410931234010060
2015112807410931234010060
2015112807420930428010060
2015112807430930421610060
2015112807451090419510060
2015112807451090419510060
2015112807461090418610060
2015112807461090418610060
2015112807461090418610060
2015112807490930421410060
2015112807530950543110060
2015112807530931234110060
2015112807571111031410060
2015112807571111031410060
2015112808050960151310060
