20151212093522010310080
20151212093822017910080
20151212094122003510080
20151212094422027610080
20151212094522027610080
20151212094522004010080
20151212094922014310080
20151212095922026110080
20151212100022026200080
20151212100022010700080
20151212100122002100080
20151212100222026300080
20151212100422026500080
20151212100422026500080
20151212100422015900080
20151212100622028000080
20151212101022026910080
20151212133622017510080
20151212133622002210080
20151212133722005510080
20151212133822024210080
20151212133822016410080
20151212133922004910080
20151212133922003310080
20151212134122016510080
20151212134622021110080
20151212134822017410080
20151212134822025810080
20151212134822025010080
20151212134822026810080
20151212134922025310080
20151212140022001000080
20151212140022016600080
20151212140022004700080
20151212140022020600080
20151212140022023000080
20151212140022017300080
20151212140022017300080
20151212140022011600080
20151212140022021900080
20151212140122008600080
20151212140222006100080
20151212140222005010080
20151212140222018710080
20151212140322024500080
20151212140522024600080
20151212161122024300080
20151212170122000900080
20151212170222023400080
20151212170222008700080
20151212170222016800080
20151212170522023600080
20151212171222027900080
20151212171322014200080
20151212174722016010080
20151212174922009010080
20151212175722025910080
20151212175922027410080
20151212180022019600080
20151212180022005400080
20151212180022004400080
20151212180022025400080
20151212180022025600080
20151212180022020400080
20151212180022009100080
20151212180022026400080
20151212180022027300080
20151212180022001600080
20151212180022003900080
20151212180022019800080
20151212180022026700080
20151212180122019700080
20151212182222018200080
20151212183822004500080
20151212183922024000080
20151212184022027800080
20151212184022027800080
20151212190422012700080
20151212191022018800080
20151212210522003700080
20151212210622005200080
20151212213522027210080
20151212214022011110080
20151212214022011110080
20151212214322011510080
20151212214522025710080
20151212214622026010080
20151212214622005710080
20151212214622027110080
20151212214622023810080
20151212214622014510080
20151212214622002610080
20151212214622012010080
20151212214722018110080
20151212214722024410080
20151212214722004610080
20151212214722003110080
20151212214722017210080
20151212215022003010080
20151212215222019910080
20151212215222005910080
20151212215322025510080
20151212215322020210080
20151212215422012210080
20151212215522021500080
20151212215522010910080
20151212220022005500080
20151212220022004900080
20151212220022005000080
20151212220022014300080
20151212220022025800080
20151212220022017400080
20151212220022026100080
20151212220022025300080
20151212220022024200080
20151212220022026900080
20151212220022017900080
20151212220122016400080
20151212220122010300080
20151212220222026800080
20151212220222018700080
20151212220222002200080
20151212220222021100080
20151212220222017500080
20151212220222027600080
20151212220222027600080
20151212220322004000080
20151212220422003500080
20151212220522003300080
20151212220622025000080
20151212221622016500080
20151213052622008610080
20151213053922020410080
20151213053922025410080
20151213053922006110080
20151213054022016610080
20151213054022025610080
20151213054122004710080
20151213054122001010080
20151213054122026410080
20151213054122004410080
20151213054122027310080
20151213054122002810080
20151213054122019610080
20151213054122019610080
20151213054222021910080
20151213054322019710080
20151213054422005410080
20151213054422019810080
20151213054522011610080
20151213054522009110080
20151213054522020610080
20151213054622001610080
20151213054822024510080
20151213054822026710080
20151213055122024310080
20151213055222018210080
20151213060022012200080
20151213060022005900080
20151213060022002600080
20151213060022017200080
20151213060022010900080
20151213060022016000080
20151213060022027200080
20151213060022020200080
20151213060022027100080
20151213060022025900080
20151213060022011500080
20151213060022009000080
20151213060022012000080
20151213060122025700080
20151213060122025500080
20151213060222026000080
20151213060222003000080
20151213060322019900080
20151213060322024400080
20151213060322004600080
20151213060322018100080
20151213060422003100080
20151213060422021500080
20151213061522027400080
20151213074322022010080
20151213074322006410080
20151213074422005110080
20151213074522018510080
20151213075122028310080
20151213075122028110080
20151213075622027710080
2015121209370950543210070
2015121209370950543210070
2015121209511060711810070
2015121209571110629810070
2015121209571110629810070
2015121210030930118900070
2015121210040971266100070
2015121213320980366710070
2015121213410931031610070
2015121213420950945810070
2015121213420950945810070
2015121213431120634810070
2015121213431120634810070
2015121213430930524810070
2015121213430930524810070
2015121213430930524810070
2015121213430930524810070
2015121213430930524810070
2015121213441110328810070
2015121213451120634610070
2015121213460931030510070
2015121213460931030510070
2015121213460940837010070
2015121213471111232110070
2015121213471111232110070
2015121213480960453810070
2015121213480960453810070
2015121213500950946310070
2015121213500950946310070
2015121214011111232000070
2015121214010950947700070
2015121214010950947700070
2015121214021100626110070
2015121214031070714400070
2015121217000930421300070
2015121217000930421300070
2015121217000930929700070
2015121217000930929700070
2015121217010930421200070
2015121217040931233900070
2015121217140960655500070
2015121217330941239710070
2015121217401110629910070
2015121217401110629910070
2015121217420921212310070
2015121217420950663110070
2015121217420950663110070
2015121217441100927210070
2015121217471110629610070
2015121217480930116310070
2015121217480930116310070
2015121218020931030200070
2015121218100960352200070
2015121219190930421400070
2015121221390930928310070
2015121221390930928310070
2015121221400981203810070
2015121221400950947610070
2015121221431120333710070
2015121221430930929010070
2015121221470950948010070
2015121221470950948410070
2015121221471051109610070
2015121221490930119010070
2015121221490950663210070
2015121222000950543200070
2015121222001120634800070
2015121222031091123600070
2015121222031091123600070
2015121222030931234100070
2015121222060930524800070
2015121222060930524800070
2015121222060930524800070
2015121222070931031600070
2015121222070960453800070
2015121305350931030210070
2015121305350930524710070
2015121305350930524710070
2015121305352401201410070
2015121305360930118610070
2015121305371100425610070
2015121305371110830810070
2015121305371110830810070
2015121305370950946810070
2015121305381100425510070
2015121305391120333810070
2015121305391120333810070
2015121305400930422110070
2015121305401111232010070
2015121305410921211110070
2015121305420981203710070
2015121305421120333110070
2015121305432704201410070
2015121305480960352210070
2015121305480960352210070
2015121305490960251810070
2015121305501091123610070
2015121305501091123610070
2015121305511060712210070
2015121305511060712210070
2015121306010930929000070
2015121306011040407700070
2015121306011051109600070
2015121306020940837000070
2015121306020950663200070
2015121306020930116300070
2015121306030930116300070
2015121306040931031500070
2015121307270931030710070
2015121307311130436010070
2015121307311070714310070
2015121307410960454010070
2015121307410930524210070
2015121307450930929310070
2015121307461120835410070
2015121209360941038710060
2015121209400950543210060
2015121209400950543210060
2015121210000921211600060
2015121210001081218000060
2015121210000950947500060
2015121210000950947500060
2015121210040930524300060
2015121210040930524300060
2015121213440950949410060
2015121213450950949410060
2015121213450930524810060
2015121213450930524810060
2015121213450930524810060
2015121213460930524810060
2015121213460930524810060
2015121213461110328810060
2015121213461060712310060
2015121213471091123610060
2015121213471091123610060
2015121213481120735210060
2015121213480950946510060
2015121214011100425600060
2015121214011090620600060
2015121214011090620600060
2015121214011060110200060
2015121214020930524700060
2015121214020930524700060
2015121214020921211100060
2015121214020960251500060
2015121214021100425500060
2015121214020930118600060
2015121214020930422100060
2015121214031120333800060
2015121214031081117100060
2015121214030950946600060
2015121214030950946600060
2015121214030970364400060
2015121214030970364400060
2015121214031120333100060
2015121214040960251900060
2015121214040960251900060
2015121214040950949300060
2015121215050930928400060
2015121215050930928400060
2015121216041110830600060
2015121217012805201500060
2015121217012805201500060
2015121217010941038300060
2015121217010930928500060
2015121217020930428000060
2015121217021081117300060
2015121217020940736000060
2015121217020940736000060
2015121217020931233700060
2015121217020931233800060
2015121217020930115600060
2015121217021090419600060
2015121217021090419600060
2015121217020930929700060
2015121217030930827400060
2015121217030930827400060
2015121217030930421200060
2015121217030931032500060
2015121217040960655800060
2015121217051100626800060
2015121217060931031000060
2015121217070931233900060
2015121217430950542810060
2015121217430950542810060
2015121218000981203700060
2015121218001110830800060
2015121218001110830800060
2015121218000950945900060
2015121218010950946800060
2015121218010950946800060
2015121218012704201400060
2015121218031060712200060
2015121218031060712200060
2015121219220930421400060
2015121221390931031510060
2015121221424110201510060
2015121221424110201510060
2015121221500951050010060
2015121221520950946910060
2015121221520950946910060
2015121221521120735310060
2015121221531120735310060
2015121221531090318210060
2015121221531081217710060
2015121221531101228310060
2015121221531101228310060
2015121221541040407710060
2015121221550950948610060
2015121221570930524610060
2015121222010950543100060
2015121222011110328800060
2015121222011110328800060
2015121222010941038700060
2015121222011110629800060
2015121222011110629800060
2015121222020931030500060
2015121222020931030500060
2015121222021120634600060
2015121222021120634600060
2015121222021060712300060
2015121222021060210500060
2015121222021110830500060
2015121222020950543200060
2015121222020950543200060
2015121222030950946500060
2015121222030950946300060
2015121222030950949400060
2015121222030980366700060
2015121222040960655900060
2015121222040960655900060
2015121222041120735200060
2015121222040950945800060
2015121222040950945800060
2015121222041060711800060
2015121222051111232100060
2015121222051111232100060
2015121222080930524800060
2015121222080930524800060
2015121222080930524800060
2015121222080930524800060
2015121222160930114500060
2015121222160930114500060
2015121222160930114500060
2015121305280950945910060
2015121305361100626810060
2015121305380970364410060
2015121305380970364410060
2015121305440960251910060
2015121305440960251910060
2015121305460960251510060
2015121306001110629600060
2015121306001120634400060
2015121306001120634400060
2015121306001110629900060
2015121306001110629900060
2015121306001120333700060
2015121306000921212300060
2015121306000950948600060
2015121306000950947600060
2015121306004110201500060
2015121306000950948000060
2015121306001081217700060
2015121306000950946900060
2015121306000950946900060
2015121306001100927200060
2015121306000950946700060
2015121306000951050000060
2015121306011101228300060
2015121306011120735300060
2015121306011120735300060
2015121306010941239700060
2015121306020950663100060
2015121306020950663100060
2015121306030930119000060
2015121306030950542800060
2015121306030950542800060
2015121306031040407700060
2015121306030981203800060
2015121306051090318200060
2015121306051090318200060
2015121307300931030710060
2015121307331130436010060
2015121307430960454010060
2015121307430930524210060
