20151221093222025510080
20151221094522014510080
20151221094522025710080
20151221095222010910080
20151221095222011510080
20151221095322019910080
20151221095322027210080
20151221100222002100080
20151221132822020210080
20151221133022003010080
20151221133522005910080
20151221133922011110080
20151221133922011110080
20151221134022004610080
20151221134322023810080
20151221134322002610080
20151221134922005710080
20151221134922027110080
20151221134922025910080
20151221135122027410080
20151221135222021510080
20151221135522012210080
20151221140022017900080
20151221140022014400080
20151221140022016000080
20151221140122014300080
20151221140122016400080
20151221140122025800080
20151221140222003300080
20151221140222005500080
20151221140222021100080
20151221140222018700080
20151221140322004000080
20151221140322002200080
20151221140322024200080
20151221140422026800080
20151221140522016500080
20151221140522027000080
20151221140622025000080
20151221170022012400080
20151221170022016800080
20151221170022023600080
20151221170022018500080
20151221170122024000080
20151221170122025100080
20151221170122012700080
20151221170122027700080
20151221170122022000080
20151221170122013600080
20151221170122023200080
20151221170222028400080
20151221170222015500080
20151221170222006400080
20151221170322002400080
20151221170322004500080
20151221170322027800080
20151221170422005100080
20151221170422023700080
20151221170522028600080
20151221170522023300080
20151221170522011700080
20151221170522014200080
20151221170522026600080
20151221170622003800080
20151221170822028300080
20151221170822023900080
20151221170922023000080
20151221171122011000080
20151221171122028200080
20151221171222028100080
20151221171622005300080
20151221171722006700080
20151221173022009300080
20151221173022008900080
20151221173122023100080
20151221173222012010080
20151221173622017210080
20151221173722009010080
20151221174122024410080
20151221174322019100080
20151221174322021600080
20151221174322001510080
20151221175322018110080
20151221175522026010080
20151221180022017400080
20151221180022002000080
20151221180022017500080
20151221180022006200080
20151221180122003500080
20151221180122005000080
20151221180122025300080
20151221180222026100080
20151221180322001200080
20151221180322026900080
20151221180322027600080
20151221180422027600080
20151221184422017700080
20151221190322000600080
20151221190322022600080
20151221190422005200080
20151221190422022200080
20151221190422009500080
20151221190422008700080
20151221190422023400080
20151221190522011300080
20151221190622029500080
20151221190922028700080
20151221191422005600080
20151221200022003700080
20151221200122009200080
20151221200322018800080
20151221200522001700080
20151221201222020800080
20151221201422000300080
20151221201422019000080
20151221201622000100080
20151221203122000400080
20151221204222028500080
20151221211222027900080
20151221213322012810080
20151221213922026310080
20151221214122026210080
20151221214422007310080
20151221214422018010080
20151221214422020310080
20151221214422012110080
20151221214422028010080
20151221214422024710080
20151221214822003210080
20151221214822002110080
20151221214822015910080
20151221214822021010080
20151221214922027510080
20151221215022008810080
20151221215022014610080
20151221215122010710080
20151221215122021810080
20151221215122021810080
20151221215122011910080
20151221215422020910080
20151221215522024910080
20151221215522026510080
20151221215522026510080
20151221215522025210080
20151221215522024810080
20151221220022012200080
20151221220022005900080
20151221220022021500080
20151221220022017200080
20151221220022002600080
20151221220022018100080
20151221220022011100080
20151221220022025900080
20151221220022026000080
20151221220022020200080
20151221220022023800080
20151221220122014500080
20151221220122005700080
20151221220122027200080
20151221220222027100080
20151221220222003000080
20151221220222027400080
20151221220222025700080
20151221220222011500080
20151221220322019900080
20151221220422004600080
20151221220522010900080
20151221220922024400080
20151221221022025500080
20151222053422003910080
20151222053422008610080
20151222053722004710080
20151222053722001010080
20151222053822025410080
20151222053922002810080
20151222054022021910080
20151222054222019710080
20151222054222020610080
20151222054422026710080
20151222054422024510080
20151222054422019810080
20151222054922001610080
20151222054922017310080
20151222054922017310080
20151222054922016610080
20151222055022027310080
20151222055022019610080
20151222055022024610080
20151222055022026410080
20151222055122024310080
20151222055122024310080
20151222055822009110080
20151222060022001500080
20151222060022024700080
20151222060122021000080
20151222060222012800080
20151222060222002100080
20151222060222010700080
20151222060222024800080
20151222060322007300080
20151222060422011900080
20151222060422026500080
20151222060422026500080
20151222060522026300080
20151222060522012100080
20151222060522025200080
20151222060522009000080
20151222060622015900080
20151222060622020900080
20151222060722003200080
20151222060822024900080
20151222061122028000080
20151222061622012000080
20151222070622009510080
20151222071122028210080
20151222071122028210080
20151222071422006710080
20151222072222013610080
20151222072722000410080
20151222073022025110080
20151222073022023610080
20151222073122001710080
20151222073222014710080
20151222073222018810080
20151222073622023910080
20151222073622028310080
20151222073722027710080
20151222073722024010080
20151222073722028110080
20151222073722011710080
20151222073822008710080
20151222073822003710080
20151222073822022210080
20151222073922028410080
20151222073922023210080
20151222073922004510080
20151222073922005310080
20151222073922014210080
20151222074022009210080
20151222074022000610080
20151222074012036310080
20151222074022022010080
20151222074022002010080
20151222074122023410080
20151222074122000110080
20151222074122029510080
20151222074222018510080
20151222074222027810080
20151222074222014110080
20151222074422009310080
20151222074422012710080
20151222074522011310080
20151222074522012410080
20151222074622010510080
20151222074822008910080
20151222074922023110080
20151222074922028710080
20151222075222005110080
20151222075222005210080
20151222075222028610080
20151222075222026610080
20151222075222006410080
20151222075222023710080
20151222075222023310080
20151222075222020810080
20151222075222015510080
20151222075222021610080
20151222075622022510080
20151222075622022610080
20151222075622005610080
20151222075622019110080
20151222075622000310080
20151222075622019010080
20151222075722011010080
20151222075722003810080
20151222075822027910080
20151222075822023010080
20151222075922028510080
20151222075922002410080
2015122109390940735900070
2015122109390940735910070
2015122109390940735910070
2015122109401120333710070
2015122109410950745010070
2015122109491051109610070
2015122109511110629610070
2015122110001020604300070
2015122110000930525100070
2015122110010921213600070
2015122110011120333400070
2015122110030940837400070
2015122110030940837400070
2015122113261100626310070
2015122113261100626310070
2015122113271081016810070
2015122113271081016810070
2015122113321120735310070
2015122113321120735310070
2015122113330930524610070
2015122113330930524610070
2015122113380930929010070
2015122113394110201510070
2015122113394110201510070
2015122113400930928310070
2015122113400930928310070
2015122113400950662910070
2015122113400950662910070
2015122113400950662710070
2015122113471110830810070
2015122113471110830810070
2015122113521100927210070
2015122113530950946610070
2015122114001111232200070
2015122114001060711800070
2015122114001120735200070
2015122114001120634600070
2015122114010950662800070
2015122114040930118100070
2015122114040930118100070
2015122114041120634800070
2015122114041120634800070
2015122114060930524800070
2015122114060930524800070
2015122114060930524800070
2015122114060930524800070
2015122117000931234000070
2015122117000930928500070
2015122117001081117400070
2015122117001111131800070
2015122117002805201500070
2015122117000930929300070
2015122117000930929300070
2015122117001081117100070
2015122117001081117200070
2015122117000930524700070
2015122117000930524700070
2015122117000930524200070
2015122117000930524200070
2015122117000921211700070
2015122117010930116400070
2015122117010931030700070
2015122117010931030700070
2015122117010930115600070
2015122117011100727000070
2015122117011060210500070
2015122117010911102100070
2015122117010911102100070
2015122117010930523700070
2015122117010930523700070
2015122117011110328800070
2015122117011110328800070
2015122117010931030600070
2015122117010931030600070
2015122117020960352200070
2015122117020930114400070
2015122117030930115900070
2015122117031110830800070
2015122117031110830800070
2015122117030930117400070
2015122117040950663100070
2015122117040950663100070
2015122117040960252100070
2015122117040921213300070
2015122117041130436000070
2015122117040940736000070
2015122117040930422300070
2015122117051100224400070
2015122117051080315000070
2015122117050930421400070
2015122117050930422200070
2015122117060960453800070
2015122117060930928800070
2015122117060950663000070
2015122117061020303800070
2015122117060950744600070
2015122117070921212800070
2015122117071090418800070
2015122117081100425200070
2015122117081100425200070
2015122117110930219800070
2015122117180960251710070
2015122117221140636700070
2015122117221140636700070
2015122117251081016100070
2015122117260920604200070
2015122117270921213700070
2015122117281090520400070
2015122117281020905000070
2015122117310930421300070
2015122117350940535500070
2015122117351140836800070
2015122117400950745210070
2015122117400930119010070
2015122117411110629910070
2015122117411110629910070
2015122117411060712010070
2015122117410921211610070
2015122117420930524310070
2015122117420950948410070
2015122117420950948010070
2015122117510950948710070
2015122117510950948710070
2015122117531120333210070
2015122117531120333210070
2015122118000941239700070
2015122118001111232100070
2015122118001111232100070
2015122118001090620600070
2015122118001120634300070
2015122118001060712300070
2015122118001120634300070
2015122118001110629800070
2015122118001090620600070
2015122118001110629800070
2015122118000950543200070
2015122118000950543200070
2015122118000960655900070
2015122118001110830500070
2015122118030950946500070
2015122118060931031600070
2015122118310931234100070
2015122119090920604500070
2015122119090930827500070
2015122119300931030500070
2015122119300931030500070
2015122119421090419500070
2015122119431090419500070
2015122120010930929700070
2015122120010930929700070
2015122120060920605100070
2015122121260921213610070
2015122121411120333410070
2015122121440931032710070
2015122121450930116910070
2015122121450940837410070
2015122121450940837410070
2015122121461090621010070
2015122121471070714410070
2015122121470930525110070
2015122121470930525110070
2015122121480971266110070
2015122121480921212010070
2015122121510960352710070
2015122122001120735300070
2015122122001120735300070
2015122122004110201500070
2015122122000950948400070
2015122122001110629600070
2015122122000950948000070
2015122122001060711900070
2015122122001100927200070
2015122122001100927200070
2015122122000950662900070
2015122122000950662900070
2015122122001081217700070
2015122122001081217700070
2015122122001120333700070
2015122122000950946900070
2015122122000950946900070
2015122122011040407700070
2015122122010940735900070
2015122122021051109600070
2015122122030930116300070
2015122122030930116300070
2015122122030950745000070
2015122122281090419000070
2015122205350950946810070
2015122205350931030210070
2015122205370930118610070
2015122205370930118610070
2015122205410930422110070
2015122205431100425510070
2015122205441120333110070
2015122205451111232010070
2015122205450960251810070
2015122205511120333810070
2015122205511120333810070
2015122206000930525100070
2015122206000930116900070
2015122206000931032700070
2015122206001060712000070
2015122206001110629900070
2015122206001110629900070
2015122206000930119000070
2015122206000930524300070
2015122206000950948600070
2015122206000950745200070
2015122206000950662700070
2015122206001120333200070
2015122206001120333200070
2015122206011111232300070
2015122206020950946600070
2015122206030950946600070
2015122206330960251700070
2015122206560941239310070
2015122207191130436010070
2015122207261061212910070
2015122207261061212910070
2015122207271150337110070
2015122207270911102110070
2015122207270911102110070
2015122207270931030710070
2015122207300930662310070
2015122207300930524710070
2015122207300930524710070
2015122207301100425210070
2015122207301100425210070
2015122207310930115510070
2015122207320960352210070
2015122207341150337210070
2015122207362805201510070
2015122207362805201510070
2015122207360930523710070
2015122207360930523710070
2015122207360940535510070
2015122207371070714310070
2015122207371081117110070
2015122207380931234210070
2015122207380960555310070
2015122207380930421310070
2015122207390930929710070
2015122207390930929710070
2015122207391081117210070
2015122207390940736010070
2015122207390940736010070
2015122207391111131810070
2015122207401090520110070
2015122207401081016810070
2015122207401090419510070
2015122207401090419510070
2015122207400931234010070
2015122207410941038310070
2015122207411090419010070
2015122207411090418710070
2015122207411081117410070
2015122207420921211710070
2015122207420921211710070
2015122207420930524210070
2015122207420930115910070
2015122207420930421410070
2015122207420930929310070
2015122207420930928810070
2015122207421090922710070
2015122207420930219810070
2015122207421140836810070
2015122207420931234410070
2015122207431090520410070
2015122207431090621110070
2015122207430930827410070
2015122207430930827410070
2015122207430930117410070
2015122207441080315010070
2015122207450950744610070
2015122207451091223910070
2015122207461020905010070
2015122207460960150910070
2015122207460960150910070
2015122207460921213710070
2015122207470930422310070
2015122207471100727010070
2015122207470930422210070
2015122207470950663000070
2015122207470950663010070
2015122207470950663010070
2015122207471060812410070
2015122207501100626410070
2015122207511140636710070
2015122207511140636710070
2015122207530920604510070
2015122207530930320610070
2015122207540950543110070
2015122207540930727210070
2015122207550921212810070
2015122207560931133510070
2015122207561081117510070
2015122207560931031210070
2015122207560931031210070
2015122207560920605610070
2015122207570930115610070
2015122207571100626610070
2015122207580921213310070
2015122207580921213310070
2015122208581021005610070
2015122109410950745010060
2015122109481040407710060
2015122109490950946910060
2015122109490950946910060
2015122110020921213000060
2015122113520930116310060
2015122113520930116310060
2015122113520950946610060
2015122113521081217710060
2015122117000930115700060
2015122117012804201400060
2015122117010960352200060
2015122117011090419600060
2015122117010941038300060
2015122117010931032500060
2015122117020930827400060
2015122117020941038700060
2015122117020930428000060
2015122117020930115900060
2015122117031081117500060
2015122117031070714300060
2015122117030960150900060
2015122117030960150900060
2015122117030960151000060
2015122117031091223900060
2015122117031130436000060
2015122117030940736000060
2015122117031100626600060
2015122117040950662200060
2015122117040950662200060
2015122117040960555300060
2015122117041120434000060
2015122117041100324800060
2015122117040930115500060
2015122117051110329200060
2015122117051090418500060
2015122117051150437400060
2015122117050930928800060
2015122117061061213100060
2015122117071090418800060
2015122117070931030300060
2015122117070931133200060
2015122117071110329000060
2015122117081090418700060
2015122117100960151200060
2015122117120930320600060
2015122117130920605600060
2015122117150940836600060
2015122117150920604400060
2015122117261100124300060
2015122117271100124300060
2015122117271090621100060
2015122117281090621300060
2015122117290930321000060
2015122117290951049700060
2015122117301090721700060
2015122117301090721700060
2015122117300930421300060
2015122117311120232700060
2015122117311120835400060
2015122117321150337100060
2015122117351140836800060
2015122117370940836400060
2015122117411110328900060
2015122117410921213110060
2015122117441090318210060
2015122117441090318210060
2015122117441101228310060
2015122117441101228310060
2015122117450950948610060
2015122118000950947700060
2015122118000950947700060
2015122118000921212300060
2015122118000950945800060
2015122118000950945800060
2015122118020950949400060
2015122118160930727200060
2015122118160930727200060
2015122118300931234100060
2015122119011111031400060
2015122119011111031400060
2015122119011111031400060
2015122119080930827500060
2015122119421090419500060
2015122120000960151300060
2015122120010930114500060
2015122120010930114500060
2015122120051150337200060
2015122121110941258500060
2015122121361111232310060
2015122121390921213010060
2015122121411081218010060
2015122121451101228110060
2015122121470921212010060
2015122121471020604310060
2015122121480930117510060
2015122121480930117510060
2015122121500960352710060
2015122121590950946900060
2015122122000930524600060
2015122122010930929000060
2015122122010930928300060
2015122122010930928300060
2015122122020950745000060
2015122205311100425910060
2015122205311100626810060
2015122205370930117010060
2015122205430960655810060
2015122205430960655810060
2015122205440950949310060
2015122205450960251910060
2015122205450960251910060
2015122205460960655510060
2015122205460960655510060
2015122205531110830610060
2015122205572704201410060
2015122206000921213600060
2015122206000921213600060
2015122206011101228100060
2015122206010950948700060
2015122206011101228300060
2015122206021090318200060
2015122206021090318200060
2015122207181130436010060
2015122207221110329010060
2015122207251120232710060
2015122207261110329210060
2015122207270931030710060
2015122207270930428010060
2015122207301021005510060
2015122207311020905210060
2015122207311061213110060
2015122207331120434010060
2015122207341090418510060
2015122207342804201410060
2015122207341111031410060
2015122207350930523710060
2015122207351020303810060
2015122207350931233710060
2015122207350931030910060
2015122207350930115710060
2015122207361100626310060
2015122207380930421310060
2015122207390960353610060
2015122207390960353610060
2015122207391110328910060
2015122207390960151310060
2015122207391090419510060
2015122207400930827510060
2015122207400931133210060
2015122207411150437410060
2015122207411100224410060
2015122207410930524210060
2015122207410930115910060
2015122207410930928810060
2015122207420930929310060
2015122207421090621110060
2015122207467878787810060
2015122207460921213710060
2015122207461040107310060
2015122207460930321010060
2015122207461090419610060
2015122207521020303710060
2015122207531120835410060
2015122207550940735710060
2015122207580931032510060
2015122207591090721710060
2015122207591090721710060
2015122208000930928510060
2015122208080920604410060
