20151121093222002610080
20151121093222011510080
20151121093522004610080
20151121093522018110080
20151121100122018200080
20151121100122018200080
20151121100122004400080
20151121110022008900080
20151121133322011110080
20151121133422010910080
20151121133422003110080
20151121133722005910080
20151121133722009010080
20151121133922003010080
20151121133922027210080
20151121134122012010080
20151121134122017210080
20151121134122023810080
20151121134122012210080
20151121134122005710080
20151121134122024410080
20151121134222014510080
20151121134422025710080
20151121134422026010080
20151121134422025910080
20151121134522027110080
20151121134622027410080
20151121134922020210080
20151121134922021510080
20151121140022014400080
20151121140022017900080
20151121140022002200080
20151121140022024200080
20151121140022027600080
20151121140022003500080
20151121140022017500080
20151121140022025300080
20151121140022002000080
20151121140022004000080
20151121140022021100080
20151121140122018700080
20151121140122005000080
20151121140122016000080
20151121140122006200080
20151121140122026800080
20151121140122026900080
20151121140222025000080
20151121140322016500080
20151121140322016500080
20151121140322003300080
20151121141522027000080
20151121141522027000080
20151121141622025800080
20151121141622025800080
20151121170022005100080
20151121170022004800080
20151121170022004500080
20151121170022028300080
20151121170022026600080
20151121170022027800080
20151121172822025510080
20151121174822024910080
20151121175422021810080
20151121180222004900080
20151121180222016400080
20151121180222014300080
20151121180322005500080
20151121180622026100080
20151121185122002400080
20151121185122023300080
20151121213622012810080
20151121213622026310080
20151121213822026210080
20151121213822026510080
20151121213822026510080
20151121213822025210080
20151121213822007210080
20151121213922012110080
20151121213922024710080
20151121213922020310080
20151121213922024810080
20151121213922003210080
20151121213922002110080
20151121213922001510080
20151121213922021010080
20151121214022002310080
20151121214022020910080
20151121214122015910080
20151121214722010710080
20151121214722014610080
20151121214722018010080
20151121214722007310080
20151121214922011910080
20151121215122008810080
20151121215122004310080
20151121220022012200080
20151121220022005900080
20151121220022005700080
20151121220022025700080
20151121220022027200080
20151121220022018100080
20151121220022027400080
20151121220022026000080
20151121220022011100080
20151121220022027100080
20151121220022003100080
20151121220022024400080
20151121220022004600080
20151121220022009000080
20151121220022025900080
20151121220022017200080
20151121220022014500080
20151121220022012000080
20151121220022020200080
20151121220122011500080
20151121220122021500080
20151121220122003000080
20151121220122002600080
20151121220322023800080
20151121220322010900080
20151122052522027010080
20151122052522027010080
20151122052522005010080
20151122053022014410080
20151122053122003510080
20151122053122002210080
20151122053122005510080
20151122053422016410080
20151122053522003310080
20151122053522017510080
20151122053522004910080
20151122053622017910080
20151122053622025810080
20151122053622025310080
20151122053722026110080
20151122053822017410080
20151122053822026910080
20151122053922021110080
20151122053922004010080
20151122054022014310080
20151122054022018710080
20151122054222027610080
20151122054522026810080
20151122054522024210080
20151122054522026810080
20151122054722006210080
20151122054922016510080
20151122054922016010080
20151122055322025010080
20151122060022026300080
20151122060022014600080
20151122060022027500080
20151122060022024700080
20151122060022020900080
20151122060022026500080
20151122060022026500080
20151122060022021000080
20151122060022012800080
20151122060022026200080
20151122060022025500080
20151122060022010700080
20151122060022012100080
20151122060122003200080
20151122060122002100080
20151122060122001500080
20151122060122007200080
20151122060122020300080
20151122060122024800080
20151122060122011900080
20151122060122018000080
20151122060222021800080
20151122060222002300080
20151122060322007300080
20151122060322004300080
20151122060422015900080
20151122060422025200080
20151122062222024900080
20151122073522018510080
20151122073622009210080
20151122075522027710080
20151122081512036310080
2015112109371110629610070
2015112109481011002910070
2015112113310950947610070
2015112113321040407710070
2015112113340930929010070
2015112113360941239410070
2015112113361110629910070
2015112113361110629910070
2015112113370930119010070
2015112113371100626910070
2015112113371060712010070
2015112113390950948410070
2015112113401051109610070
2015112113400950662910070
2015112113400950662910070
2015112113400951050010070
2015112113400950745010070
2015112113400950745010070
2015112113420940735910070
2015112113421120333710070
2015112113490930928310070
2015112113490930928310070
2015112113490981203810070
2015112114000960655900070
2015112114001110830500070
2015112114010940837000070
2015112114030930524800070
2015112114030930524800070
2015112114031060210500070
2015112114050960453800070
2015112114050960453800070
2015112114050931031600070
2015112116041111031300070
2015112116041111031300070
2015112116041111031300070
2015112117010950662800070
2015112117010950662800070
2015112117010960454000070
2015112117040930928500070
2015112117050931030600070
2015112117300921211610070
2015112117310930524310070
2015112117321111232310070
2015112117451090621110070
2015112117450930928810070
2015112119060931233900070
2015112121300921213610070
2015112121350960251710070
2015112121361090318410070
2015112121380950949010070
2015112121380940837410070
2015112121380940837410070
2015112121390960352710070
2015112121390950946610070
2015112121400930118910070
2015112121410950947510070
2015112121450950662710070
2015112121450950662710070
2015112121470931032710070
2015112121470921212010070
2015112121470921212010070
2015112121471081217910070
2015112121470930116910070
2015112121510971266110070
2015112121561070714410070
2015112122011040407700070
2015112122011051109600070
2015112122010940735900070
2015112205260950543210070
2015112205260950543210070
2015112205291110629810070
2015112205291110629810070
2015112205290941239710070
2015112205300950947710070
2015112205300950947710070
2015112205321120634810070
2015112205321120634810070
2015112205330931031610070
2015112205330950663110070
2015112205330950663110070
2015112205347311201310070
2015112205361090620610070
2015112205370930524810070
2015112205370930524810070
2015112205390940837010070
2015112205391060210510070
2015112205401120634610070
2015112205410960453810070
2015112205410960453810070
2015112205420980366710070
2015112205440950542810070
2015112205440950542810070
2015112205461110830510070
2015112205470931030510070
2015112205470931030510070
2015112206010960352700070
2015112206020950947500070
2015112206020950947500070
2015112206030940837400070
2015112206030940837400070
2015112206040960251700070
2015112206551130436010070
2015112207011090621100070
2015112207010930928800070
2015112207340940736010070
2015112207340940736010070
2015112207350930524210070
2015112207482805201510070
2015112110001101228100060
2015112110000921212000060
2015112110020960251500060
2015112113421120735310060
2015112113421120735310060
2015112113430950948610060
2015112113441090318210060
2015112113441081217710060
2015112113441081217710060
2015112113460930524610060
2015112113460950946910060
2015112113480931031510060
2015112114001120634300060
2015112114001120634300060
2015112114001120634300060
2015112114000950946500060
2015112114000950946300060
2015112114001090620600060
2015112114001120735200060
2015112114000980366700060
2015112114000950663100060
2015112114000950663100060
2015112114010950947700060
2015112114010950947700060
2015112114011110629800060
2015112114011110629800060
2015112114010931030500060
2015112114010931030500060
2015112114011111232100060
2015112114011111232100060
2015112114021060712300060
2015112114021060712300060
2015112114020921212300060
2015112114020950945800060
2015112114020950945800060
2015112114020950542800060
2015112114020950542800060
2015112114030970364400060
2015112114030970364400060
2015112114040941239700060
2015112114047311201300060
2015112114047311201300060
2015112114040941038700060
2015112114050930524800060
2015112114050930524800060
2015112114060950949400060
2015112114161011002900060
2015112115440930928400060
2015112115440930928400060
2015112117001111031400060
2015112117001111031400060
2015112117000950543100060
2015112117000921211700060
2015112117000921211700060
2015112117011081117300060
2015112117011090419600060
2015112117030960454000060
2015112117031081117200060
2015112117031081117200060
2015112117030930929300060
2015112117030930929300060
2015112117040930115700060
2015112117051100727000060
2015112117061081117500060
2015112117060930827600060
2015112117060930827600060
2015112117071090418600060
2015112117071090418600060
2015112117071090418600060
2015112117070931030600060
2015112117341101228310060
2015112117341101228310060
2015112117471090621110060
2015112117471060611410060
2015112117470930928810060
2015112117541081218010060
2015112118001060711800060
2015112118001060711800060
2015112118000950543200060
2015112118000950543200060
2015112118101120634600060
2015112118110930118100060
2015112118110930118100060
2015112118171111232200060
2015112118240930727200060
2015112118240930727200060
2015112119010941038300060
2015112119010941038300060
2015112121320950745210060
2015112121380921213110060
2015112121380921213110060
2015112121380921213010060
2015112121381101228110060
2015112121410960352710060
2015112121421090621010060
2015112121430950947510060
2015112121490930117210060
2015112121490930117510060
2015112121490930117510060
2015112121490930525110060
2015112121541020604310060
2015112121551120333210060
2015112121551120333210060
2015112122001110629900060
2015112122001110629900060
2015112122000950946700060
2015112122001110629600060
2015112122000950946900060
2015112122000950946900060
2015112122001120333700060
2015112122001090318200060
2015112122001090318200060
2015112122001060712000060
2015112122001120634400060
2015112122001120634400060
2015112122000981203800060
2015112122000950948600060
2015112122001081217700060
2015112122011120735300060
2015112122011120735300060
2015112122010951050000060
2015112122010950947600060
2015112122024110201500060
2015112122030941239400060
2015112122030950662900060
2015112122030950662900060
2015112122030940735900060
2015112122030930119000060
2015112122030950745000060
2015112122040930524600060
2015112122050930929000060
2015112122060930928300060
2015112122060930928300060
2015112122070931031500060
2015112205280950543210060
2015112205280950543210060
2015112205310930118110060
2015112205310930118110060
2015112205341120634310060
2015112205341120634310060
2015112205367311201310060
2015112205370950946510060
2015112205381090620610060
2015112205391060712310060
2015112205390930524810060
2015112205390930524810060
2015112205441060711810060
2015112205440921212310060
2015112205480950949410060
2015112205490960655910060
2015112205501111232110060
2015112205501111232110060
2015112205521111232210060
2015112206000930116900060
2015112206001101228100060
2015112206000950949000060
2015112206000950948400060
2015112206001081217900060
2015112206000950948700060
2015112206000950745200060
2015112206000950745200060
2015112206000930118900060
2015112206000930524300060
2015112206001111232300060
2015112206000931032700060
2015112206000930525100060
2015112206010930117500060
2015112206010930117200060
2015112206011090318400060
2015112206010921211600060
2015112206010921213100060
2015112206011090621000060
2015112206031101228300060
2015112206031081218000060
2015112206031020604300060
2015112206030950662700060
2015112206030950662700060
2015112206040960352700060
2015112206561100124310060
2015112206561100124310060
2015112206561100124310060
2015112207021060611400060
2015112207021060611400060
2015112207030930928800060
2015112207370930524210060
2015112207370930428010060
2015112207370930428010060
2015112207502805201510060
