20151123093522002610080
20151123094522024410080
20151123094922019910080
20151123095222027410080
20151123095522025910080
20151123100022012800080
20151123100022008800080
20151123100022024700080
20151123100022024800080
20151123102022020710080
20151123133322011510080
20151123133422003010080
20151123133522012210080
20151123133822004610080
20151123133822003110080
20151123133822020210080
20151123134122014510080
20151123134122025710080
20151123134222012010080
20151123134222023810080
20151123134322017210080
20151123134322010910080
20151123134622026010080
20151123134622027110080
20151123135422009010080
20151123135422005910080
20151123140022004000080
20151123140022005500080
20151123140022024200080
20151123140022027600080
20151123140022018700080
20151123140122021100080
20151123140122017500080
20151123140122002200080
20151123140122026800080
20151123140122005000080
20151123140222026800080
20151123140222003500080
20151123140322025000080
20151123150022006200080
20151123150022003300080
20151123170022012400080
20151123170022004800080
20151123170022014100080
20151123170022013600080
20151123170022018500080
20151123170022003700080
20151123170022016800080
20151123170022022000080
20151123170022015500080
20151123170022025100080
20151123170022005300080
20151123170022021300080
20151123170022028400080
20151123170022023600080
20151123170022023700080
20151123170122023200080
20151123170122006400080
20151123170122012700080
20151123170122004500080
20151123170222011700080
20151123170222017900080
20151123170222009200080
20151123170222027800080
20151123170222027700080
20151123170222017400080
20151123170322026600080
20151123170422029300080
20151123170422024000080
20151123170522000500080
20151123170622006700080
20151123170722023900080
20151123170722028200080
20151123170822027900080
20151123171022010500080
20151123171522011000080
20151123171922026510080
20151123171922026510080
20151123173022001210080
20151123173022001200080
20151123173222017700080
20151123173222009300080
20151123173212036300080
20151123173222019100080
20151123173522005600080
20151123173722005100080
20151123173922011110080
20151123173922011110080
20151123174322025510080
20151123174422005710080
20151123174422026210080
20151123174822021810080
20151123175122001510080
20151123180022004900080
20151123180122002000080
20151123180122016400080
20151123180222014400080
20151123180222014300080
20151123180222016500080
20151123180222025800080
20151123180222025300080
20151123180222010300080
20151123180422027000080
20151123180422027000080
20151123180622026100080
20151123190022005200080
20151123190022023300080
20151123190022002400080
20151123190022028600080
20151123190022000600080
20151123190122022200080
20151123190122014700080
20151123190222020700080
20151123190622009500080
20151123190722011300080
20151123190722029500080
20151123190722022600080
20151123190722021600080
20151123190922001700080
20151123193522022500080
20151123193622028700080
20151123193622028500080
20151123193622008900080
20151123200122020800080
20151123200122018800080
20151123200122028300080
20151123200722000400080
20151123200822028100080
20151123201422023500080
20151123201922000100080
20151123203522023100080
20151123203722023400080
20151123203922019000080
20151123203922000900080
20151123212622000300080
20151123212722003200080
20151123213122012810080
20151123213222025210080
20151123213222007210080
20151123213522007310080
20151123213522018010080
20151123213522027510080
20151123213822026310080
20151123214022015910080
20151123214122028010080
20151123214122024910080
20151123214122002310080
20151123214222002110080
20151123214322020310080
20151123214322012110080
20151123214322024810080
20151123214322024710080
20151123214322014610080
20151123214322010710080
20151123214322021010080
20151123214822008810080
20151123214822004310080
20151123215122011910080
20151123220022012200080
20151123220022005900080
20151123220022003000080
20151123220022018100080
20151123220022009000080
20151123220022019900080
20151123220022020200080
20151123220022011500080
20151123220022025700080
20151123220022023800080
20151123220022003100080
20151123220022025500080
20151123220022027100080
20151123220022025900080
20151123220022026000080
20151123220022027400080
20151123220022021500080
20151123220122017200080
20151123220122010900080
20151123220122002600080
20151123220222004600080
20151123220222012000080
20151123220622014500080
20151123220722024400080
20151124052822001010080
20151124052822004410080
20151124052822004710080
20151124052822002810080
20151124053222003910080
20151124053222008610080
20151124053322006110080
20151124053322025610080
20151124053522021910080
20151124053622001610080
20151124053622017310080
20151124053622017310080
20151124053722025410080
20151124053722019710080
20151124053822011610080
20151124053822024610080
20151124053822009110080
20151124053822020610080
20151124054022005410080
20151124054022019610080
20151124054022026410080
20151124054122019810080
20151124054322026710080
20151124054322016610080
20151124054322024510080
20151124054522020410080
20151124054622018210080
20151124054622024310080
20151124060022020300080
20151124060022020900080
20151124060022008800080
20151124060022002300080
20151124060022001500080
20151124060022024700080
20151124060022011900080
20151124060022007300080
20151124060022007200080
20151124060022010700080
20151124060122026500080
20151124060122026500080
20151124060122026300080
20151124060122011100080
20151124060122024800080
20151124060122026200080
20151124060122021800080
20151124060122005700080
20151124060122012100080
20151124060122004300080
20151124060222018000080
20151124060222014600080
20151124060222002100080
20151124060222025200080
20151124060322015900080
20151124061022027500080
20151124061522003200080
20151124061622024900080
20151124063822020810080
20151124070522006710080
20151124071222009510080
20151124071322027910080
20151124071322028210080
20151124071322028210080
20151124071922013610080
20151124072022003810080
20151124072022023210080
20151124072422014210080
20151124072522000410080
20151124072622000110080
20151124073012036300080
20151124073122001710080
20151124073222023910080
20151124073222018810080
20151124073222021310080
20151124073222005610080
20151124073522027710080
20151124073522023610080
20151124073522024010080
20151124073522003710080
20151124073522004510080
20151124073522004810080
20151124073622022210080
20151124073722009210080
20151124073722028110080
20151124073722028310080
20151124073822011710080
20151124073922000610080
20151124073922011310080
20151124074122002010080
20151124074122009310080
20151124074122014110080
20151124074122018510080
20151124074122022010080
20151124074222029510080
20151124074222023410080
20151124074222005310080
20151124074222028410080
20151124074222006410080
20151124074322008910080
20151124074322012410080
20151124074422000510080
20151124074522000910080
20151124074522012710080
20151124074522005110080
20151124074622023110080
20151124074622021610080
20151124074622015510080
20151124074622028710080
20151124074722023510080
20151124074722027810080
20151124074722025110080
20151124074722019110080
20151124074722020710080
20151124074722010510080
20151124074822005210080
20151124075022023310080
20151124075022028610080
20151124075022026610080
20151124075022023710080
20151124075222000310080
20151124075322029310080
20151124075322028510080
20151124075322002410080
20151124075422023010080
20151124075522022510080
20151124075622016810080
20151124075822011010080
2015112309401120333710070
2015112309410981203810070
2015112309491100927210070
2015112309500930119010070
2015112309501110629910070
2015112309501110629910070
2015112309570930928310070
2015112309570930928310070
2015112310030921213600070
2015112313341040407710070
2015112313360950662910070
2015112313360950662910070
2015112313371051109610070
2015112313370950745010070
2015112313380940735910070
2015112313400950663210070
2015112314000950543200070
2015112314000950543200070
2015112314011120634600070
2015112314020950947700070
2015112314020950947700070
2015112314020960453800070
2015112314040931031600070
2015112314060930524800070
2015112314060930524800070
2015112314111060712300070
2015112317000921211700070
2015112317000921211700070
2015112317010940837000070
2015112317010940837000070
2015112317010960454000070
2015112317010940736000070
2015112317020940736000070
2015112317020950662800070
2015112317020911102100070
2015112317021011002900070
2015112317020950662200070
2015112317020950662200070
2015112317030930422200070
2015112317030950663000070
2015112317030951150400070
2015112317030951150400070
2015112317031091223900070
2015112317031110329000070
2015112317030960150900070
2015112317030960150900070
2015112317030940735700070
2015112317030930524200070
2015112317040930117400070
2015112317041100626400070
2015112317041090621300070
2015112317040930116400070
2015112317041130436000070
2015112317041020905000070
2015112317041090419000070
2015112317050930827600070
2015112317051020303800070
2015112317050930422300070
2015112317050930422300070
2015112317051061213100070
2015112317050921212800070
2015112317050921213300070
2015112317050921213300070
2015112317050931030700070
2015112317051090418800070
2015112317051061212900070
2015112317051061212900070
2015112317051100425100070
2015112317061100224400070
2015112317071051009200070
2015112317070960655500070
2015112317071110830600070
2015112317150931030600070
2015112317180920604500070
2015112317191090822200070
2015112317191090822200070
2015112317200920604200070
2015112317210931233900070
2015112317221080315000070
2015112317261111031300070
2015112317260921213700070
2015112317290940836700070
2015112317301090520400070
2015112317300930421300070
2015112317330941239410070
2015112317350950947610070
2015112317360950948410070
2015112317361101228310070
2015112317361101228310070
2015112317431060711910070
2015112317431110629610070
2015112317430930116310070
2015112317430930116310070
2015112317481081016810070
2015112317480930727210070
2015112317520930929010070
2015112318081120634900070
2015112318160930928800070
2015112319051130335800070
2015112320021150337200070
2015112321081090419900070
2015112321300921213610070
2015112321300921211610070
2015112321311120333410070
2015112321330950662710070
2015112321330950662710070
2015112321380960251710070
2015112321380960352710070
2015112321390950949010070
2015112321420950947510070
2015112321420940837410070
2015112321420940837410070
2015112321430930117210070
2015112321450930116910070
2015112321491070714410070
2015112321520950948710070
2015112322010981203800070
2015112322010940735900070
2015112322010950663200070
2015112322021040407700070
2015112322021051109600070
2015112322030930119000070
2015112322100930928300070
2015112322100930928300070
2015112323000930929700070
2015112323000930929700070
2015112405341090621110070
2015112405340930928810070
2015112405351100425610070
2015112405350931030210070
2015112405370950946810070
2015112405370960251810070
2015112405370930524710070
2015112405370930524710070
2015112405380940837310070
2015112405380940837310070
2015112405381110830810070
2015112405381110830810070
2015112405380921211110070
2015112405391081117110070
2015112405391081117110070
2015112405390930422110070
2015112405400950949310070
2015112405412704201410070
2015112405410940837010070
2015112405421100425510070
2015112405421120333110070
2015112405451120333810070
2015112405451120333810070
2015112405501060711710070
2015112405521091123610070
2015112406000960352700070
2015112406010940837400070
2015112406010930116300070
2015112406010930116300070
2015112406040941239400070
2015112406040941239400070
2015112406040930117200070
2015112406040960251700070
2015112406040960251700070
2015112406490931233810070
2015112407020941239310070
2015112407151130436010070
2015112407180930827610070
2015112407180950744610070
2015112407270911102110070
2015112407270911102110070
2015112407281061212910070
2015112407290950662210070
2015112407290950662210070
2015112407300930219910070
2015112407300931030710070
2015112407301090419910070
2015112407300930115510070
2015112407311090418810070
2015112407321100425210070
2015112407321100425210070
2015112407331090418510070
2015112407331150337210070
2015112407341090822210070
2015112407361080315010070
2015112407360940836710070
2015112407370921212810070
2015112407370930662310070
2015112407381090419510070
2015112407380940736010070
2015112407380940736010070
2015112407380930524210070
2015112407382805201510070
2015112407391040107310070
2015112407390921211710070
2015112407390921211710070
2015112407390930219810070
2015112407391090922710070
2015112407400930116410070
2015112407400940535510070
2015112407400950663010070
2015112407400970965110070
2015112407400930626010070
2015112407400931234410070
2015112407400960252110070
2015112407401120835410070
2015112407401090419310070
2015112407410921213710070
2015112407410930421310070
2015112407410930422210070
2015112407410930422310070
2015112407410930827410070
2015112407411090419010070
2015112407420930929710070
2015112407421140636710070
2015112407421140636710070
2015112407431091223910070
2015112407430931234010070
2015112407431140436710070
2015112407431090520410070
2015112407447878787810070
2015112407441100626410070
2015112407440950543310070
2015112407451081117210070
2015112407451100425110070
2015112407451111131810070
2015112407451140836810070
2015112407461090418710070
2015112407460960856110070
2015112407460931031010070
2015112407460930117410070
2015112407470930928510070
2015112407470920605610070
2015112407471100224410070
2015112407471111031310070
2015112407470920604210070
2015112407481021005610070
2015112407481081117310070
2015112407490920604510070
2015112407500960454010070
2015112407501020905010070
2015112407530921213310070
2015112407530921213310070
2015112407540951150410070
2015112407551100626610070
2015112407560930115610070
2015112407570950543110070
2015112407591020303710070
2015112309511120735310060
2015112309511120735310060
2015112309510951050010060
2015112309520950948010060
2015112309530950946910060
2015112309530950946910060
2015112310021090318400060
2015112310020971266100060
2015112310031111232300060
2015112313371040407710060
2015112313440931031510060
2015112313540930524610060
2015112314020950543200060
2015112314020950543200060
2015112314020980366700060
2015112314020950663100060
2015112314020950663100060
2015112314030931030500060
2015112314030931030500060
2015112314040950949400060
2015112314040950949400060
2015112314040960453800060
2015112314050950945800060
2015112314050950945800060
2015112314051060711800060
2015112314051060711800060
2015112314080930524800060
2015112314080930524800060
2015112314290950542800060
2015112314290950542800060
2015112317001081117400060
2015112317001081117400060
2015112317000950543100060
2015112317000930928500060
2015112317000931234000060
2015112317010931234000060
2015112317011111131800060
2015112317010930115900060
2015112317012805201500060
2015112317012805201500060
2015112317010930827500060
2015112317010931233700060
2015112317011081117200060
2015112317012804201400060
2015112317011090419500060
2015112317011090419500060
2015112317021100727000060
2015112317021100727000060
2015112317021090419400060
2015112317021090419400060
2015112317020930114400060
2015112317020930421400060
2015112317020930929300060
2015112317021090419600060
2015112317020941038300060
2015112317030960454000060
2015112317031100626600060
2015112317040930421200060
2015112317040930115000060
2015112317040930115000060
2015112317040911102100060
2015112317040911102100060
2015112317040951049700060
2015112317040930827400060
2015112317040930827400060
2015112317040931030900060
2015112317040980366800060
2015112317041070714300060
2015112317050981267700060
2015112317050981267700060
2015112317050930115700060
2015112317050960151000060
2015112317051120232700060
2015112317051090922700060
2015112317051091223900060
2015112317051110329000060
2015112317050931030300060
2015112317050930524200060
2015112317061120835400060
2015112317061060611400060
2015112317060930428000060
2015112317061120434000060
2015112317060931031000060
2015112317061090621300060
2015112317061100324800060
2015112317060960856100060
2015112317061130436000060
2015112317061090418500060
2015112317070931233800060
2015112317070930523700060
2015112317070930523700060
2015112317070930827600060
2015112317071081117500060
2015112317070930421600060
2015112317070930115500060
2015112317071140836800060
2015112317070931030700060
2015112317071110329200060
2015112317070930928400060
2015112317080931133200060
2015112317081150437400060
2015112317081090721600060
2015112317081090418700060
2015112317081090822100060
2015112317091090418600060
2015112317091090418600060
2015112317091110830600060
2015112317100930115600060
2015112317100940535500060
2015112317100930219800060
2015112317160930321000060
2015112317170931030600060
2015112317200961056500060
2015112317230931233900060
2015112317261090318210060
2015112317261090318210060
2015112317290920605600060
2015112317321090520400060
2015112317320930421300060
2015112317371060712010060
2015112317381110830900060
2015112317381110830900060
2015112317410920605100060
2015112317441090419200060
2015112317451081217710060
2015112317451081217710060
2015112317451060711910060
2015112317481100626310060
2015112317481100626310060
2015112317540940836400060
2015112317544110201510060
2015112317570950948610060
2015112318000941239700060
2015112318001111232100060
2015112318001111232100060
2015112318001120634800060
2015112318001120634800060
2015112318000930118100060
2015112318000930118100060
2015112318000930118100060
2015112318031090621100060
2015112318061120634300060
2015112318061120634300060
2015112318060950946500060
2015112318061111232200060
2015112318060921212300060
2015112318067311201300060
2015112318067311201300060
2015112318061090620600060
2015112318061120735200060
2015112318071110629800060
2015112318071110629800060
2015112318100960151300060
2015112318180930928800060
2015112318281100124300060
2015112318281100124300060
2015112318281100124300060
2015112319071110328900060
2015112320011081117300060
2015112320030931031200060
2015112320030931031200060
2015112320051111031400060
2015112320051111031400060
2015112320051111031400060
2015112320131090721700060
2015112320131090721700060
2015112321330950745210060
2015112321400960352710060
2015112321440930525110060
2015112321440930525110060
2015112321440950947510060
2015112321451090621010060
2015112321471120333210060
2015112321471120333210060
2015112321481020604310060
2015112321490971266110060
2015112321510950946610060
2015112321510950946610060
2015112321540941258500060
2015112322000950948000060
2015112322001110629900060
2015112322001110629900060
2015112322001120634400060
2015112322001120634400060
2015112322000950946900060
2015112322001120333700060
2015112322001100927200060
2015112322001100927200060
2015112322001120735300060
2015112322001120735300060
2015112322010950662900060
2015112322010950662900060
2015112322010950745000060
2015112322010950946700060
2015112322020930524600060
2015112322030931032500060
2015112322040951050000060
2015112322041040407700060
2015112322060931031500060
2015112405321100124310060
2015112405321100124310060
2015112405340950945910060
2015112405340941038610060
2015112405340941038610060
2015112405340930118610060
2015112405340930118610060
2015112405361090621110060
2015112405360930117010060
2015112405360930928810060
2015112405380981203710060
2015112405381100626810060
2015112405390960251510060
2015112405401100626110060
2015112405432704201410060
2015112405440970364410060
2015112405500960251910060
2015112405500960251910060
2015112405541091123610060
2015112406000930116900060
2015112406000950948600060
2015112406001060712000060
2015112406000950948400060
2015112406000921213600060
2015112406000950745200060
2015112406001110629600060
2015112406001090318200060
2015112406000950947600060
2015112406000950948700060
2015112406001120333200060
2015112406001120333200060
2015112406010931032700060
2015112406021060711900060
2015112406020930929000060
2015112406020960352700060
2015112406021101228300060
2015112406021101228300060
2015112406021081217700060
2015112406021090621000060
2015112406024110201500060
2015112406021020604300060
2015112406020950662700060
2015112406030950662700060
2015112406030940837400060
2015112406030950946600060
2015112406030950946600060
2015112406041070714400060
2015112406131100626300060
2015112406131100626300060
2015112406141081016800060
2015112406141081016800060
2015112406140930727200060
2015112407171130436010060
2015112407191110329010060
2015112407200930827610060
2015112407290931233910060
2015112407291120232710060
2015112407301060611410060
2015112407301110329210060
2015112407320980366810060
2015112407320931030710060
2015112407331090418810060
2015112407340930114410060
2015112407340930428010060
2015112407351120434010060
2015112407361051009210060
2015112407362804201410060
2015112407361011002910060
2015112407371020905210060
2015112407371110328910060
2015112407370960150910060
2015112407370960150910060
2015112407370960150910060
2015112407381020303810060
2015112407380931133210060
2015112407381111131610060
2015112407380941038310060
2015112407380930523710060
2015112407390930523710060
2015112407390930115010060
2015112407390930115010060
2015112407401090419510060
2015112407400930524210060
2015112407402805201510060
2015112407401090721610060
2015112407411040107310060
2015112407410960151210060
2015112407410960353610060
2015112407410960353610060
2015112407410930115710060
2015112407420951049710060
2015112407420950542610060
2015112407420931233710060
2015112407420931030910060
2015112407421090418610060
2015112407421090418610060
2015112407421090419210060
2015112407420940735710060
2015112407421111031410060
2015112407420931030310060
2015112407431090520110060
2015112407430930928410060
2015112407450950662810060
2015112407451140436710060
2015112407460960151310060
2015112407461090520410060
2015112407460930115910060
2015112407460930115910060
2015112407460930421210060
2015112407460930827510060
2015112407461150437410060
2015112407461100727010060
2015112407471081117210060
2015112407470950644210060
2015112407481090419610060
2015112407480960856110060
2015112407490960555310060
2015112407490930421610060
2015112407501061213110060
2015112407510930421410060
2015112407510920605110060
2015112407520960454010060
2015112407530921212710060
2015112407540931032510060
2015112407580941258510060
2015112407581081117510060
2015112408000931133510060
