20151223093622024210080
20151223093722026110080
20151223095022017410080
20151223095722026810080
20151223095822026810080
20151223100122017200080
20151223100222012000080
20151223100222011500080
20151223100322026910080
20151223100422024400080
20151223100422018100080
20151223102022017510080
20151223133922004010080
20151223133922017910080
20151223134222005510080
20151223134222002210080
20151223134322025010080
20151223134322025310080
20151223134322025310080
20151223134322025310080
20151223134322025810080
20151223134322027010080
20151223134422005510080
20151223134422006210080
20151223134422014410080
20151223134422016410080
20151223134522027610080
20151223134522005010080
20151223134722003310080
20151223134922021110080
20151223135022018710080
20151223135022010310080
20151223135822016510080
20151223140022019800080
20151223140022026400080
20151223140022003900080
20151223140022025400080
20151223140022019600080
20151223140022019600080
20151223140022025600080
20151223140122026700080
20151223140222017300080
20151223140222017300080
20151223140222017300080
20151223140222002800080
20151223140222001000080
20151223140222004700080
20151223140422009100080
20151223140522011600080
20151223140622024500080
20151223140622024600080
20151223141322000410080
20151223170022012400080
20151223170022023600080
20151223170022028200080
20151223170022028200080
20151223170022025100080
20151223170022018500080
20151223170122012700080
20151223170122005300080
20151223170122009200080
20151223170222028400080
20151223170222023200080
20151223170222003700080
20151223170222022000080
20151223170222013600080
20151223170222023100080
20151223170322027800080
20151223170322008700080
20151223170322026600080
20151223170322023900080
20151223170422029300080
20151223170422022200080
20151223170422023000080
20151223170522023700080
20151223170522028700080
20151223170522028600080
20151223170822006700080
20151223170822021300080
20151223171222022500080
20151223172022001200080
20151223172122028300080
20151223172122014200080
20151223172322027900080
20151223173022010500080
20151223173122004500080
20151223173222011700080
20151223173322009300080
20151223173922025510080
20151223174122019100080
20151223174722014310080
20151223175022003510080
20151223175022010910080
20151223175322004910080
20151223175522027210080
20151223175522021510080
20151223180022008600080
20151223180022016600080
20151223180022005400080
20151223180022019700080
20151223180022027300080
20151223180122001600080
20151223180322005200080
20151223180722005100080
20151223181022011000080
20151223190022006400080
20151223190022014700080
20151223190322011300080
20151223190622003800080
20151223190922029500080
20151223191022000400080
20151223192322018800080
20151223192922009500080
20151223193122020700080
20151223193222023400080
20151223193222019000080
20151223193322001700080
20151223193422021600080
20151223193522022600080
20151223193622005600080
20151223194722000100080
20151223200022028500080
20151223200022027700080
20151223200022024000080
20151223200522020800080
20151223205822028100080
20151223210022028100080
20151223214022011510080
20151223214222025910080
20151223214222026010080
20151223214222014510080
20151223214222027110080
20151223214322005710080
20151223214422011110080
20151223214422023810080
20151223214422002610080
20151223214422012010080
20151223214422002610080
20151223214422017210080
20151223214522018110080
20151223214522024410080
20151223214622017210080
20151223214622004610080
20151223214622009010080
20151223214722005910080
20151223214722019910080
20151223215222020210080
20151223215222012210080
20151223215322027410080
20151223215422003010080
20151223220022025800080
20151223220022014400080
20151223220022021100080
20151223220022004000080
20151223220022025000080
20151223220022026900080
20151223220022026900080
20151223220022004900080
20151223220022005500080
20151223220022010300080
20151223220022005000080
20151223220022026100080
20151223220022025300080
20151223220022027600080
20151223220022016400080
20151223220122017900080
20151223220222002200080
20151223220222017500080
20151223220322017400080
20151223220322026800080
20151223220322018700080
20151223220422024200080
20151223220422006200080
20151223220622003300080
20151223221722027000080
20151223222422016500080
20151223235022023010080
20151224022122023000080
20151224053822007310080
20151224053822018010080
20151224053822026310080
20151224054122026210080
20151224054322024710080
20151224054322020310080
20151224054322012810080
20151224054322024810080
20151224054322012110080
20151224054722008810080
20151224054822027510080
20151224054822028010080
20151224055122002110080
20151224055122001510080
20151224055122011910080
20151224055122021810080
20151224055122021810080
20151224055222014610080
20151224055222010710080
20151224055222003210080
20151224055322025210080
20151224055322007210080
20151224055322024910080
20151224055322026510080
20151224055322026510080
20151224055322002310080
20151224055322020910080
20151224060022017200080
20151224060022004600080
20151224060022027200080
20151224060122014300080
20151224060122014500080
20151224060122010900080
20151224060222003500080
20151224060222026000080
20151224060322024400080
20151224060322005700080
20151224060322025500080
20151224060322020200080
20151224060322012000080
20151224060322002600080
20151224060422003000080
20151224060422021500080
20151224060522027400080
20151224060522027100080
20151224060522019900080
20151224060522023800080
20151224060622011500080
20151224063422015910080
20151224075122027810080
20151224075222003710080
20151224075222001710080
20151224075522014210080
20151224075622028110080
20151224075722023910080
20151224084622006410080
2015122309391090620610070
2015122309391120735210070
2015122309550960655910070
2015122309550960655910070
2015122310000950948000070
2015122310001081217700070
2015122310001081217700070
2015122310001120333700070
2015122310001110629900070
2015122310001110629900070
2015122310001101228300070
2015122310001101228300070
2015122310021051109600070
2015122310060941239400070
2015122310060941239400070
2015122310061040407700070
2015122310140980366710070
2015122310180950946510070
2015122310230950543210070
2015122310230950543210070
2015122313200950663110070
2015122313200950663110070
2015122313410931031610070
2015122313410930524810070
2015122313410930524810070
2015122313410941239710070
2015122313420950542810070
2015122313420950542810070
2015122313421110830510070
2015122313451100425610070
2015122313461060210510070
2015122313490940837010070
2015122313490940837010070
2015122313510950946310070
2015122314001060711800070
2015122314002704201400070
2015122314000960251800070
2015122314000960655800070
2015122314000930422100070
2015122314000960251900070
2015122314000960251900070
2015122314000950946800070
2015122314001060110200070
2015122314030931030200070
2015122314031100425900070
2015122314030960655500070
2015122314031110830600070
2015122314180920604200070
2015122317000931234000070
2015122317000930928500070
2015122317001120333800070
2015122317001120333800070
2015122317001081117400070
2015122317000930929300070
2015122317002805201500070
2015122317001111131800070
2015122317002804201400070
2015122317000930524200070
2015122317000930524200070
2015122317001081117100070
2015122317011100727000070
2015122317011090419600070
2015122317010930115700070
2015122317010930524700070
2015122317010930524700070
2015122317011090419400070
2015122317011090419400070
2015122317010930421400070
2015122317010930114400070
2015122317011081117200070
2015122317010941038300070
2015122317010931234200070
2015122317010921211700070
2015122317010931030700070
2015122317010931030700070
2015122317010930428000070
2015122317021070714300070
2015122317020960353600070
2015122317020960353600070
2015122317030960454000070
2015122317030940736000070
2015122317040930115600070
2015122317040950663000070
2015122317040930117400070
2015122317041080315000070
2015122317040921212800070
2015122317050931030900070
2015122317051020303800070
2015122317051061212900070
2015122317051061212900070
2015122317051100626400070
2015122317061140636700070
2015122317061090418500070
2015122317060930115900070
2015122317060930422300070
2015122317070911102100070
2015122317070911102100070
2015122317071090621300070
2015122317070930626000070
2015122317071120835400070
2015122317070930929700070
2015122317080930422200070
2015122317080950543100070
2015122317090921213300070
2015122317091100425200070
2015122317091100425200070
2015122317110920605600070
2015122317140960352200070
2015122317170931030600070
2015122317170931030600070
2015122317170931234100070
2015122317197311201300070
2015122317200930928810070
2015122317230950644200070
2015122317240921213700070
2015122317261020905000070
2015122317271130436000070
2015122317291090419300070
2015122317301090721700070
2015122317301090721700070
2015122317331090922700070
2015122317400931030510070
2015122317400931030510070
2015122317410941239300070
2015122317460950947710070
2015122317460950947710070
2015122317460941038710070
2015122317490930727210070
2015122317490930727210070
2015122317490950949410070
2015122317510950945810070
2015122317510950945810070
2015122318000930117000070
2015122318000930117000070
2015122318000940837300070
2015122318000940837300070
2015122318031100425500070
2015122318031100626100070
2015122318040920604500070
2015122318441150337200070
2015122319001111031400070
2015122319001111031400070
2015122319001111031400070
2015122319300930421300070
2015122319300930421300070
2015122319431091223900070
2015122320010930827500070
2015122320031090419500070
2015122320031090419500070
2015122321331110629910070
2015122321331110629910070
2015122321360950947610070
2015122321380941239410070
2015122321390940735910070
2015122321401040407710070
2015122321400950662910070
2015122321400950662910070
2015122321401051109610070
2015122321410950948010070
2015122321491060711910070
2015122321494110201510070
2015122321494110201510070
2015122321590950663210070
2015122321590950663210070
2015122322001111232200070
2015122322001111232100070
2015122322001090620600070
2015122322001111232100070
2015122322001090620600070
2015122322001120735200070
2015122322001110830500070
2015122322021100425600070
2015122322031060210500070
2015122322040930118100070
2015122322040930118100070
2015122322040960453800070
2015122322040941239700070
2015122322050980366700070
2015122322050950663100070
2015122322050950663100070
2015122322060931031600070
2015122322060930524800070
2015122322060930524800070
2015122405351120333410070
2015122405370960251710070
2015122405480930117210070
2015122405490960352710070
2015122405490930116910070
2015122405500940837410070
2015122405500940837410070
2015122405510921212010070
2015122405510921212010070
2015122405511070714410070
2015122405511081217910070
2015122405510930118910070
2015122405510950948710070
2015122405530950947510070
2015122405560950949010070
2015122405560950949010070
2015122406011100927200070
2015122406011120634300070
2015122406011120634300070
2015122406011040407700070
2015122406010931030500070
2015122406010931030500070
2015122406020950949400070
2015122406020950949400070
2015122406021060712000070
2015122406031060712300070
2015122406031060712300070
2015122406031060711900070
2015122406031120735300070
2015122406031120735300070
2015122406031101228300070
2015122406030950947700070
2015122406030950947700070
2015122406030930116300070
2015122406030930116300070
2015122406040950947600070
2015122406040940735900070
2015122406040950946900070
2015122406040950946900070
2015122406090931031500070
2015122406490941038310070
2015122407402805201510070
2015122407402805201510070
2015122407460930929710070
2015122407481070714310070
2015122407500930928510070
2015122407500930428010070
2015122407500931234010070
2015122407510940736010070
2015122407510960454010070
2015122407510921211710070
2015122407521090419010070
2015122408151081016800070
2015122408150930928800070
2015122408170930727200070
2015122408170930727200070
2015122408352401201410070
2015122309391090620610060
2015122309511111232210060
2015122309580960453810060
2015122309580960453810060
2015122310000950947600060
2015122310200921212310060
2015122310230950543210060
2015122310230950543210060
2015122313410930524810060
2015122313410930524810060
2015122313410930524810060
2015122313420930524810060
2015122314001120333100060
2015122314012401201400060
2015122314031110830600060
2015122317000930524200060
2015122317001081117300060
2015122317010930428000060
2015122317020960454000060
2015122317030960252100060
2015122317030951150400060
2015122317030940735700060
2015122317041120434000060
2015122317041120434000060
2015122317040931030900060
2015122317041150437400060
2015122317040960856100060
2015122317040960151000060
2015122317040930523700060
2015122317040930523700060
2015122317041140836800060
2015122317051110329200060
2015122317050930115900060
2015122317050940535500060
2015122317061110328900060
2015122317071090418800060
2015122317071090418700060
2015122317091110329000060
2015122317151081117500060
2015122317150930827600060
2015122317150930827600060
2015122317160931234100060
2015122317171061213100060
2015122317187311201300060
2015122317261130436000060
2015122317271120634310060
2015122317271120634310060
2015122317281090520400060
2015122317291081016100060
2015122317291150337100060
2015122317300930118600060
2015122317300930118600060
2015122317300950542600060
2015122317311120232700060
2015122317311120232700060
2015122317321090922700060
2015122317320951049700060
2015122317431090318210060
2015122317431090318210060
2015122317431120634810060
2015122317431120634810060
2015122317440931032500060
2015122317441060712310060
2015122317441060712310060
2015122317540971165500060
2015122317551060611400060
2015122318010950949300060
2015122318021060712200060
2015122318021111232000060
2015122318020960251500060
2015122318030941038600060
2015122318030941038600060
2015122318270960151300060
2015122318301090621100060
2015122319040931133200060
2015122319040931133200060
2015122319420960151200060
2015122319431091223900060
2015122319470961056500060
2015122320000950543300060
2015122320000930827500060
2015122320010930827400060
2015122320010930827400060
2015122320021090419500060
2015122321390950946910060
2015122321390950946910060
2015122321390950745010060
2015122321391120735310060
2015122321391120735310060
2015122321411101228310060
2015122321411101228310060
2015122321450931031510060
2015122321480930929010060
2015122321481100927210060
2015122321481081217710060
2015122321481120333710060
2015122321491060712010060
2015122321500930116310060
2015122321500930116310060
2015122321500930524610060
2015122322010950946300060
2015122322011110328800060
2015122322011110328800060
2015122322010921212300060
2015122322010921212300060
2015122322020950946500060
2015122322020950543200060
2015122322020950543200060
2015122322020950542800060
2015122322020950542800060
2015122322020960655900060
2015122322030940837000060
2015122322030940837000060
2015122322031110629800060
2015122322031110629800060
2015122322030960453800060
2015122322050930524800060
2015122322050930524800060
2015122322050930524800060
2015122405341081218010060
2015122405470931032710060
2015122405470971266110060
2015122405480960352710060
2015122405490930525110060
2015122405490930525110060
2015122405500921213010060
2015122405500921213110060
2015122405500921213110060
2015122405500921212010060
2015122405500921212010060
2015122405500930117510060
2015122405500930117510060
2015122405511020604310060
2015122405520950947510060
2015122405550950361110060
2015122405550950361110060
2015122405550950662710060
2015122405550950662710060
2015122406001120634800060
2015122406001120634800060
2015122406000950948600060
2015122406001040407700060
2015122406010930929000060
2015122406010941038700060
2015122406021090318200060
2015122406021101228300060
2015122406021081217700060
2015122406021081217700060
2015122406030930524600060
2015122406030950662900060
2015122406030950662900060
2015122406050950745000060
2015122407451060611410060
2015122407500960454010060
2015122407521090419010060
2015122407590930115610060
2015122407590930115610060
2015122408141081016800060
2015122408341090418810060
