20151213092822017510080
20151213092922016410080
20151213092922004010080
20151213093022010310080
20151213093022005010080
20151213093022004910080
20151213093022005010080
20151213093122004910080
20151213093822014410080
20151213093822027010080
20151213094022003510080
20151213094022005510080
20151213094022002210080
20151213094022025310080
20151213094122006210080
20151213094122014310080
20151213094122017410080
20151213094122025810080
20151213094122025810080
20151213094322017910080
20151213094422027610080
20151213094422025010080
20151213094522026110080
20151213094622018710080
20151213094822024210080
20151213094822016510080
20151213095122020810080
20151213095822026910080
20151213100222005700080
20151213100222014500080
20151213100222011100080
20151213100222011100080
20151213100322023800080
20151213100522026810080
20151213104022003310080
20151213134722021110080
20151213140022005400080
20151213140022025400080
20151213140022001600080
20151213140022026400080
20151213140022016600080
20151213140022025600080
20151213140022019700080
20151213140022027300080
20151213140022004700080
20151213140122020600080
20151213140122019800080
20151213140122020400080
20151213140122024300080
20151213140122024500080
20151213140122001000080
20151213140122009100080
20151213140222026700080
20151213140222021900080
20151213140222006100080
20151213140322011600080
20151213140322002800080
20151213170022028100080
20151213170122022000080
20151213170222004400080
20151213170222028300080
20151213170222005100080
20151213170822027700080
20151213171022020800080
20151213173022018500080
20151213173522025510080
20151213173522024410080
20151213174022003110080
20151213174022011510080
20151213174222019910080
20151213174322010910080
20151213174622025710080
20151213174722016010080
20151213174722026010080
20151213180022019600080
20151213180022006400080
20151213180022019600080
20151213181522008600080
20151213181622018200080
20151213211822011110080
20151213211822011110080
20151213213122021510080
20151213213622020210080
20151213213722004610080
20151213213822005710080
20151213213922014510080
20151213214122012010080
20151213214122017210080
20151213214122018110080
20151213214122002610080
20151213214322009010080
20151213214322005910080
20151213214422012210080
20151213214622003010080
20151213214622025910080
20151213214722027110080
20151213215022027410080
20151213220022005000080
20151213220022004900080
20151213220022016400080
20151213220022004000080
20151213220022021100080
20151213220022018700080
20151213220022005500080
20151213220022010300080
20151213220022014400080
20151213220022026100080
20151213220022017900080
20151213220022024200080
20151213220022003500080
20151213220022014300080
20151213220022025800080
20151213220022002200080
20151213220122025800080
20151213220122006200080
20151213220122026800080
20151213220122027000080
20151213220222017400080
20151213220222027600080
20151213220322017500080
20151213220522026900080
20151213222222016500080
20151213230022003300080
20151214052422008610080
20151214052422003910080
20151214053522020410080
20151214053822006110080
20151214053822025610080
20151214053922025410080
20151214054022027310080
20151214054022019610080
20151214054022024610080
20151214054022021910080
20151214054122026710080
20151214054122024510080
20151214054122009110080
20151214054222019710080
20151214054322011610080
20151214054322020610080
20151214054322016610080
20151214054422001610080
20151214054722004710080
20151214054722001010080
20151214054822002810080
20151214054822019810080
20151214054822004410080
20151214054822005410080
20151214054922026410080
20151214055322018210080
20151214055422024310080
20151214060022012200080
20151214060022005900080
20151214060022010900080
20151214060022018100080
20151214060022017200080
20151214060022003100080
20151214060022011500080
20151214060022014500080
20151214060022011500080
20151214060022025700080
20151214060022025300080
20151214060022025500080
20151214060022020200080
20151214060022002600080
20151214060122016000080
20151214060122005700080
20151214060122025900080
20151214060122021500080
20151214060222019900080
20151214060222009000080
20151214060222004600080
20151214060322012000080
20151214060322025000080
20151214060422026000080
20151214060522027100080
20151214060522003000080
20151214060922024400080
20151214064522028210080
20151214064522028210080
20151214070822015510080
20151214070822020810080
20151214071522000410080
20151214071622006710080
20151214071922028310080
20151214072922013610080
20151214073022000110080
20151214073422014710080
20151214073422001710080
20151214073422021310080
20151214073422009510080
20151214073422018810080
20151214073522027710080
20151214073522023610080
20151214073522024010080
20151214073722004510080
20151214073722022210080
20151214073722003710080
20151214073722023210080
20151214073722009210080
20151214073822009210080
20151214073822028110080
20151214073922000510080
20151214074322027910080
20151214074322011710080
20151214074422002010080
20151214074422018510080
20151214074422022010080
20151214074422009310080
20151214074422000610080
20151214074422011310080
20151214074422023410080
20151214074422008710080
20151214074422029510080
20151214074522019110080
20151214074522006410080
20151214074522008910080
20151214074522000910080
20151214074522012410080
20151214074622012710080
20151214074722028410080
20151214074722005310080
20151214074722014210080
20151214074822005110080
20151214074812036310080
20151214074922025110080
20151214074922023510080
20151214075022027810080
20151214075022027810080
20151214075122029310080
20151214075122021610080
20151214075222020710080
20151214075222028710080
20151214075222022600080
20151214075322023110080
20151214075522005210080
20151214075622028610080
20151214075722000310080
20151214075722022510080
20151214075722023310080
20151214075722011010080
20151214075822023710080
20151214075822026610080
20151214075922019010080
20151214080022023010080
20151214080222010510080
20151214081422001210080
2015121309370930524810070
2015121309370930524810070
2015121309370930524810070
2015121309370930524810070
2015121309431060711810070
2015121309561110629810070
2015121309561110629810070
2015121310000930928300070
2015121310000930928300070
2015121310050930524600070
2015121313270950947710070
2015121313280950947710070
2015121313300980366710070
2015121313300950663110070
2015121313300950663110070
2015121313320950543210070
2015121313320950543210070
2015121313350950945810070
2015121313350950945810070
2015121313390960453810070
2015121313390960453810070
2015121313391120634810070
2015121313391120634810070
2015121313400931031610070
2015121313401110328810070
2015121313421090620610070
2015121313431060712310070
2015121313440931030510070
2015121313440931030510070
2015121313441120735210070
2015121313441120735210070
2015121313451111232110070
2015121313451111232110070
2015121313451120634610070
2015121313511110830510070
2015121316110960251800070
2015121317000930524200070
2015121317000930524200070
2015121317000930524200070
2015121317000931030600070
2015121317000931030700070
2015121317000931030700070
2015121317000930929300070
2015121317000930929300070
2015121317020960454000070
2015121317081130436000070
2015121317151100626100070
2015121317251081016810070
2015121317251081016810070
2015121317280941239710070
2015121317380940837010070
2015121317391110629910070
2015121317391110629910070
2015121317390950542810070
2015121317390950542810070
2015121317421100927210070
2015121317451110629610070
2015121318000950946800070
2015121318000950946800070
2015121318011110830800070
2015121318011110830800070
2015121318180960352200070
2015121320011130335800070
2015121321330930929010070
2015121321330930119010070
2015121321330950663210070
2015121321350950947610070
2015121321370940735910070
2015121321391051109610070
2015121321390950662910070
2015121321390950662910070
2015121321390950948410070
2015121321410950948010070
2015121321410951050010070
2015121321410930928310070
2015121321410930928310070
2015121321420981203810070
2015121321431120333710070
2015121322000950543200070
2015121322000950543200070
2015121322011120333100070
2015121322010940837000070
2015121322010980366700070
2015121322020930524800070
2015121322020930524800070
2015121322020930524800070
2015121405330950945910070
2015121405350930118610070
2015121405350930118610070
2015121405350931030210070
2015121405362401201410070
2015121405360950946810070
2015121405370930524710070
2015121405370930524710070
2015121405400930928810070
2015121405400981203710070
2015121405401081117110070
2015121405411090621110070
2015121405422704201410070
2015121405420940837310070
2015121405431120333810070
2015121405440930422110070
2015121405450921211110070
2015121405461120333110070
2015121405481060712210070
2015121405531110830810070
2015121405531110830810070
2015121405550960352210070
2015121405561111232010070
2015121406000940735910070
2015121406000940735900070
2015121406011051109600070
2015121406010950663200070
2015121406020930116300070
2015121406020930116300070
2015121406070931031500070
2015121406310931233810070
2015121406540941239310070
2015121407220930827610070
2015121407291111031210070
2015121407290911102110070
2015121407290911102110070
2015121407290931030710070
2015121407291061212910070
2015121407291061212910070
2015121407291090419910070
2015121407331140436710070
2015121407341090822210070
2015121407340941138910070
2015121407350940836710070
2015121407360930115010070
2015121407360930115010070
2015121407371040107310070
2015121407370950644210070
2015121407380940736010070
2015121407380940736010070
2015121407381090419510070
2015121407381090419510070
2015121407380921212810070
2015121407390931234210070
2015121407391081117410070
2015121407390930524210070
2015121407390930115710070
2015121407391090520410070
2015121407400950663010070
2015121407400930929710070
2015121407420950662210070
2015121407421020905010070
2015121407430930626010070
2015121407431090418710070
2015121407431140836810070
2015121407430931030310070
2015121407430960151110070
2015121407430940535510070
2015121407441090922710070
2015121407440950543310070
2015121407440931234110070
2015121407441090419010070
2015121407441111131810070
2015121407441111131810070
2015121407441081117210070
2015121407440920604510070
2015121407450931133210070
2015121407450930116410070
2015121407451100425910070
2015121407450940735710070
2015121407450960252110070
2015121407461090419310070
2015121407461120835410070
2015121407460930116010070
2015121407471130436010070
2015121407481100727010070
2015121407480930422210070
2015121407480930421310070
2015121407490930219810070
2015121407500930421410070
2015121407501051009210070
2015121407501100224410070
2015121407511100626410070
2015121407530930422310070
2015121407531140636710070
2015121407531140636710070
2015121407540920605610070
2015121407550920604310070
2015121407550931031210070
2015121407550931031210070
2015121407551090721610070
2015121407570921213310070
2015121407570921213310070
2015121407570930115610070
2015121407571100626610070
2015121407581020303710070
2015121408030920604210070
2015121408121120634910070
2015121408200921213710070
2015121408200921213710070
2015121309310941038710060
2015121309390930524810060
2015121309390930524810060
2015121309390930524810060
2015121309390930524810060
2015121309400930524810060
2015121310010950948400060
2015121310010950948400060
2015121310021060711900060
2015121313340950543210060
2015121313340950543210060
2015121313431110328810060
2015121313441090620610060
2015121313450950946310060
2015121313450950946510060
2015121313470960655910060
2015121313470960655910060
2015121314000930422100060
2015121314001100425600060
2015121314001100425500060
2015121314001120333800060
2015121314001120333800060
2015121314000960655800060
2015121314001100626800060
2015121314010921211100060
2015121314010960251900060
2015121314010960251900060
2015121314010930118600060
2015121314010930118600060
2015121314011091123600060
2015121314020940837300060
2015121314020940837300060
2015121314030960251500060
2015121314030970364400060
2015121314030970364400060
2015121314030930524700060
2015121314030930524700060
2015121314031111232000060
2015121314051060110200060
2015121317040960454000060
2015121317041070714300060
2015121317281100626310060
2015121317281100626310060
2015121317410950949410060
2015121317420921212310060
2015121317480930116310060
2015121317480930116310060
2015121318001060712200060
2015121318001060712200060
2015121318000981203700060
2015121318002704201400060
2015121318000950949300060
2015121318002401201400060
2015121318010931030200060
2015121318030950945900060
2015121320031130335800060
2015121321361040407710060
2015121321381120735310060
2015121321381120735310060
2015121321400950948610060
2015121321410931031510060
2015121321451081217710060
2015121321451101228310060
2015121321451101228310060
2015121321464110201510060
2015121321464110201510060
2015121321461090318210060
2015121321461090318210060
2015121321480930524610060
2015121321480950946910060
2015121321480950946910060
2015121322000950949400060
2015121322000950949400060
2015121322001120634800060
2015121322000931030500060
2015121322000960655900060
2015121322000950945800060
2015121322000950945800060
2015121322001110629800060
2015121322001110629800060
2015121322000941038700060
2015121322001090620600060
2015121322011120634600060
2015121322011090620600060
2015121322011111232100060
2015121322011111232100060
2015121322011120735200060
2015121322010950946300060
2015121322010950947700060
2015121322020950946500060
2015121322021060711800060
2015121322021110830500060
2015121322021060712300060
2015121322020950543200060
2015121322020950543200060
2015121322030960453800060
2015121322030960453800060
2015121322040950663100060
2015121322040950663100060
2015121322040930524800060
2015121322040930524800060
2015121322040930524800060
2015121322040930524800060
2015121322040930524800060
2015121322040930524800060
2015121322050930524800060
2015121322070931031600060
2015121405391100124310060
2015121405391100124310060
2015121405391100124310060
2015121405430970364410060
2015121405430970364410060
2015121405440960251510060
2015121405442704201410060
2015121405440940837310060
2015121405450950949310060
2015121405460960251910060
2015121405460960251910060
2015121405471091123610060
2015121405471091123610060
2015121406001110629900060
2015121406001110629900060
2015121406001110629600060
2015121406001120634400060
2015121406001120634400060
2015121406000950946900060
2015121406000950946900060
2015121406001100927200060
2015121406000951050000060
2015121406001120333700060
2015121406000941239700060
2015121406000921212300060
2015121406000921212300060
2015121406000950948600060
2015121406011090318200060
2015121406011090318200060
2015121406020950947600060
2015121406024110201500060
2015121406024110201500060
2015121406021110328800060
2015121406021110328800060
2015121406020930929000060
2015121406030950662900060
2015121406030950662900060
2015121406031040407700060
2015121406031120735300060
2015121406031120735300060
2015121406030930119000060
2015121406031081217700060
2015121406031081217700060
2015121406030950946700060
2015121406050950542800060
2015121406050950542800060
2015121406060930524600060
2015121406140930727200060
2015121406140930727200060
2015121406241081016800060
2015121406241081016800060
2015121406241100626300060
2015121406291100626300060
2015121407211060611410060
2015121407241110328910060
2015121407240931233910060
2015121407250930827610060
2015121407311120232710060
2015121407311120232710060
2015121407310980366810060
2015121407310931030710060
2015121407311011002910060
2015121407320930219910060
2015121407342804201410060
2015121407351140436710060
2015121407360930115510060
2015121407361130335810060
2015121407370930428010060
2015121407370930114410060
2015121407371070714310060
2015121407381080315010060
2015121407381020303810060
2015121407391040107310060
2015121407401090419510060
2015121407410931234210060
2015121407420930524210060
2015121407420930523710060
2015121407420930523710060
2015121407421110329210060
2015121407420931233710060
2015121407421150437410060
2015121407431090418510060
2015121407440930928410060
2015121407451111031410060
2015121407451061213110060
2015121407450960151310060
2015121407460960151210060
2015121407460951049710060
2015121407460950542610060
2015121407460931234010060
2015121407461090418810060
2015121407460930115910060
2015121407470930827510060
2015121407470960856110060
2015121407470931031010060
2015121407470960555310060
2015121407470941038310060
2015121407490930929310060
2015121407490950662810060
2015121407491130436010060
2015121407500930421210060
2015121407500930321010060
2015121407500960454010060
2015121407500930421310060
2015121407521090419610060
2015121407530930827410060
2015121407530930827410060
2015121407541150337110060
2015121407550940836610060
2015121407571081117510060
2015121407581090721710060
2015121407581090721710060
2015121407580931032510060
2015121408230921213710060
