20151112093822012210080
20151112093822005710080
20151112094522014510080
20151112100022016600080
20151112100022002800080
20151112100022017300080
20151112100022017300080
20151112132722027210080
20151112133222020210080
20151112133622011110080
20151112133622010910080
20151112133822025910080
20151112133822027110080
20151112133822026010080
20151112133922025710080
20151112134022002610080
20151112134122018110080
20151112134122023810080
20151112134122017210080
20151112134122024410080
20151112134422025510080
20151112134422004610080
20151112134422009010080
20151112134422005910080
20151112134522019910080
20151112134522027410080
20151112134522003110080
20151112135122003010080
20151112140022021100080
20151112140022026100080
20151112140022027000080
20151112140022018700080
20151112140022017400080
20151112140022004000080
20151112140022025300080
20151112140022024200080
20151112140022017500080
20151112140022002200080
20151112140022025800080
20151112140022025800080
20151112140122026800080
20151112140122026900080
20151112140222016500080
20151112140322021510080
20151112140322003500080
20151112140322027600080
20151112140522025000080
20151112170022005000080
20151112170022012400080
20151112170022012700080
20151112170022016800080
20151112170022011700080
20151112170022014100080
20151112170022003300080
20151112170022018500080
20151112170022004900080
20151112170022025100080
20151112170022023200080
20151112170022005500080
20151112170022023600080
20151112170022028400080
20151112170022023000080
20151112170022015500080
20151112170022022000080
20151112170022003700080
20151112170022013600080
20151112170022023300080
20151112170022026600080
20151112170122005300080
20151112170122006400080
20151112170122021300080
20151112170122014700080
20151112170122023700080
20151112170122004800080
20151112170122004500080
20151112170222027800080
20151112170222014200080
20151112170222027700080
20151112170222005200080
20151112170222008700080
20151112170222028600080
20151112170222002000080
20151112170222024000080
20151112170322023100080
20151112170322023500080
20151112170322023400080
20151112170322008700080
20151112170322005100080
20151112170522022500080
20151112170522028700080
20151112170522023900080
20151112170622011300080
20151112170622029500080
20151112170822019000080
20151112170822006700080
20151112171122008900080
20151112171222010500080
20151112171222027900080
20151112171322003800080
20151112171922000900080
20151112172522001200080
20151112172722000600080
20151112172722017700080
20151112172712036300080
20151112172722009500080
20151112173022020700080
20151112173022009300080
20151112173022028300080
20151112173222000400080
20151112173222014610080
20151112173422005600080
20151112173722000500080
20151112173922026210080
20151112174722028010080
20151112174822021600080
20151112175822028500080
20151112180222014400080
20151112180222016400080
20151112180422010300080
20151112180622001700080
20151112181922011000080
20151112182122002400080
20151112182922000300080
20151112190122022600080
20151112193722000100080
20151112195622018800080
20151112200022028200080
20151112200122029300080
20151112204622020800080
20151112213022028100080
20151112213022026310080
20151112213022012810080
20151112213722025210080
20151112213722024810080
20151112213722026510080
20151112213722026510080
20151112213822003210080
20151112213922002110080
20151112213922021010080
20151112213922002310080
20151112213922001510080
20151112213922027510080
20151112214022002310080
20151112214122020910080
20151112214122024910080
20151112214722012110080
20151112214722020310080
20151112214722024710080
20151112214722010710080
20151112214922018010080
20151112215022021810080
20151112215022011910080
20151112215122008810080
20151112215122004310080
20151112220022012200080
20151112220022005900080
20151112220022009000080
20151112220022012000080
20151112220022018100080
20151112220022014500080
20151112220022003000080
20151112220022003100080
20151112220022027200080
20151112220022020200080
20151112220022024400080
20151112220022011100080
20151112220022021500080
20151112220022027100080
20151112220022023800080
20151112220022025500080
20151112220022026000080
20151112220022025900080
20151112220022002600080
20151112220022005700080
20151112220122019900080
20151112220122027400080
20151112220222004600080
20151112220322010900080
20151113053022016410080
20151113053022003510080
20151113053022002210080
20151113053022005510080
20151113053122003310080
20151113053122017410080
20151113053122017510080
20151113053122004910080
20151113053222017910080
20151113053222004010080
20151113053522014410080
20151113053522026110080
20151113053522026910080
20151113053822024210080
20151113054122026810080
20151113054122025310080
20151113054122014310080
20151113054122025810080
20151113054122025010080
20151113054222027010080
20151113054322016510080
20151113054322006210080
20151113054422010310080
20151113054522005010080
20151113054622005010080
20151113054822021110080
20151113054822027610080
20151113060022018000080
20151113060022025200080
20151113060022020300080
20151113060022001500080
20151113060022010700080
20151113060022014600080
20151113060022004300080
20151113060022025700080
20151113060022017200080
20151113060022021000080
20151113060022012800080
20151113060022026300080
20151113060022021800080
20151113060022012100080
20151113060022011900080
20151113060122002300080
20151113060122027500080
20151113060222002300080
20151113060222003200080
20151113060222026500080
20151113060222026500080
20151113060222024800080
20151113060222003200080
20151113060222024700080
20151113060322002100080
20151113060622028000080
20151113060822026200080
20151113070022024900080
20151113070922028210080
20151113071322006710080
20151113071822003810080
20151113072222028310080
20151113072622013610080
20151113072822021310080
20151113072922000110080
20151113073222009510080
20151113073222014710080
20151113073222028410080
20151113073222027710080
20151113073322023610080
20151113073322024010080
20151113073322018810080
20151113073522001710080
20151113073722023210080
20151113073822011710080
20151113073922011310080
20151113074022000610080
20151113074022023910080
20151113074122017710080
20151113074122000510080
20151113074122004510080
20151113074122003710080
20151113074122028110080
20151113074122020700080
20151113074222020710080
20151113074222027910080
20151113074322009310080
20151113074322002010080
20151113074322014110080
20151113074322022010080
20151113074422012710080
20151113074422008710080
20151113074422008910080
20151113074422018510080
20151113074422023510080
20151113074422027810080
20151113074422022510080
20151113074422023410080
20151113074422025110080
20151113074422014210080
20151113074512036310080
20151113074522005210080
20151113074522001210080
20151113074522012410080
20151113074622019010080
20151113074722005110080
20151113074722000910080
20151113074722005610080
20151113074822000310080
20151113074922022610080
20151113074922028510080
20151113074922002410080
20151113075022023710080
20151113075022028610080
20151113075022023310080
20151113075022026610080
20151113075022029510080
20151113075122020810080
20151113075122015510080
20151113075222021610080
20151113075222029310080
20151113075322023110080
20151113075522010510080
20151113075522028710080
20151113075722016810080
20151113075822011010080
20151113075822023010080
2015111209371100626910070
2015111209381120333710070
2015111209401110629610070
2015111209440981203810070
2015111209520950662910070
2015111209520950662910070
2015111209530951050010070
2015111213231110629910070
2015111213231110629910070
2015111213301060712010070
2015111213300930119010070
2015111213341040407710070
2015111213360950745010070
2015111213370950663210070
2015111213401051109610070
2015111213420931031510070
2015111213450930929010070
2015111213450930928310070
2015111213450930928310070
2015111213480950946610070
2015111213480950946610070
2015111213491100927210070
2015111214000950543200070
2015111214000950543200070
2015111214007311201300070
2015111214007311201300070
2015111214021110629800070
2015111214021110629800070
2015111214030960453800070
2015111214030960453800070
2015111214050931031600070
2015111214080930524800070
2015111214080930524800070
2015111217000930114400070
2015111217001090419500070
2015111217001090419500070
2015111217001081117400070
2015111217001110830600070
2015111217010930421200070
2015111217010960454000070
2015111217021060611400070
2015111217020931030700070
2015111217030931234200070
2015111217030931030900070
2015111217030921213300070
2015111217030930117400070
2015111217031100626400070
2015111217040930422300070
2015111217041090822200070
2015111217040930929700070
2015111217041100324800070
2015111217041100224400070
2015111217041140836800070
2015111217051070714300070
2015111217050930422200070
2015111217051020303800070
2015111217050950946600070
2015111217051090418800070
2015111217050950744600070
2015111217060961056500070
2015111217060960150900070
2015111217060960150900070
2015111217061061212900070
2015111217061061212900070
2015111217061100425100070
2015111217061100425100070
2015111217061111031300070
2015111217071130335800070
2015111217071150337200070
2015111217110941138900070
2015111217120930320600070
2015111217150930219800070
2015111217190931030600070
2015111217201091223900070
2015111217201100425200070
2015111217201100425200070
2015111217200930525200070
2015111217230920604200070
2015111217320960655500070
2015111217320930219900070
2015111217340921211610070
2015111217340950947510070
2015111217370950663000070
2015111217391090419900070
2015111217471120634900070
2015111218060930118100070
2015111218060930118100070
2015111218070931030500070
2015111218070931030500070
2015111218070960655900070
2015111218200920604500070
2015111218271080315000070
2015111218271051009200070
2015111218300940836700070
2015111218340931233900070
2015111221150921212800070
2015111221280921213610070
2015111221310950662710070
2015111221310950662710070
2015111221340950949010070
2015111221370921213010070
2015111221370960352710070
2015111221390930118910070
2015111221410931032710070
2015111221411081217910070
2015111221420960251710070
2015111221420960251710070
2015111221431090621010070
2015111221431090318410070
2015111221460921212010070
2015111221460921212010070
2015111221470950946610070
2015111221471070714410070
2015111221530950948710070
2015111222001040407700070
2015111222020930119000070
2015111222020950663200070
2015111222031051109600070
2015111305240950663110070
2015111305240950663110070
2015111305290930118110070
2015111305290930118110070
2015111305291060712310070
2015111305340931030510070
2015111305340931030510070
2015111305350940837010070
2015111305350940837010070
2015111305370930524810070
2015111305370930524810070
2015111305381090620610070
2015111305397311201310070
2015111305400950947710070
2015111305400950947710070
2015111305400950542810070
2015111305400950542810070
2015111305400980366710070
2015111305410950543210070
2015111305410950543210070
2015111305421120735210070
2015111305421060210510070
2015111305431111232110070
2015111305431111232110070
2015111305461120634610070
2015111305471110830510070
2015111306000930117500070
2015111306000930117500070
2015111306020940837400070
2015111306020950946600070
2015111306021070714400070
2015111306260930525210070
2015111306330931233810070
2015111307020941239310070
2015111307200930827610070
2015111307270930662310070
2015111307281130436010070
2015111307300931030710070
2015111307301111131610070
2015111307331100425210070
2015111307331100425210070
2015111307331090822210070
2015111307331090822210070
2015111307331061212910070
2015111307331061212910070
2015111307330930115510070
2015111307360930320310070
2015111307360940836710070
2015111307361111031310070
2015111307361100425110070
2015111307370930114410070
2015111307391150337210070
2015111307390921212810070
2015111307391021005610070
2015111307400920605110070
2015111307400920604210070
2015111307410941038310070
2015111307410941258510070
2015111307410941138910070
2015111307410950663010070
2015111307421100224410070
2015111307421090520110070
2015111307421070714310070
2015111307430960353610070
2015111307430960353610070
2015111307431090419510070
2015111307430930524210070
2015111307430930929710070
2015111307441081016810070
2015111307440920605610070
2015111307441120835410070
2015111307450931234010070
2015111307450931234010070
2015111307450931234410070
2015111307451090419310070
2015111307450940736010070
2015111307450940736010070
2015111307451081117210070
2015111307450960856110070
2015111307450931031010070
2015111307450930928810070
2015111307451111131810070
2015111307451111131810070
2015111307460930422210070
2015111307460930422310070
2015111307460930422310070
2015111307461090419410070
2015111307460930524210070
2015111307461100425910070
2015111307461090621110070
2015111307461100727010070
2015111307461091223910070
2015111307460921258810070
2015111307460940535510070
2015111307470921211710070
2015111307470921211710070
2015111307470930116410070
2015111307470940735710070
2015111307480960454010070
2015111307480920604510070
2015111307481100626410070
2015111307480930117410070
2015111307490930421410070
2015111307490930421410070
2015111307490950662810070
2015111307490951150410070
2015111307490951150410070
2015111307500930827410070
2015111307500930827410070
2015111307510930320610070
2015111307510931031210070
2015111307510931031210070
2015111307510930727210070
2015111307510960252110070
2015111307520921213310070
2015111307520921213310070
2015111307550930115610070
2015111307560931234110070
2015111307571081117510070
2015111307571100626610070
2015111308001111201310070
2015111308011020303710070
2015111209491100626910060
2015111210010940837300060
2015111210010940837300060
2015111213401120735310060
2015111213401120735310060
2015111213420950948010060
2015111213420950948410060
2015111213430950948610060
2015111213451090318210060
2015111213451090318210060
2015111213461101228310060
2015111213461101228310060
2015111213480950946910060
2015111213480950946910060
2015111213521081217710060
2015111213521081217710060
2015111213540930524610060
2015111214040931233700060
2015111214100930524800060
2015111214100930524800060
2015111214100930524800060
2015111217001111232200060
2015111217000950949400060
2015111217000950949400060
2015111217001060210500060
2015111217010931234000060
2015111217010931234000060
2015111217010930524200060
2015111217012805201500060
2015111217010930929300060
2015111217010930727200060
2015111217011081117200060
2015111217010950662800060
2015111217010950662800060
2015111217011100727000060
2015111217011100727000060
2015111217011090621100060
2015111217010930116000060
2015111217011100626300060
2015111217021100626300060
2015111217020930928800060
2015111217020930928800060
2015111217021090419600060
2015111217020930114400060
2015111217021090419500060
2015111217021111131800060
2015111217021081117400060
2015111217021100626600060
2015111217020930827400060
2015111217020930827400060
2015111217021110830600060
2015111217030930116400060
2015111217031120634600060
2015111217030921212300060
2015111217030930421200060
2015111217030950542800060
2015111217030950542800060
2015111217031100425900060
2015111217030930115700060
2015111217031060711800060
2015111217031120735200060
2015111217031120634300060
2015111217031120634300060
2015111217030941038700060
2015111217030930321000060
2015111217030940736000060
2015111217030940736000060
2015111217040930428000060
2015111217041060611400060
2015111217041100124300060
2015111217041100124300060
2015111217041140436700060
2015111217041100124300060
2015111217040980366800060
2015111217040931030700060
2015111217042804201400060
2015111217041120835400060
2015111217040960151000060
2015111217050931030900060
2015111217050931031000060
2015111217050980366700060
2015111217050981267700060
2015111217050981267700060
2015111217050960151100060
2015111217051111201300060
2015111217050960252100060
2015111217050931030300060
2015111217050940735700060
2015111217061120434000060
2015111217061120434000060
2015111217061130436000060
2015111217060930115900060
2015111217060930115900060
2015111217061020905200060
2015111217061120232700060
2015111217060960856100060
2015111217060930115500060
2015111217060941239700060
2015111217071090419000060
2015111217070930523700060
2015111217070930523700060
2015111217070950662200060
2015111217070930421600060
2015111217070950542600060
2015111217070911102100060
2015111217070911102100060
2015111217070920605600060
2015111217071090418500060
2015111217071090418800060
2015111217071090922700060
2015111217081110329000060
2015111217081061213100060
2015111217081090418700060
2015111217081090418600060
2015111217081090418600060
2015111217081090822100060
2015111217090931133200060
2015111217091150437400060
2015111217091090419300060
2015111217090930421300060
2015111217100921212700060
2015111217150930827600060
2015111217150930827600060
2015111217160931133500060
2015111217160930219800060
2015111217160941239300060
2015111217200920604400060
2015111217201110830900060
2015111217201110830900060
2015111217220931030600060
2015111217221091223900060
2015111217241081016100060
2015111217291090721600060
2015111217300930114500060
2015111217300930114500060
2015111217301090520400060
2015111217301090620600060
2015111217301090620600060
2015111217320921213700060
2015111217340930117510060
2015111217340930117510060
2015111217341110329200060
2015111217360951049700060
2015111217360950947510060
2015111217420931032500060
2015111217470930524310060
2015111217470930524310060
2015111217521021005600060
2015111218010950947700060
2015111218010950947700060
2015111218010950946300060
2015111218070950945800060
2015111218070950945800060
2015111218080950946500060
2015111218091120634800060
2015111218090960655900060
2015111218091111232100060
2015111218091111232100060
2015111218090960151300060
2015111218111090621300060
2015111218220930827500060
2015111218230931234100060
2015111218230950543300060
2015111218240920605100060
2015111218300941038300060
2015111218300941038300060
2015111218360931233900060
2015111219001090419200060
2015111219041110328900060
2015111219100941258500060
2015111219350960151200060
2015111220000930421400060
2015111220000930421400060
2015111220000921211700060
2015111220000921211700060
2015111220001090419400060
2015111220001090419400060
2015111220011011002900060
2015111220010930115600060
2015111220020930115600060
2015111220030931031200060
2015111220030931031200060
2015111220071111031400060
2015111220071111031400060
2015111220071111031400060
2015111220081150337100060
2015111221330950745210060
2015111221380921213110060
2015111221380921213110060
2015111221390960352710060
2015111221440930117210060
2015111221451020604310060
2015111221451111232310060
2015111221490930525110060
2015111221490930525110060
2015111221501081218010060
2015111221501120333410060
2015111221520971266110060
2015111222000930524600060
2015111222001060712000060
2015111222000950745000060
2015111222010950948400060
2015111222010950946900060
2015111222011110629900060
2015111222011110629900060
2015111222011100927200060
2015111222021060711900060
2015111222021090318200060
2015111222021120333700060
2015111222020950662900060
2015111222020950662900060
2015111222021040407700060
2015111222021101228300060
2015111222021120735300060
2015111222021120735300060
2015111222030930929000060
2015111222030930928300060
2015111222041120634400060
2015111222041120634400060
2015111222041081217700060
2015111222041081217700060
2015111222040981203800060
2015111222040981203800060
2015111222050951050000060
2015111222070931031500060
2015111222290941239400060
2015111222290941239400060
2015111305310930118110060
2015111305321060712310060
2015111305370941239710060
2015111305390950946510060
2015111305390930524810060
2015111305390930524810060
2015111305401090620610060
2015111305410950946310060
2015111305417311201310060
2015111305420950945810060
2015111305420950945810060
2015111305420950945810060
2015111305451060711810060
2015111305451111232210060
2015111305451120634310060
2015111305451120634310060
2015111305461120634810060
2015111305461120634810060
2015111305470950949410060
2015111305470960453810060
2015111305470960453810060
2015111305490941038710060
2015111305560960655910060
2015111306000930525100060
2015111306001081217900060
2015111306001111232300060
2015111306000950948000060
2015111306000921213600060
2015111306001090621000060
2015111306000950946700060
2015111306000950949000060
2015111306000930118900060
2015111306000950745200060
2015111306000950948700060
2015111306000950948600060
2015111306000950947500060
2015111306001120333400060
2015111306011120634500060
2015111306011120634500060
2015111306010930117200060
2015111306010931032700060
2015111306010971266100060
2015111306010960352700060
2015111306021081218000060
2015111306020930524300060
2015111306021090318400060
2015111306020921211600060
2015111306030950662700060
2015111306031020604300060
2015111307091110329010060
2015111307220930827610060
2015111307301130436010060
2015111307320980366810060
2015111307320931030710060
2015111307321111131610060
2015111307321090419910060
2015111307321100124310060
2015111307321100124310060
2015111307321100124310060
2015111307330930928410060
2015111307341090418810060
2015111307351110328910060
2015111307351120232710060
2015111307361120434010060
2015111307361080315010060
2015111307360930428010060
2015111307371011002910060
2015111307381090822110060
2015111307381051009210060
2015111307381090419010060
2015111307391021005510060
2015111307390930114410060
2015111307412804201410060
2015111307430930523710060
2015111307430930523710060
2015111307430930115710060
2015111307430931133210060
2015111307430931030910060
2015111307441020303810060
2015111307440931233710060
2015111307440970965110060
2015111307440950542610060
2015111307441090418710060
2015111307441111031410060
2015111307440960151110060
2015111307441090922710060
2015111307440930219810060
2015111307440931030310060
2015111307450930524210060
2015111307451090419510060
2015111307450930321010060
2015111307450930321010060
2015111307460930115010060
2015111307460930115010060
2015111307470930115910060
2015111307471100626310060
2015111307471100626310060
2015111307471081117210060
2015111307470960856110060
2015111307470930928810060
2015111307470960151310060
2015111307480930421310060
2015111307480930422310060
2015111307481081117410060
2015111307481090419410060
2015111307480921213710060
2015111307482805201510060
2015111307480930421210060
2015111307481090419210060
2015111307480950543310060
2015111307480930827510060
2015111307481100727010060
2015111307491110329210060
2015111307491090721710060
2015111307490930929310060
2015111307500930929310060
2015111307501081117310060
2015111307500960454010060
2015111307500930421610060
2015111307501061213110060
2015111307501150437410060
2015111307570950543110060
