20151115092222016410080
20151115092222010310080
20151115092222021110080
20151115092222004010080
20151115092222006410080
20151115092222005010080
20151115092222004910080
20151115092222004910080
20151115092222004910080
20151115092322005010080
20151115092822026110080
20151115093222003310080
20151115093522017910080
20151115093722014310080
20151115093722017410080
20151115093722025810080
20151115093722025010080
20151115093722006210080
20151115093822003510080
20151115093822002210080
20151115093822005510080
20151115093922002210080
20151115093922017510080
20151115094022005510080
20151115094322018710080
20151115095022026810080
20151115095222020810080
20151115100022019900080
20151115130822023010080
20151115132722024210080
20151115134122016510080
20151115134322025300080
20151115134322026910080
20151115134422027610080
20151115140022018200080
20151115140022026400080
20151115140022002800080
20151115140022020600080
20151115140022021900080
20151115140022004700080
20151115140022025400080
20151115140022024500080
20151115140022025600080
20151115140022006100080
20151115140022019600080
20151115140022004400080
20151115140022017300080
20151115140122017300080
20151115140122017300080
20151115140122017300080
20151115140122020400080
20151115140222008600080
20151115140222027300080
20151115140222009100080
20151115140222001000080
20151115140322026700080
20151115140322024300080
20151115140522011600080
20151115170022025100080
20151115170022005600080
20151115170122005100080
20151115170122006400080
20151115170422001700080
20151115172722002610080
20151115172722014410080
20151115173422027210080
20151115173422021510080
20151115173422021510080
20151115174722027010080
20151115180222001600080
20151115180222001600080
20151115180222003900080
20151115180322016600080
20151115180322005400080
20151115180422019800080
20151115180522027700080
20151115180622024600080
20151115183022021300080
20151115193622020800080
20151115210222023000080
20151115213222003110080
20151115213222004610080
20151115213622020210080
20151115213722014510080
20151115213922018110080
20151115213922023810080
20151115214022023810080
20151115214022012010080
20151115214022017210080
20151115214022025910080
20151115214022027110080
20151115214022026010080
20151115214022009010080
20151115214022025510080
20151115214022005910080
20151115214022025710080
20151115214122010910080
20151115214322019910080
20151115214522003010080
20151115214522027410080
20151115214622012210080
20151115214822011510080
20151115220022002200080
20151115220022017400080
20151115220022017900080
20151115220022027600080
20151115220022003500080
20151115220022010300080
20151115220022005500080
20151115220022004900080
20151115220022005000080
20151115220022021100080
20151115220022014300080
20151115220022004000080
20151115220022026100080
20151115220022016400080
20151115220022025300080
20151115220122026800080
20151115220122026800080
20151115220122018700080
20151115220122017500080
20151115220122024200080
20151115220322006200080
20151115220522003300080
20151115220522025000080
20151115220522025800080
20151115220522025800080
20151116053022003910080
20151116053122006110080
20151116053122025610080
20151116053122008610080
20151116053122004710080
20151116053122001010080
20151116053122004410080
20151116053222002810080
20151116053222009110080
20151116053222020410080
20151116053222025410080
20151116053622019710080
20151116053622021910080
20151116053622019610080
20151116053622026410080
20151116053622026710080
20151116053622024610080
20151116053622024510080
20151116053622027310080
20151116053822011610080
20151116053822020610080
20151116054122017310080
20151116054222001610080
20151116054222016610080
20151116054222005410080
20151116054322019810080
20151116054722018210080
20151116054722024310080
20151116060022012200080
20151116060022002600080
20151116060022005900080
20151116060022011500080
20151116060022018100080
20151116060022012000080
20151116060022009000080
20151116060022026900080
20151116060022020200080
20151116060022004600080
20151116060022014500080
20151116060022027100080
20151116060022027200080
20151116060022025700080
20151116060022027400080
20151116060022023800080
20151116060022025500080
20151116060022014400080
20151116060022019900080
20151116060022026000080
20151116060022003000080
20151116060122010900080
20151116060122017200080
20151116060122003100080
20151116060122025900080
20151116060422016500080
20151116060422021500080
20151116060722027000080
20151116070022006710080
20151116070622027910080
20151116071222028210080
20151116072322028310080
20151116072322005610080
20151116072722000410080
20151116072722000510080
20151116072922021310080
20151116073022001710080
20151116073022009510080
20151116073122013610080
20151116073122023210080
20151116073122004510080
20151116073122003710080
20151116073122018810080
20151116073222000110080
20151116073422028110080
20151116073622027710080
20151116073622024010080
20151116073722020710080
20151116073722023910080
20151116073822009210080
20151116073922011710080
20151116074022008710080
20151116074122000610080
20151116074122011310080
20151116074122000910080
20151116074222008910080
20151116074222005110080
20151116074222003810080
20151116074322000310080
20151116074422005310080
20151116074422014210080
20151116074422028710080
20151116074422028410080
20151116074422009310080
20151116074522002010080
20151116074522006410080
20151116074522018510080
20151116074522022010080
20151116074522005210080
20151116074522023410080
20151116074522014110080
20151116074522025110080
20151116074522027810080
20151116074622023510080
20151116074622020810080
20151116074622015510080
20151116074822012410080
20151116074822028510080
20151116074822022610080
20151116074822029310080
20151116074922023110080
20151116074922012710080
20151116074922021610080
20151116075122028610080
20151116075122026610080
20151116075122023310080
20151116075222023710080
20151116075322001210080
20151116075522019010080
20151116075522022510080
20151116075522002410080
20151116075622016810080
20151116075722010510080
20151116075722023010080
20151116075722029510080
20151116075822011010080
2015111509321120634610070
2015111509431090620610070
2015111509451111232110070
2015111509451111232110070
2015111510001110830510070
2015111510001110830510070
2015111510030930116300070
2015111510030930116300070
2015111513290930524810070
2015111513290930524810070
2015111513340941239710070
2015111513361060711810070
2015111513401060210510070
2015111513410950947710070
2015111513410950947710070
2015111513410980366710070
2015111513420931030510070
2015111513421120735210070
2015111513427311201310070
2015111513450950542810070
2015111513450950542810070
2015111513521111232210070
2015111514000950663200070
2015111514010930118600070
2015111514010930118600070
2015111514011120333100070
2015111514010960251900070
2015111514010960251900070
2015111514031100626100070
2015111514070960352200070
2015111517010940736000070
2015111517010940736000070
2015111517010930524200070
2015111517010930524200070
2015111517010930524200070
2015111517012805201500070
2015111517012805201500070
2015111517010931030700070
2015111517021120333800070
2015111517291020905010070
2015111517381110629910070
2015111517381110629910070
2015111517400950543210070
2015111517400950543210070
2015111517420950945810070
2015111517420950945810070
2015111517420950945810070
2015111518021110830800070
2015111518021110830800070
2015111518021110830800070
2015111521320930929010070
2015111521340941239410070
2015111521340941239410070
2015111521350950745010070
2015111521360950662910070
2015111521360950662910070
2015111521361060712010070
2015111521370930119010070
2015111521370930928310070
2015111521370930928310070
2015111521371051109610070
2015111521380981203810070
2015111521390951050010070
2015111521401040407710070
2015111521400950663210070
2015111521420960454010070
2015111521451081217710070
2015111521451110629610070
2015111521451100927210070
2015111521460950947610070
2015111521490930116310070
2015111521490930116310070
2015111522000930524800070
2015111522000930524800070
2015111522012401201400070
2015111522010930118100070
2015111522010930118100070
2015111522010980366700070
2015111522020950663100070
2015111522020950663100070
2015111522081100425110070
2015111522081061212910070
2015111522081061212910070
2015111605290930118610070
2015111605290930118610070
2015111605302401201410070
2015111605320930524710070
2015111605320930524710070
2015111605370940837310070
2015111605380960251810070
2015111605401081117110070
2015111605401100425610070
2015111605410930422110070
2015111605441091123610070
2015111605471060711710070
2015111605480960352210070
2015111605480960352210070
2015111606034110201500070
2015111606450941038310070
2015111606491020905010070
2015111606560941239310070
2015111607030931233810070
2015111607271111031210070
2015111607280911102110070
2015111607280911102110070
2015111607280931030710070
2015111607281111031310070
2015111607281090418510070
2015111607281150337210070
2015111607310930662310070
2015111607321100425210070
2015111607321100425210070
2015111607320930929710070
2015111607331090822210070
2015111607331090822210070
2015111607331090419510070
2015111607340950744610070
2015111607341070714310070
2015111607351080315010070
2015111607360930524210070
2015111607360930928810070
2015111607370960151310070
2015111607391090922710070
2015111607401140436710070
2015111607410930626010070
2015111607420960252110070
2015111607420921212810070
2015111607420950662210070
2015111607420950662210070
2015111607420931030310070
2015111607430950663010070
2015111607450960151110070
2015111607450960151110070
2015111607461081117210070
2015111607461081016810070
2015111607461120835410070
2015111607470930115910070
2015111607470930115910070
2015111607471100626410070
2015111607470931234010070
2015111607471140836810070
2015111607470950543310070
2015111607471081117410070
2015111607470960856110070
2015111607470931031010070
2015111607471090621110070
2015111607481090418710070
2015111607480930422310070
2015111607480930422210070
2015111607480930928510070
2015111607480930421410070
2015111607480930116010070
2015111607481060812410070
2015111607490940535510070
2015111607490930117410070
2015111607490930929310070
2015111607500921211710070
2015111607500921211710070
2015111607500931133510070
2015111607501090520410070
2015111607500930827410070
2015111607500930827410070
2015111607511090419410070
2015111607511090419410070
2015111607520930320610070
2015111607531111201310070
2015111607530931031210070
2015111607530931031210070
2015111607530951150410070
2015111607540920604510070
2015111607540941258510070
2015111607540921213310070
2015111607540921213310070
2015111607550950543110070
2015111607560920604210070
2015111607580930115610070
2015111608030930827500070
2015111608530931234110070
2015111608590930219810070
2015111509451090620610060
2015111510030950948600060
2015111510031120333700060
2015111510041090318200060
2015111510041090318200060
2015111513320930524810060
2015111513320930524810060
2015111513370941038710060
2015111513381120634310060
2015111513381120634310060
2015111513381060712310060
2015111513450950946310060
2015111513457311201310060
2015111513470950949410060
2015111514000930422100060
2015111514001100425500060
2015111514001060712200060
2015111514001060712200060
2015111514000950949300060
2015111514000921211100060
2015111514000981203700060
2015111514001100425600060
2015111514000960251800060
2015111514000960251800060
2015111514001060110200060
2015111514001111232000060
2015111514001060711700060
2015111514000940837300060
2015111514010941038600060
2015111514010941038600060
2015111514010950946800060
2015111514020930524700060
2015111514020930524700060
2015111514040960251500060
2015111514040930117000060
2015111517030930524200060
2015111517030931030700060
2015111517040960655800060
2015111517040960655800060
2015111517310931030600060
2015111517310931030600060
2015111517410950946510060
2015111517420950543210060
2015111517420950543210060
2015111517474110201510060
2015111517470930524610060
2015111517490950945810060
2015111517490950945810060
2015111517580970364400060
2015111518040950945900060
2015111518041100626800060
2015111518051081117100060
2015111520061020905000060
2015111521360931031510060
2015111521400950948010060
2015111521421120333710060
2015111521441090318210060
2015111521441090318210060
2015111521450960454010060
2015111521451120735310060
2015111521451120735310060
2015111521470950948610060
2015111521470950946910060
2015111521471101228310060
2015111521471101228310060
2015111522000950543200060
2015111522000950543200060
2015111522000941038700060
2015111522001111232200060
2015111522000941239700060
2015111522000950946300060
2015111522001090620600060
2015111522000950946500060
2015111522001111232100060
2015111522001111232100060
2015111522001120634300060
2015111522001120634300060
2015111522000950949400060
2015111522001110629800060
2015111522001110629800060
2015111522001120634600060
2015111522001120634600060
2015111522001060712300060
2015111522001060711800060
2015111522001120735200060
2015111522000931030500060
2015111522000921212300060
2015111522000950542800060
2015111522000950542800060
2015111522000960655900060
2015111522007311201300060
2015111522007311201300060
2015111522001110830500060
2015111522010950947700060
2015111522010950947700060
2015111522020930524800060
2015111522020930524800060
2015111522021070714300060
2015111522031060210500060
2015111522101061212910060
2015111605310941038610060
2015111605310941038610060
2015111605350950945910060
2015111605351100626810060
2015111605440960251510060
2015111605440970364410060
2015111605440960655810060
2015111605440960655810060
2015111605471091123610060
2015111606000950946900060
2015111606000950946900060
2015111606001100927200060
2015111606011060711900060
2015111606010950945800060
2015111606010950945800060
2015111606010950945800060
2015111606011081217700060
2015111606011081217700060
2015111606011120333700060
2015111606010950948600060
2015111606010950662900060
2015111606010950662900060
2015111606020950745000060
2015111606030930524600060
2015111606031101228300060
2015111606031090318200060
2015111606031120735300060
2015111606031120735300060
2015111606030950946700060
2015111606030941239400060
2015111606030941239400060
2015111606040930929000060
2015111606040930928300060
2015111606040930928300060
2015111606050931031500060
2015111606470941038310060
2015111607051110329010060
2015111607281110329210060
2015111607291061213110060
2015111607291120232710060
2015111607291120232710060
2015111607301110328910060
2015111607300931030710060
2015111607300980366810060
2015111607302804201410060
2015111607331051009210060
2015111607330930321010060
2015111607331090822110060
2015111607341090418810060
2015111607340930928410060
2015111607350930114410060
2015111607350930115510060
2015111607350930115010060
2015111607350930115010060
2015111607350930428010060
2015111607351090419510060
2015111607361111131610060
2015111607380930524210060
2015111607390930928810060
2015111607390960150910060
2015111607390960150910060
2015111607390960150910060
2015111607390960151310060
2015111607400930421610060
2015111607400931233710060
2015111607411120434010060
2015111607420951049710060
2015111607440950542610060
2015111607440970965110060
2015111607440931133210060
2015111607441111031410060
2015111607450930523710060
2015111607450930523710060
2015111607461090419310060
2015111607460940735710060
2015111607460931234410060
2015111607471130436010060
2015111607481081117210060
2015111607481091223910060
2015111607480930421210060
2015111607490920605610060
2015111607490930115910060
2015111607490960856110060
2015111607501150437410060
2015111607501090419210060
2015111607500930421310060
2015111607501090419610060
2015111607541090419910060
2015111607541090520110060
2015111607560920604310060
2015111607591090721710060
2015111607591090721710060
2015111607590931032510060
2015111608050930827500060
2015111608051090419000060
