20151211093822001610080
20151211094322014510080
20151211094622027410080
20151211094922010910080
20151211095522025910080
20151211100022021800080
20151211100022021800080
20151211100022026200080
20151211100122002100080
20151211100222015900080
20151211100222028000080
20151211133322004610080
20151211133322003110080
20151211133622020210080
20151211133822011510080
20151211133822005710080
20151211133922025510080
20151211134122002610080
20151211134122023810080
20151211134122018110080
20151211134122012010080
20151211134122017210080
20151211134122011110080
20151211134122011110080
20151211134422003010080
20151211134622026010080
20151211134622027110080
20151211134722009010080
20151211134822019910080
20151211134822012210080
20151211134822027210080
20151211140122016000080
20151211140122024200080
20151211140122001600080
20151211140122004000080
20151211140122017900080
20151211140122014300080
20151211140122003500080
20151211140222021100080
20151211140322005000080
20151211140322006200080
20151211140322017500080
20151211140322026800080
20151211140422021510080
20151211140422025800080
20151211140422016500080
20151211140522025000080
20151211140622018700080
20151211140622026800080
20151211160122003300080
20151211170022012400080
20151211170022016800080
20151211170122013600080
20151211170222023200080
20151211170222015500080
20151211170222028400080
20151211170222003700080
20151211170222004800080
20151211170322005300080
20151211170322014200080
20151211170322027700080
20151211170322027800080
20151211170422025100080
20151211170422005200080
20151211170422008700080
20151211170422023600080
20151211170422023500080
20151211170422011700080
20151211170422018500080
20151211170422004500080
20151211170522012700080
20151211170522023700080
20151211170522009200080
20151211170522023400080
20151211170522022000080
20151211170622024000080
20151211170722029300080
20151211170722010500080
20151211171722023000080
20151211172822002000080
20151211172822006400080
20151211173322000600080
20151211173322009300080
20151211173322022200080
20151211173622006700080
20151211173722005600080
20151211173722024410080
20151211174022006700080
20151211174222025710080
20151211174622005910080
20151211174922005100080
20151211174922000900080
20151211175022009500080
20151211180122026600080
20151211180222002200080
20151211180222010300080
20151211180222001700080
20151211180222025300080
20151211180422001200080
20151211180522001210080
20151211180722028200080
20151211180722016400080
20151211180822017400080
20151211181122026100080
20151211181222028300080
20151211181222027600080
20151211181822023100080
20151211183522000500080
20151211183822011300080
20151211183922019100080
20151211185622000400080
20151211190222022600080
20151211190222028600080
20151211190322008900080
20151211190322022500080
20151211190322028700080
20151211190422020700080
20151211191022021600080
20151211191122019000080
20151211191222014700080
20151211191422029500080
20151211192622000300080
20151211193022028500080
20151211193822027900080
20151211194822000100080
20151211200122018800080
20151211200322011000080
20151211200522020800080
20151211200522028100080
20151211202622023300080
20151211202722002400080
20151211203422003800080
20151211213422025210080
20151211213422026510080
20151211213422026510080
20151211213422026510080
20151211213722012810080
20151211213922026310080
20151211213922020310080
20151211213922024810080
20151211213922026210080
20151211214222020910080
20151211214222002310080
20151211214322002110080
20151211214322021010080
20151211214322003210080
20151211214422001510080
20151211214522028010080
20151211214522027510080
20151211214622007310080
20151211214622018010080
20151211214622008810080
20151211214622004310080
20151211215222014610080
20151211215322010710080
20151211215522011910080
20151211215522021810080
20151211215522021810080
20151211215522015910080
20151211220022012200080
20151211220022011100080
20151211220022025500080
20151211220022002600080
20151211220022027100080
20151211220122019900080
20151211220122014500080
20151211220122026000080
20151211220122027200080
20151211220222012000080
20151211220222025900080
20151211220222020200080
20151211220222027400080
20151211220222005700080
20151211220322003100080
20151211220322018100080
20151211220322009000080
20151211220322023800080
20151211220422017200080
20151211220422010900080
20151211220522004600080
20151211220622021500080
20151211220622003000080
20151212052622023010080
20151212053222001010080
20151212053222004410080
20151212053322004710080
20151212054022003910080
20151212054022008610080
20151212054122019610080
20151212054122026410080
20151212054122027310080
20151212054122020410080
20151212054322025410080
20151212054322019710080
20151212054322006110080
20151212054422021910080
20151212054422025610080
20151212054422001610080
20151212054422017310080
20151212054422017310080
20151212054422011610080
20151212054422016610080
20151212054422020610080
20151212054622018210080
20151212054622024510080
20151212054722005410080
20151212054722026710080
20151212054722019810080
20151212055122024610080
20151212055322024310080
20151212055722009110080
20151212060022025700080
20151212060022005900080
20151212060022008800080
20151212060022020300080
20151212060022001500080
20151212060022021000080
20151212060022020900080
20151212060122011500080
20151212060122018000080
20151212060222024800080
20151212060222025200080
20151212060322025200080
20151212060322011900080
20151212060322021800080
20151212060322002300080
20151212060322012800080
20151212060522007300080
20151212060522003200080
20151212060622004300080
20151212060622014600080
20151212062322027500080
20151212062822024400080
20151212072722023410080
20151212073622023610080
20151212073822012710080
20151212073822008710080
20151212073922000910080
20151212073922003710080
20151212074022004510080
20151212074022005210080
20151212074322008710080
20151212074722014210080
20151212075922027810080
20151212075922027810080
20151212080022016810080
20151212080122027910080
20151212081722024010080
2015121109401120333710070
2015121109411110629610070
2015121109490950947610070
2015121110000930524300070
2015121110010921212000070
2015121110010921212000070
2015121110020950947500070
2015121110020950947500070
2015121110020930117500070
2015121110020930117500070
2015121110070950946600070
2015121110070950946600070
2015121113211110629910070
2015121113211110629910070
2015121113340930119010070
2015121113350950662910070
2015121113350950662910070
2015121113360950663210070
2015121113371051109610070
2015121113370940735910070
2015121113370950948410070
2015121113380951050010070
2015121113420930928310070
2015121113420930928310070
2015121113430981203810070
2015121113430981203810070
2015121113444110201510070
2015121113444110201510070
2015121113451100927210070
2015121114010940837000070
2015121114011060210500070
2015121114030950663100070
2015121114030950663100070
2015121114040930524800070
2015121114050930524800070
2015121114050930524800070
2015121114050930524800070
2015121114050930524800070
2015121117000930116000070
2015121117001081117300070
2015121117000930421200070
2015121117000930928500070
2015121117010931030700070
2015121117010930428000070
2015121117010930524200070
2015121117011130436000070
2015121117010921211710070
2015121117010921211700070
2015121117021110830600070
2015121117021100626600070
2015121117020931234200070
2015121117021090419500070
2015121117020931234100070
2015121117030950663000070
2015121117030950663000070
2015121117030960150900070
2015121117030960150900070
2015121117040930320600070
2015121117040950644200070
2015121117040960252100070
2015121117040941138900070
2015121117041100425200070
2015121117041100425200070
2015121117041090822200070
2015121117040930117400070
2015121117041100626400070
2015121117050930422300070
2015121117050930422200070
2015121117050921212800070
2015121117051100224400070
2015121117061020303800070
2015121117060950744600070
2015121117060931133200070
2015121117081140636700070
2015121117081140636700070
2015121117090960655500070
2015121117091130335800070
2015121117091090418800070
2015121117101150337200070
2015121117100921213300070
2015121117121020905000070
2015121117131150337100070
2015121117140931030600070
2015121117140931030600070
2015121117140920604200070
2015121117220920604500070
2015121117301051009200070
2015121117340930626000070
2015121117371140836800070
2015121117391061212900070
2015121117401111031300070
2015121117421100425100070
2015121117440930928810070
2015121117440960352710070
2015121117440941239300070
2015121118000940836700070
2015121118061091223900070
2015121118060931031600070
2015121118061120634900070
2015121118320931233900070
2015121119571090419900070
2015121120060930115900070
2015121121350950745210070
2015121121360930524310070
2015121121370921211610070
2015121121390940837410070
2015121121390940837410070
2015121121390930118910070
2015121121401120333410070
2015121121400950949010070
2015121121410950947510070
2015121121420950947510070
2015121121430971266110070
2015121121441120333210070
2015121121441120333210070
2015121121451070714410070
2015121121480930117210070
2015121121490921212010070
2015121121490930116910070
2015121121501081217910070
2015121121510950946610070
2015121121510950946610070
2015121121511020604310070
2015121121521090621010070
2015121121540950948710070
2015121122000950947600070
2015121122001040407700070
2015121122000940735900070
2015121122010950663200070
2015121122011120735300070
2015121122011120735300070
2015121122020930116300070
2015121122020930116300070
2015121122031100927200070
2015121122060931031500070
2015121205390931030210070
2015121205402401201410070
2015121205400930118610070
2015121205400930118610070
2015121205411090620610070
2015121205410981203710070
2015121205410930524710070
2015121205410930524710070
2015121205411100425510070
2015121205420921211110070
2015121205420950947710070
2015121205420950947710070
2015121205421081117110070
2015121205430960352210070
2015121205430930422110070
2015121205441120333810070
2015121205442704201410070
2015121205441111232010070
2015121205451120333110070
2015121205471060712210070
2015121205520940837310070
2015121205520940837310070
2015121205521110830810070
2015121205521110830810070
2015121206010960352700070
2015121206011120333400070
2015121206030940837400070
2015121206030940837400070
2015121206080930928800070
2015121206370941038310070
2015121206400960251700070
2015121206400960251700070
2015121207240931233710070
2015121207240930421310070
2015121207300931233810070
2015121207311081117310070
2015121207360930929710070
2015121207390940736010070
2015121207390940736010070
2015121207390940736010070
2015121207400930421210070
2015121207450950543110070
2015121207460930827410070
2015121207460930827410070
2015121207500931031010070
2015121207502805201510070
2015121207502805201510070
2015121109450930116310060
2015121109450930116310060
2015121109521040407710060
2015121113371060712010060
2015121113371090318210060
2015121113371090318210060
2015121113391101228310060
2015121113391101228310060
2015121113401120735310060
2015121113411120735310060
2015121113420950948610060
2015121113420931031510060
2015121114000950947700060
2015121114000950947700060
2015121114001120634300060
2015121114001120634300060
2015121114001111232200060
2015121114001120735200060
2015121114001110629800060
2015121114001110629800060
2015121114001110830500060
2015121114001060711800060
2015121114000950949400060
2015121114001120634800060
2015121114000941038700060
2015121114000941239700060
2015121114000931030500060
2015121114000931030500060
2015121114001090620600060
2015121114001090620600060
2015121114011120634600060
2015121114011111232100060
2015121114011111232100060
2015121114011060712300060
2015121114020980366700060
2015121114030960453800060
2015121114030960353600060
2015121114070930524800060
2015121114070930524800060
2015121114070930524800060
2015121117010931233700060
2015121117022805201500060
2015121117022805201500060
2015121117021081117400060
2015121117020930421400060
2015121117021081117200060
2015121117020931234000060
2015121117020930421200060
2015121117030960454000060
2015121117030950662800060
2015121117030930116400060
2015121117030931030700060
2015121117030930428000060
2015121117030930929300060
2015121117030930524200060
2015121117031130436000060
2015121117031111131800060
2015121117030911102100060
2015121117030911102100060
2015121117030930114400060
2015121117030940736000060
2015121117040941038300060
2015121117041090419600060
2015121117040930523700060
2015121117040930523700060
2015121117041090419400060
2015121117041110830600060
2015121117040930827400060
2015121117040930827400060
2015121117040950543100060
2015121117051100727000060
2015121117050930115000060
2015121117050930115000060
2015121117050931030900060
2015121117050980366800060
2015121117050960151000060
2015121117061110329000060
2015121117061100324800060
2015121117060921213700060
2015121117070930115500060
2015121117070960856100060
2015121117071150437400060
2015121117070951049700060
2015121117080940735700060
2015121117081090418700060
2015121117081080315000060
2015121117090961056500060
2015121117091090822100060
2015121117101081016100060
2015121117101110328900060
2015121117101090418600060
2015121117111090418600060
2015121117111110830900060
2015121117111090418800060
2015121117110931032500060
2015121117130930219800060
2015121117141110329200060
2015121117151100425900060
2015121117210931233800060
2015121117250950542600060
2015121117260930421600060
2015121117301090520400060
2015121117300950543300060
2015121117300930827600060
2015121117300930827600060
2015121117311040107300060
2015121117350920605100060
2015121117370981267700060
2015121117380931031000060
2015121117430950946910060
2015121117430950946910060
2015121117440940836400060
2015121117460930928810060
2015121117460960352710060
2015121117480921213110060
2015121117480921213010060
2015121117490930525110060
2015121117521100626310060
2015121118000950946300060
2015121118000950946300060
2015121118000950945800060
2015121118000950945800060
2015121118000960655900060
2015121118000960655900060
2015121118010950543200060
2015121118010950543200060
2015121118030921212300060
2015121118040950542800060
2015121118040950542800060
2015121118060960151100060
2015121118060930421300060
2015121118110960251500060
2015121118260930727200060
2015121118260930727200060
2015121118390920605600060
2015121119001090621300060
2015121119030930115600060
2015121119170941258500060
2015121119380960151300060
2015121119560930321000060
2015121120000930219900060
2015121120001110328800060
2015121120001110328800060
2015121120021111031400060
2015121120021111031400060
2015121120021111031400060
2015121120031081016800060
2015121120031081016800060
2015121120041120835400060
2015121120050930928400060
2015121120080930115900060
2015121120111120232700060
2015121121021090721700060
2015121121021090721700060
2015121121400950662710060
2015121121400950662710060
2015121121441081218010060
2015121121461101228110060
2015121121510931032710060
2015121121520930117510060
2015121121520930117510060
2015121121521090318410060
2015121121541111232310060
2015121122001110629600060
2015121122001060712000060
2015121122000950948600060
2015121122001120634400060
2015121122001120634400060
2015121122000950948400060
2015121122001110629900060
2015121122001120333700060
2015121122010981203800060
2015121122014110201500060
2015121122014110201500060
2015121122020930928300060
2015121122020930928300060
2015121122031040407700060
2015121122030950662900060
2015121122030950662900060
2015121122031051109600060
2015121122040951050000060
2015121122041090318200060
2015121122041101228300060
2015121122041101228300060
2015121122050930119000060
2015121122051060711900060
2015121122050950946700060
2015121200001090419000060
2015121200000930827500060
2015121200000930115700060
2015121200011081117500060
2015121205330950945910060
2015121205431090620610060
2015121205430960251510060
2015121205450970364410060
2015121205450970364410060
2015121205461100626810060
2015121205462704201410060
2015121205470960655810060
2015121205490960251910060
2015121205490960251910060
2015121206000950949000060
2015121206000921213100060
2015121206000950745200060
2015121206000921213000060
2015121206001111232300060
2015121206000930117500060
2015121206001120634500060
2015121206001120333200060
2015121206000930116900060
2015121206001081217900060
2015121206000950946900060
2015121206000950946900060
2015121206000931032700060
2015121206000931032700060
2015121206010950662700060
2015121206011101228100060
2015121206011020604300060
2015121206010930117200060
2015121206010930525100060
2015121206010930525100060
2015121206021090621000060
2015121206020921212000060
2015121206020921212000060
2015121206021090318400060
2015121206030960352700060
2015121206041100626300060
2015121206041100626300060
2015121206040950948700060
2015121206091100124300060
2015121206091100124300060
2015121206091100124300060
2015121206091090621100060
2015121206100930928800060
2015121207260930421310060
2015121207350930428010060
2015121207350930428010060
2015121207420930421410060
2015121207420930421210060
2015121207501090419610060
