20151206092422026410080
20151206092722005410080
20151206092822011610080
20151206092822019710080
20151206092822019810080
20151206092822008610080
20151206092822021910080
20151206092922019610080
20151206092922019610080
20151206092922017310080
20151206092922017310080
20151206093222016610080
20151206093222024510080
20151206093322006110080
20151206093322001010080
20151206093322025610080
20151206094522024310080
20151206094822024610080
20151206095422009110080
20151206095422020410080
20151206100022004000080
20151206100022014400080
20151206100022018700080
20151206102122020610080
20151206103322025000080
20151206105522020710080
20151206130822000410080
20151206132422003910080
20151206132522023410080
20151206133422002810080
20151206133422004410080
20151206133422004710080
20151206133522025410080
20151206134022027310080
20151206134022026710080
20151206135122001610080
20151206135122018210080
20151206140022020900080
20151206140022026300080
20151206140022001500080
20151206140022008800080
20151206140022026200080
20151206140022024800080
20151206140022010700080
20151206140122012800080
20151206140122020300080
20151206140122018000080
20151206140122014600080
20151206140122012100080
20151206140122021000080
20151206140122007300080
20151206140122007200080
20151206140122004300080
20151206140222003200080
20151206140222002300080
20151206140322002100080
20151206140422015900080
20151206141422028000080
20151206144922027500080
20151206170122023900080
20151206173622026110080
20151206173622027610080
20151206174022010310080
20151206180522024900080
20151206180622027700080
20151206180722024700080
20151206180722026500080
20151206180722026500080
20151206180722012700080
20151206190222023400080
20151206194122020700080
20151206194322000400080
20151206194522023710080
20151206200022008900080
20151206210022004800080
20151206210022026600080
20151206212122017910080
20151206212622016410080
20151206212622003310080
20151206212722004910080
20151206213122016010080
20151206213222024210080
20151206213322003510080
20151206213422005510080
20151206213422002210080
20151206213722026810080
20151206213722027010080
20151206213722017510080
20151206213922004010080
20151206213922014310080
20151206213922017410080
20151206213922014410080
20151206214022018710080
20151206214022005010080
20151206214022025010080
20151206214322006210080
20151206214322016510080
20151206214622021110080
20151206215422026910080
20151206220022004700080
20151206220022008600080
20151206220022011600080
20151206220022018200080
20151206220022001000080
20151206220022020600080
20151206220022021900080
20151206220022002800080
20151206220022024600080
20151206220022026400080
20151206220022019800080
20151206220022003900080
20151206220022009100080
20151206220022016600080
20151206220022004400080
20151206220022025600080
20151206220022001600080
20151206220022027300080
20151206220022005400080
20151206220022019700080
20151206220022025400080
20151206220022017300080
20151206220022017300080
20151206220022024300080
20151206220022024300080
20151206220022006100080
20151206220122024500080
20151206220122020400080
20151206231122003710080
20151207031222021310080
20151207031222021310080
20151207040122023700080
20151207050922000410080
20151207053722007310080
20151207053722018010080
20151207053722012810080
20151207053722026310080
20151207053722021810080
20151207053822020910080
20151207054122010710080
20151207054122014610080
20151207054122008810080
20151207054222004310080
20151207054222026210080
20151207054322003210080
20151207054422002110080
20151207054522001510080
20151207054522021010080
20151207054622024710080
20151207054622012110080
20151207054722020310080
20151207054722024810080
20151207054722028010080
20151207054822027510080
20151207054922026510080
20151207054922026510080
20151207054922007210080
20151207054922024910080
20151207055222015910080
20151207060022017400080
20151207060022026900080
20151207060022027000080
20151207060022026800080
20151207060022010300080
20151207060022004900080
20151207060022021100080
20151207060022016400080
20151207060022014300080
20151207060022026700080
20151207060022019600080
20151207060022019600080
20151207060022002200080
20151207060022003500080
20151207060022014400080
20151207060122026100080
20151207060122018700080
20151207060122005500080
20151207060222016500080
20151207060222017500080
20151207060322004000080
20151207060322024200080
20151207060322006200080
20151207060422027600080
20151207060422027600080
20151207060422016000080
20151207060722005610080
20151207061322020710080
20151207062122017900080
20151207062822028210080
20151207062822028210080
20151207070422006710080
20151207070722028510080
20151207070822003300080
20151207071222028610080
20151207072022009310080
20151207072322028310080
20151207072622001710080
20151207072722014710080
20151207072722009510080
20151207072722023210080
20151207072822027910080
20151207072822000110080
20151207073322028110080
20151207073422013610080
20151207073522009210080
20151207073922000510080
20151207074022023110080
20151207074122022210080
20151207074122004510080
20151207074122008910080
20151207074122011710080
20151207074222011310080
20151207074222004810080
20151207074222000610080
20151207074222014210080
20151207074322023910080
20151207074422008710080
20151207074422005110080
20151207074422023610080
20151207074522024010080
20151207074522000910080
20151207074522027710080
20151207074822002010080
20151207074822006410080
20151207074922018510080
20151207074922014110080
20151207074922000310080
20151207074922022010080
20151207074922023410080
20151207074922019110080
20151207075022021610080
20151207075022015510080
20151207075022020810080
20151207075022026610080
20151207075022023310080
20151207075022010510080
20151207075022012410080
20151207075222005210080
20151207075322029310080
20151207075422019010080
20151207075422028710080
20151207075422016810080
20151207075522028410080
20151207075522025110080
20151207075522027810080
20151207075622023510080
20151207075622017710080
20151207075622022510080
20151207075722005310080
20151207075722023010080
20151207075722002410080
20151207075812036310080
20151207080722001210080
2015120609341100425510070
2015120609370950946810070
2015120609370950946810070
2015120610550950663010070
2015120613270930118610070
2015120613270930118610070
2015120613370930524710070
2015120613370930524710070
2015120613380940837310070
2015120613382704201410070
2015120613390960251810070
2015120613400950949310070
2015120613420930422110070
2015120613420970364410070
2015120613421120333110070
2015120613421110830810070
2015120613421110830810070
2015120613440921211110070
2015120613441081117110070
2015120613441081117110070
2015120613471120333810070
2015120613471120333810070
2015120613531091123610070
2015120613531091123610070
2015120614000930117200070
2015120614010950946600070
2015120614010950946600070
2015120614011060210500070
2015120614020960352700070
2015120614030960251700070
2015120614030960251700070
2015120614092401201410070
2015120614450950663000070
2015120617000930524200070
2015120617000930524200070
2015120617002805201500070
2015120617002805201500070
2015120617000931030700070
2015120617010930929300070
2015120617010930929300070
2015120617090960352210070
2015120617090960352210070
2015120617291120735210070
2015120617370981203710070
2015120617420931030210070
2015120617431130436000070
2015120617460950945810070
2015120617460950945810070
2015120617501060712210070
2015120617511060110210070
2015120617551100626310070
2015120617551100626310070
2015120617580930727210070
2015120617580930727210070
2015120618001120333400070
2015120618031120333200070
2015120618031120333200070
2015120621160950947710070
2015120621160950947710070
2015120621190950543210070
2015120621190950543210070
2015120621330980366710070
2015120621330940837010070
2015120621350950663110070
2015120621350950663110070
2015120621360931031610070
2015120621381110328810070
2015120621380941239710070
2015120621391060712310070
2015120621391060712310070
2015120621400930524810070
2015120621400930524810070
2015120621400930524810070
2015120621440960453810070
2015120621440960453810070
2015120621451060711810070
2015120621450960655910070
2015120621471120634610070
2015120621531110629810070
2015120621531110629810070
2015120621551110830510070
2015120705330921213610070
2015120705340921211610070
2015120705350930928810070
2015120705350930524310070
2015120705351120333410070
2015120705371090621110070
2015120705380960352710070
2015120705400950948710070
2015120705400950948710070
2015120705400930118910070
2015120705400950949010070
2015120705400930117210070
2015120705411081217910070
2015120705420930116910070
2015120705420921213110070
2015120705420921213110070
2015120705431101228110070
2015120705431120333210070
2015120705430960251710070
2015120705430950947510070
2015120705440940837410070
2015120705440940837410070
2015120705481070714410070
2015120705500950946610070
2015120705521111232310070
2015120706002401201400070
2015120706000980366700070
2015120706000930727200070
2015120706010930524800070
2015120706010930524800070
2015120706010930524800070
2015120706020940837000070
2015120706030950663100070
2015120706030950663100070
2015120706060931031600070
2015120706150960352200070
2015120706331100626300070
2015120706331100626300070
2015120706370941038310070
2015120706530931233810070
2015120707050941239310070
2015120707241111031210070
2015120707241100425110070
2015120707241150337110070
2015120707260911102110070
2015120707260911102110070
2015120707260931030710070
2015120707261090419910070
2015120707260930219910070
2015120707291150337210070
2015120707300930827610070
2015120707300930114410070
2015120707301090419410070
2015120707300930115510070
2015120707311090822210070
2015120707311011002910070
2015120707320950744610070
2015120707320950744610070
2015120707331070714310070
2015120707340940836710070
2015120707341090418810070
2015120707350960150910070
2015120707350960150910070
2015120707350960150910070
2015120707350931234210070
2015120707352805201510070
2015120707352805201510070
2015120707370951150410070
2015120707410930219810070
2015120707411090922710070
2015120707420960555310070
2015120707430930928510070
2015120707440921213710070
2015120707440930421310070
2015120707440930422310070
2015120707440930422210070
2015120707440950662810070
2015120707440930115010070
2015120707440930115010070
2015120707451040107310070
2015120707451090419510070
2015120707460930320610070
2015120707460921211710070
2015120707460920605610070
2015120707461080315010070
2015120707470930115710070
2015120707470950663010070
2015120707480930929710070
2015120707481130436010070
2015120707481100626410070
2015120707490960252110070
2015120707490921212810070
2015120707490930116010070
2015120707491020905010070
2015120707490920604510070
2015120707501140636710070
2015120707501140636710070
2015120707511140836810070
2015120707510950543310070
2015120707510931234410070
2015120707511081117210070
2015120707511120835410070
2015120707520930524210070
2015120707521150437410070
2015120707520930421410070
2015120707521081117410070
2015120707521111131810070
2015120707531100626610070
2015120707530930116410070
2015120707541090419010070
2015120707540931031210070
2015120707540931031210070
2015120707540940735710070
2015120707550921213310070
2015120707550921213310070
2015120707550930117410070
2015120707561081117310070
2015120707560931234110070
2015120707561100224410070
2015120707570931030310070
2015120707570930626010070
2015120707570941258510070
2015120707580950543110070
2015120707591081117510070
2015120708011090418710070
2015120708020920604210070
2015120609350941038610060
2015120609350941038610060
2015120610000950949400060
2015120610000950949400060
2015120610001060712300060
2015120610001060712300060
2015120610010941038700060
2015120613380950945910060
2015120613401100626810060
2015120613402704201410060
2015120613410930117010060
2015120613421100425610060
2015120613421100626110060
2015120613480960655810060
2015120613480960655810060
2015120613550960251510060
2015120613551091123610060
2015120614000930116900060
2015120614000921211600060
2015120614000950947500060
2015120614000930117500060
2015120614001111232300060
2015120614000921213600060
2015120614000921213000060
2015120614001081217900060
2015120614001090621000060
2015120614001090318400060
2015120614001101228100060
2015120614000930118900060
2015120614010921213100060
2015120614011020604300060
2015120614010950662700060
2015120614020940837400060
2015120614020940837400060
2015120614021120634500060
2015120614030931032700060
2015120614030931032700060
2015120614040960352700060
2015120617020930524200060
2015120617020931030700060
2015120617030950662800060
2015120617451130436000060
2015120618000950949000060
2015120618010930524300060
2015120618021081218000060
2015120618020921212000060
2015120618030930525100060
2015120618251100124310060
2015120618251100124310060
2015120618251100124310060
2015120618251060611410060
2015120618251060611410060
2015120618251060611410060
2015120621210950543210060
2015120621210950543210060
2015120621370921212310060
2015120621400950946310060
2015120621401110328810060
2015120621410950946510060
2015120621430930524810060
2015120621430930524810060
2015120621451120634810060
2015120621451120634810060
2015120621460950949410060
2015120621470931030510060
2015120621470931030510060
2015120621471111232110060
2015120621471111232110060
2015120621490941038710060
2015120621491111232210060
2015120622000960655800060
2015120622000960251800060
2015120622001100425600060
2015120622001100425500060
2015120622001060712200060
2015120622000930422100060
2015120622000950945900060
2015120622001100626800060
2015120622002704201400060
2015120622001120333800060
2015120622000950946800060
2015120622001111232000060
2015120622000921211100060
2015120622010950949300060
2015120622011100626100060
2015120622010930524700060
2015120622010930524700060
2015120622011091123600060
2015120622021110830800060
2015120622021110830800060
2015120622020940837300060
2015120622020940837300060
2015120622021081117100060
2015120622020930118600060
2015120622030970364400060
2015120622031120333100060
2015120622040960251500060
2015120622040941038600060
2015120622040941038600060
2015120705371081218010060
2015120705380950662710060
2015120705380950662710060
2015120705391090621110060
2015120705400960352710060
2015120705420931032710060
2015120705430930525110060
2015120705441020604310060
2015120705450921212010060
2015120705450921212010060
2015120705451090318410060
2015120705460921213010060
2015120705541090621010060
2015120706000950947700060
2015120706000921212300060
2015120706000950946300060
2015120706001120634800060
2015120706000950945800060
2015120706000950945800060
2015120706001120634600060
2015120706001060711800060
2015120706001120735200060
2015120706000950949400060
2015120706000931030500060
2015120706001110629800060
2015120706001110629800060
2015120706001111232100060
2015120706001111232100060
2015120706000960655900060
2015120706001111232200060
2015120706000950945800060
2015120706000950945800060
2015120706000941239700060
2015120706000981203700060
2015120706000931030200060
2015120706001110328800060
2015120706011110328800060
2015120706011110830510060
2015120706011110830510060
2015120706030930524800060
2015120706030930524800060
2015120706030930524800060
2015120706030930117000060
2015120706030930117000060
2015120706041060110200060
2015120707101110329010060
2015120707261120232710060
2015120707281130335810060
2015120707281110328910060
2015120707280931030710060
2015120707290971165510060
2015120707320930827610060
2015120707321120434010060
2015120707321090419410060
2015120707320930114410060
2015120707330930428010060
2015120707331020905210060
2015120707361090418810060
2015120707421090419610060
2015120707421090418510060
2015120707422804201410060
2015120707440931133210060
2015120707440960151210060
2015120707441020303810060
2015120707450930827410060
2015120707451090822110060
2015120707460930421610060
2015120707471040107310060
2015120707481090419510060
2015120707481090419510060
2015120707480960151110060
2015120707480940836610060
2015120707490930115910060
2015120707490930523710060
2015120707490930523710060
2015120707491090520410060
2015120707500931233710060
2015120707501130436010060
2015120707500940535510060
2015120707500931030910060
2015120707541090419310060
2015120707540930928410060
2015120707541100425910060
2015120707540930524210060
2015120707541090721710060
2015120707541090721710060
2015120707540931133510060
2015120707550930827510060
2015120707550960151310060
2015120707570920605110060
2015120707571051009210060
2015120707570930929310060
2015120707570930929310060
2015120707591090418610060
2015120707591090418610060
2015120707591081117510060
2015120707590931234110060
2015120707590970965110060
2015120707590931032510060
2015120707591111031410060
2015120708031090418710060
