20151218094822002110080
20151218094822006410080
20151218094922007210080
20151218094922024710080
20151218095722028010080
20151218100222015910080
20151218100422001600080
20151218133322027510080
20151218134122010710080
20151218134222026210080
20151218134422008810080
20151218134722007310080
20151218134722021810080
20151218134722021810080
20151218134722011910080
20151218134722020910080
20151218134722018010080
20151218134722002310080
20151218135022024810080
20151218135022025210080
20151218135022025210080
20151218135022020310080
20151218135022003210080
20151218135122001510080
20151218135122021010080
20151218140022012200080
20151218140022011100080
20151218140022011100080
20151218140022023800080
20151218140122018100080
20151218140122017200080
20151218140222002600080
20151218140222019900080
20151218140222014500080
20151218140322020200080
20151218140322012000080
20151218140322003100080
20151218140322025700080
20151218140422027100080
20151218140522003000080
20151218140522025900080
20151218140522021500080
20151218140622004600080
20151218140722027400080
20151218140822024400080
20151218170022021300080
20151218170022021300080
20151218170022016800080
20151218170022023600080
20151218170022006400080
20151218170022023000080
20151218170022012700080
20151218170122015500080
20151218170122003700080
20151218170122005300080
20151218170222022000080
20151218170222024000080
20151218170222014200080
20151218170222004800080
20151218170222023200080
20151218170222018500080
20151218170222028400080
20151218170222025100080
20151218170322023900080
20151218170322023700080
20151218170422027800080
20151218170422026600080
20151218170422022200080
20151218170422028600080
20151218170422023100080
20151218170422011700080
20151218170422004500080
20151218170422005200080
20151218170422009200080
20151218170522006700080
20151218170522029300080
20151218170522027700080
20151218170822013600080
20151218170922028200080
20151218171122000500080
20151218171122023300080
20151218171222023400080
20151218171522028100080
20151218171622010500080
20151218172222014700080
20151218172722028300080
20151218173022009300080
20151218173222020700080
20151218173322002000080
20151218173422026310080
20151218173522014610080
20151218174822003800080
20151218175122008700080
20151218175322000900080
20151218175422012110080
20151218175422012810080
20151218180022027200080
20151218180022025500080
20151218180022026000080
20151218180022005900080
20151218180022005700080
20151218180122009000080
20151218180122005900080
20151218180422011500080
20151218190022000300080
20151218190122005100080
20151218190222000600080
20151218190322023500080
20151218190312036300080
20151218190322005600080
20151218190322022500080
20151218190422011300080
20151218190422028700080
20151218190422022600080
20151218190522027900080
20151218190522029500080
20151218190622020800080
20151218191022001700080
20151218191522019000080
20151218191522018800080
20151218192122011000080
20151218192122011000080
20151218192122011000080
20151218192222019100080
20151218193722000100080
20151218200322028500080
20151218201522021600080
20151218213522003910080
20151218213622008610080
20151218214022006110080
20151218214022025610080
20151218214222001010080
20151218214222002810080
20151218214222025410080
20151218214222020410080
20151218214322019710080
20151218214322021910080
20151218214422027310080
20151218214422024610080
20151218214622024310080
20151218215122026710080
20151218215122024510080
20151218215222001610080
20151218215222017310080
20151218215222017310080
20151218215322019810080
20151218215422018210080
20151218215522005410080
20151218220022012800080
20151218220022020300080
20151218220022008800080
20151218220022024800080
20151218220122021000080
20151218220122007200080
20151218220122001500080
20151218220122018000080
20151218220222010700080
20151218220222025200080
20151218220222024700080
20151218220222011900080
20151218220222026200080
20151218220222007300080
20151218220322003200080
20151218220422011610080
20151218220522020610080
20151218220522026500080
20151218220522026500080
20151218220522002100080
20151218220522007200080
20151218220622024900080
20151218220622002300080
20151218220722027500080
20151218222022015900080
20151218222122028000080
20151219053222006210080
20151219054022017510080
20151219054022024210080
20151219054022005510080
20151219054022003510080
20151219054022017910080
20151219054022004010080
20151219054022002210080
20151219054122025810080
20151219054222014310080
20151219054222026810080
20151219054222027010080
20151219054222025310080
20151219054222014410080
20151219054422027610080
20151219054722017410080
20151219054822016410080
20151219054922021110080
20151219055022016010080
20151219055022026910080
20151219055022004910080
20151219055322010310080
20151219055322018710080
20151219055422005010080
20151219060022026300080
20151219060022011600080
20151219060022025600080
20151219060022025400080
20151219060022003900080
20151219060022020600080
20151219060022005400080
20151219060022021800080
20151219060022021800080
20151219060022024500080
20151219060022006100080
20151219060122017300080
20151219060122017300080
20151219060122001600080
20151219060122014600080
20151219060122019700080
20151219060122019800080
20151219060222021900080
20151219060222020400080
20151219060222020900080
20151219060222002800080
20151219060322027300080
20151219060322024300080
20151219060322020400080
20151219060322008600080
20151219060322026700080
20151219060422018200080
20151219060422012100080
20151219074322004810080
20151219074622023010080
20151219075522027810080
20151219075522021610080
20151219075822016810080
20151219080222005610080
20151219081622002010080
20151219081622005110080
20151219081622008710080
2015121809410971266110070
2015121809420960251710070
2015121809430950948710070
2015121809430950948710070
2015121809440921213610070
2015121809501081217910070
2015121810000930422100070
2015121810000930422100070
2015121810000950945900070
2015121810010950949300070
2015121810041110830600070
2015121813370921212010070
2015121813370921212010070
2015121813380950946610070
2015121813420921211610070
2015121813421120333410070
2015121813431070714410070
2015121813470940837410070
2015121813470940837410070
2015121813490930117210070
2015121814000950948400070
2015121814001110629900070
2015121814001110629900070
2015121814001120735300070
2015121814001120735300070
2015121814004110201500070
2015121814001120333700070
2015121814001081217700070
2015121814001081217700070
2015121814001040407700070
2015121814000940735900070
2015121814011051109600070
2015121814010950663200070
2015121817000930928500070
2015121817000930428000070
2015121817002805201500070
2015121817000921211700070
2015121817000930524700070
2015121817000930524700070
2015121817000931233700070
2015121817001081117100070
2015121817000930116000070
2015121817000931030700070
2015121817000931030700070
2015121817000930421400070
2015121817001130436000070
2015121817001130436000070
2015121817001070714300070
2015121817000950948600070
2015121817000930524200070
2015121817000930524200070
2015121817000930116400070
2015121817000911102100070
2015121817000911102100070
2015121817010931234000070
2015121817010930523700070
2015121817010930523700070
2015121817010931233800070
2015121817010930115600070
2015121817010950662800070
2015121817010950662800070
2015121817010940736000070
2015121817010960454000070
2015121817010930929300070
2015121817021081117200070
2015121817020930114400070
2015121817030960352200070
2015121817040960150900070
2015121817040960150900070
2015121817040950662200070
2015121817040930422200070
2015121817050960252100070
2015121817051011002900070
2015121817050930117400070
2015121817050930422300070
2015121817051080315000070
2015121817051081016800070
2015121817050950663000070
2015121817060921213310070
2015121817060930626000070
2015121817070950744600070
2015121817080930929700070
2015121817081090418600070
2015121817081090418600070
2015121817100941138900070
2015121817120931030600070
2015121817131100425200070
2015121817131100425200070
2015121817170930421200070
2015121817231081016100070
2015121817241061212900070
2015121817261090520400070
2015121817300931030300070
2015121817300950542600070
2015121817300960352710070
2015121817311140636700070
2015121817311140636700070
2015121817350930118910070
2015121817360950949010070
2015121817361140836800070
2015121817401090520100070
2015121817431020905000070
2015121817450930928400070
2015121817480930116910070
2015121817491090318410070
2015121817500931233900070
2015121817500960655810070
2015121817500960655810070
2015121818001060712000070
2015121818001060711900070
2015121818000950948000070
2015121818000930116300070
2015121818000930116300070
2015121818000981203800070
2015121818010950946700070
2015121818011090318200070
2015121818011090318200070
2015121818160920604200070
2015121819020940836700070
2015121819030940836700070
2015121819041111031400070
2015121819041111031400070
2015121819041111031400070
2015121819091090419500070
2015121819170930827500070
2015121820011090419600070
2015121820050930115900070
2015121820421091223900070
2015121820461100224400070
2015121820471100224400070
2015121821420970364410070
2015121821421120333110070
2015121821431120333810070
2015121821431120333810070
2015121821440950945910070
2015121821441100425610070
2015121821460960655510070
2015121821490921211110070
2015121821490930422110070
2015121821510940837310070
2015121821521110830810070
2015121821521110830810070
2015121821561120333110070
2015121822000930525100070
2015121822000921213100070
2015121822001081217900070
2015121822000931032700070
2015121822001120333400070
2015121822000921211600070
2015121822000921212000070
2015121822000921212000070
2015121822000921213000070
2015121822000971266100070
2015121822001070714400070
2015121822001070714400070
2015121822000930117500070
2015121822010930117500070
2015121822011120333200070
2015121822011120333200070
2015121822010950946600070
2015121822010950946600070
2015121822011081218000070
2015121822010960251700070
2015121822010960251700070
2015121822040930117200070
2015121905270950947710070
2015121905270950947710070
2015121905310950663110070
2015121905310950663110070
2015121905310950543210070
2015121905310950543210070
2015121905320980366710070
2015121905400931030510070
2015121905400931030510070
2015121905411120634810070
2015121905420930524810070
2015121905420930524810070
2015121905431110328810070
2015121905430960655910070
2015121905441060712310070
2015121905441110629810070
2015121905441110629810070
2015121905451120735210070
2015121905450940735910070
2015121905471110830510070
2015121905471110830510070
2015121905480921212310070
2015121905501060711810070
2015121905500950945810070
2015121905500950945810070
2015121906000930116900070
2015121906000960251800070
2015121906000960655800070
2015121906001060110200070
2015121906000970364400070
2015121906001110830800070
2015121906001110830800070
2015121906000940837300070
2015121906000960251500070
2015121906000921211100070
2015121906000941038600070
2015121906000941038600070
2015121906001100425600070
2015121906000930422100070
2015121906000930118900070
2015121906002704201400070
2015121906010931030200070
2015121906021060711700070
2015121906111120333100070
2015121907240931233810070
2015121907321081117210070
2015121907351090418710070
2015121907350930428010070
2015121907350930116010070
2015121907370940736010070
2015121907370940736010070
2015121907370930115010070
2015121907370930115010070
2015121907380930523710070
2015121907380930523710070
2015121907411090621110070
2015121907411081117410070
2015121907430921211710070
2015121907430921211710070
2015121907441090419410070
2015121907480930827410070
2015121907480930827410070
2015121907500930421310070
2015121907500930421310070
2015121907530930928410070
2015121907530930928410070
2015121907580930928510070
2015121908081090419010070
2015121908390931030310070
2015121809410921213010060
2015121809431120333210060
2015121809431120333210060
2015121809440930525110060
2015121809440930525110060
2015121809460921213110060
2015121809460921213110060
2015121810010960251900060
2015121810010960251900060
2015121810030960655500060
2015121810030960251500060
2015121810311060110200060
2015121813330950662710060
2015121813330950662710060
2015121813380930117510060
2015121813380930117510060
2015121813431081218010060
2015121813441101228110060
2015121813441101228110060
2015121813461111232310060
2015121813501020604310060
2015121814010950662900060
2015121814010950662900060
2015121814010930119000060
2015121814010950947600060
2015121814020930524600060
2015121817000930523700060
2015121817010940736000060
2015121817010960454000060
2015121817010930115000060
2015121817010930115000060
2015121817021100727000060
2015121817020960353600060
2015121817020960353600060
2015121817020960352200060
2015121817020930827400060
2015121817020930827400060
2015121817032804201400060
2015121817030931030900060
2015121817030941038300060
2015121817030940735700060
2015121817030960555300060
2015121817041090922700060
2015121817040921213700060
2015121817041100626600060
2015121817041100324800060
2015121817040960856100060
2015121817040930115500060
2015121817041120434000060
2015121817041100626400060
2015121817040930115700060
2015121817051081016800060
2015121817051090721700060
2015121817051090721700060
2015121817051120232700060
2015121817061150437400060
2015121817061130335800060
2015121817061090419300060
2015121817061090418800060
2015121817061090418800060
2015121817061090418700060
2015121817061110830900060
2015121817061110830900060
2015121817071110329200060
2015121817070931234400060
2015121817120931030600060
2015121817140930219800060
2015121817140920605600060
2015121817160930421200060
2015121817220930827600060
2015121817220930827600060
2015121817221110328900060
2015121817240960251810060
2015121817240921212700060
2015121817241090721600060
2015121817260980366800060
2015121817261100626300060
2015121817271090418500060
2015121817290950542600060
2015121817290960352710060
2015121817300950745210060
2015121817300940836400060
2015121817311110629600060
2015121817370951049700060
2015121817370931234100060
2015121817470960151300060
2015121818000950946700060
2015121818000931031000060
2015121818070930727200060
2015121818070930727200060
2015121818271110329000060
2015121818381090621300060
2015121818391090621300060
2015121818391090621300060
2015121819011051009200060
2015121819081090520100060
2015121819091090419500060
2015121819160961056500060
2015121820011081117400060
2015121820040950543300060
2015121820040930115900060
2015121820411091223900060
2015121820460960151200060
2015121821001090419000060
2015121821320941258500060
2015121821350941038610060
2015121821350941038610060
2015121821351100425910060
2015121821360920605100060
2015121821391100626810060
2015121821390930117010060
2015121821391100626110060
2015121821440950949310060
2015121821460960251910060
2015121821460960251910060
2015121821510960251510060
2015121821591101228100060
2015121821591101228100060
2015121822000921213600060
2015121822000950662700060
2015121822000950662700060
2015121822001020604300060
2015121822001081218000060
2015121822000950948700060
2015121822000950948700060
2015121822000960352700060
2015121822010960352700060
2015121822011111131800060
2015121822010950543100060
2015121822011111232300060
2015121822011090621000060
2015121822010930421300060
2015121822050940837400060
2015121822050940837400060
2015121822160931032500060
2015121823121150337200060
2015121905310950543210060
2015121905310950543210060
2015121905401120634310060
2015121905401120634310060
2015121905400941239710060
2015121905420930524810060
2015121905420930524810060
2015121905420930524810060
2015121905420930118110060
2015121905420930118110060
2015121905421110328810060
2015121905420950946610060
2015121905421111232210060
2015121905430950946510060
2015121905451111232110060
2015121905451111232110060
2015121905450941038710060
2015121905470950949410060
2015121905470950946310060
2015121905491060210510060
2015121906001090318400060
2015121906001120333800060
2015121906000981203700060
2015121906000950745200060
2015121906000960251900060
2015121906000960251900060
2015121906000930117000060
2015121906000930117000060
2015121906010950945900060
2015121906020950949300060
2015121906031100425900060
2015121906041110830600060
2015121906041110830600060
2015121906071100626100060
2015121907280930115710060
2015121907311081117210060
2015121907352804201410060
2015121907380930523710060
2015121907401140436710060
2015121907501090419610060
2015121907561100727010060
2015121907561100727010060
2015121907571130436010060
