20151228091922020710080
20151228094622014610080
20151228094622025210080
20151228094622025210080
20151228095322002310080
20151228095322002310080
20151228095522004310080
20151228095922023010080
20151228100122003900080
20151228100222004400080
20151228100322009100080
20151228100722026310080
20151228101022024600080
20151228133422012810080
20151228133722026210080
20151228133922026510080
20151228134022026510080
20151228134322007310080
20151228134322021810080
20151228134322021810080
20151228134322018010080
20151228134422028010080
20151228134822020910080
20151228140022012200080
20151228140022005900080
20151228140022004600080
20151228140022021500080
20151228140122003000080
20151228140122025900080
20151228140122025500080
20151228140122018100080
20151228140122026000080
20151228140122011100080
20151228140222023800080
20151228140222005700080
20151228140922007210080
20151228170022016800080
20151228170022023900080
20151228170022028200080
20151228170022022000080
20151228170122014100080
20151228170122021300080
20151228170122018500080
20151228170222013600080
20151228170222028400080
20151228170222027800080
20151228170322005300080
20151228170322009200080
20151228170322012700080
20151228170322004500080
20151228170322024000080
20151228170422005200080
20151228170422028600080
20151228170422023600080
20151228170422023500080
20151228170422023400080
20151228170522029300080
20151228171022008900080
20151228171322027900080
20151228171322022500080
20151228171322010500080
20151228171422006700080
20151228172722014700080
20151228172922008700080
20151228172922023100080
20151228173322011700080
20151228173422009300080
20151228173422027700080
20151228173622000500080
20151228174422027510080
20151228174922002110080
20151228174922001510080
20151228175522011910080
20151228175722024710080
20151228175722024910080
20151228175822015910080
20151228180022003100080
20151228180022027200080
20151228180022019900080
20151228180022002600080
20151228180022020200080
20151228180022027100080
20151228180022027400080
20151228180022010900080
20151228180022020310080
20151228180722024400080
20151228180822025700080
20151228190222004800080
20151228190322002000080
20151228190422029500080
20151228190622020700080
20151228190722028300080
20151228190722028500080
20151228191022021600080
20151228191422028700080
20151228191422019000080
20151228193422011000080
20151228194222022600080
20151228194222019100080
20151228195922009500080
20151228200022003700080
20151228200022022200080
20151228200122005600080
20151228200222000100080
20151228200222001700080
20151228200422028100080
20151228202722018800080
20151228210022003800080
20151228213422009110080
20151228213922001010080
20151228213922011610080
20151228213922025410080
20151228213922004710080
20151228214022020610080
20151228214022004410080
20151228214322026710080
20151228214322021910080
20151228214322024510080
20151228214622020410080
20151228214822026410080
20151228214822019610080
20151228214822027310080
20151228214822024610080
20151228215022018210080
20151228215322025610080
20151228215322006110080
20151228215422005410080
20151228215522019810080
20151228220022011900080
20151228220022010700080
20151228220122012800080
20151228220122026300080
20151228220122021800080
20151228220122021800080
20151228220122004300080
20151228220122024800080
20151228220122002300080
20151228220122002300080
20151228220222023700080
20151228220222014600080
20151228220322007200080
20151228220322018000080
20151228220422007300080
20151228220422003200080
20151228220622026500080
20151228220622026500080
20151228220622020300080
20151228220622025200080
20151228220622027500080
20151228221522028000080
20151228222522020900080
20151228224522023000080
20151229053222005510080
20151229053322002210080
20151229053422017910080
20151229053422004010080
20151229053822025810080
20151229053822026810080
20151229053822006210080
20151229053822016410080
20151229053822003310080
20151229053922004910080
20151229053922026110080
20151229054022026910080
20151229054322021110080
20151229054322027610080
20151229054822016510080
20151229054822016010080
20151229054822027010080
20151229054822024210080
20151229055122010310080
20151229060022025600080
20151229060022011600080
20151229060022001500080
20151229060022005400080
20151229060022019600080
20151229060022026400080
20151229060022020600080
20151229060022021900080
20151229060022027300080
20151229060022025400080
20151229060022009100080
20151229060022021000080
20151229060022024900080
20151229060022026200080
20151229060022001000080
20151229060022024500080
20151229060122004400080
20151229060222004700080
20151229060322002100080
20151229060322018200080
20151229060422024700080
20151229061122015900080
20151229064722028210080
20151229070322013610080
20151229071122006710080
20151229072422009510080
20151229072622023210080
20151229072822014710080
20151229072822001710080
20151229072822018810080
20151229073222023610080
20151229073222027710080
20151229073322024010080
20151229073322028310080
20151229073322004510080
20151229073322003710080
20151229073322022210080
20151229073322004810080
20151229073322020710080
20151229073622009210080
20151229073822028110080
20151229074022018510080
20151229074022012710080
20151229074022014110080
20151229074022022010080
20151229074022008710080
20151229074022028410080
20151229074022005310080
20151229074022023410080
20151229074022011710080
20151229074022023910080
20151229074112036310080
20151229074122010510080
20151229074222009310080
20151229074322021310080
20151229074322000110080
20151229074322000510080
20151229074622005110080
20151229074722023010080
20151229074822023510080
20151229074822027810080
20151229074822023110080
20151229074822008910080
20151229074922023310080
20151229074922028610080
20151229074922023710080
20151229075122021610080
20151229075122028710080
20151229075122028510080
20151229075222005210080
20151229075722027910080
20151229075722002410080
20151229075722005610080
20151229075922022510080
20151229075922011010080
2015122809370971266110070
2015122809420921213610070
2015122809430950745210070
2015122809430930116910070
2015122809440930118910070
2015122809441120333410070
2015122810000930422100070
2015122810001100425600070
2015122810001100425500070
2015122810000930117000070
2015122810000930117000070
2015122810000941038600070
2015122810000941038600070
2015122810021110830600070
2015122810020950946800070
2015122810021091123600070
2015122810021091123600070
2015122810061100626800070
2015122813480960352710070
2015122814000950948000070
2015122814000970364400070
2015122814000970364400070
2015122814090930928800070
2015122814161100124300070
2015122814161100124300070
2015122817000930929300070
2015122817000930929300070
2015122817000911102100070
2015122817000911102100070
2015122817001081117200070
2015122817002805201500070
2015122817002805201500070
2015122817000930928500070
2015122817011081117100070
2015122817010931233700070
2015122817010930523700070
2015122817010930523700070
2015122817011090419500070
2015122817011090419500070
2015122817010930524700070
2015122817010930524700070
2015122817010930827500070
2015122817011090419600070
2015122817011040407700070
2015122817020960454000070
2015122817020940735900070
2015122817021081117300070
2015122817020960555300070
2015122817020941038300070
2015122817030931030700070
2015122817030931030700070
2015122817030921211700070
2015122817030921211700070
2015122817030930422300070
2015122817030940736000070
2015122817030930421400070
2015122817030931234200070
2015122817041101228300070
2015122817041101228300070
2015122817040950644200070
2015122817041111131600070
2015122817040930116400070
2015122817050930117400070
2015122817050930626000070
2015122817050950663000070
2015122817051140836800070
2015122817060931030300070
2015122817061100425200070
2015122817071100425200070
2015122817070950744600070
2015122817071090418800070
2015122817071090418700070
2015122817070921213300070
2015122817070921213300070
2015122817080940535500070
2015122817100931032500070
2015122817110960352200070
2015122817110930727200070
2015122817110930727200070
2015122817190931030600070
2015122817190931030600070
2015122817231081016100070
2015122817241090822200070
2015122817241090822200070
2015122817241020905000070
2015122817260930219900070
2015122817281111031300070
2015122817280921211110070
2015122817311120333810070
2015122817311120333810070
2015122817330950947510070
2015122817330950947510070
2015122817331090418600070
2015122817331090418600070
2015122817341150337200070
2015122817381080315000070
2015122817460931030210070
2015122817460950946610070
2015122817460950946610070
2015122817460921212010070
2015122817490940837310070
2015122817500940837310070
2015122817501081217910070
2015122817500950949010070
2015122817521060712210070
2015122817541140636700070
2015122817541140636700070
2015122818000950947600070
2015122818001060712000070
2015122818001110629900070
2015122818001110629900070
2015122818001120333700070
2015122818000950948600070
2015122818000950662900070
2015122818000950662900070
2015122818001081217700070
2015122818001100927200070
2015122818001120735300070
2015122818011120735300070
2015122818011051109600070
2015122818010950663200070
2015122818021120634400070
2015122818021120634400070
2015122818044110201500070
2015122818044110201500070
2015122818060941239400070
2015122818060941239400070
2015122818060930119000070
2015122818060930116300070
2015122818180941239300070
2015122818381090419900070
2015122818380950745000070
2015122819091061212900070
2015122820000950543100070
2015122820001111131800070
2015122821001100727000070
2015122821001100727000070
2015122821322401201410070
2015122821370950946810070
2015122821381100626810070
2015122821431100425510070
2015122821470970364410070
2015122821491091123610070
2015122821501091123610070
2015122821500930118610070
2015122821502704201410070
2015122821520930422110070
2015122822000930118900070
2015122822000931032700070
2015122822000950745200070
2015122822001120333400070
2015122822000921213600070
2015122822000921213000070
2015122822001090621000070
2015122822010950662800070
2015122822020960352700070
2015122822020930116900070
2015122822020971266100070
2015122822030960251700070
2015122822030960251700070
2015122905310950947710070
2015122905310950947710070
2015122905350950543210070
2015122905350950543210070
2015122905391110629810070
2015122905391110629810070
2015122905390950946310070
2015122905411090620610070
2015122905410950945810070
2015122905410950945810070
2015122905410941038710070
2015122905421120634610070
2015122905440960453810070
2015122905440960453810070
2015122905440960453810070
2015122905461120735210070
2015122905460950663110070
2015122905460950663110070
2015122905470931030510070
2015122905470931030510070
2015122905500931031610070
2015122905551120634810070
2015122905551120634810070
2015122905571060711810070
2015122906000950949000070
2015122906000921212000070
2015122906000921212000070
2015122906001111232300070
2015122906000930422100070
2015122906001081217900070
2015122906001101228100070
2015122906000930118600070
2015122906000930118600070
2015122906002704201400070
2015122906001091123600070
2015122906001091123600070
2015122906000950946600070
2015122906000950946600070
2015122906000921211100070
2015122906000941038600070
2015122906000941038600070
2015122906010970364400070
2015122906010970364400070
2015122906010930117000070
2015122906010930117000070
2015122906011110830800070
2015122906011110830800070
2015122906010940837300070
2015122906010940837300070
2015122906050950947500070
2015122906050950947500070
2015122906080960655500070
2015122907241111131610070
2015122907240931030710070
2015122907241090822210070
2015122907260911102110070
2015122907260911102110070
2015122907280941038310070
2015122907280941038310070
2015122907280930114410070
2015122907290930524710070
2015122907290930524710070
2015122907291061213110070
2015122907291090721610070
2015122907291150337210070
2015122907291111031310070
2015122907291061212910070
2015122907291061212910070
2015122907301130436010070
2015122907321070714310070
2015122907320950744610070
2015122907330940736010070
2015122907330940736010070
2015122907340930422310070
2015122907351040107310070
2015122907351051009210070
2015122907361090520410070
2015122907360940535510070
2015122907361140836810070
2015122907370931234210070
2015122907370931030310070
2015122907371090418610070
2015122907371090418610070
2015122907380930115910070
2015122907400960454010070
2015122907401140636710070
2015122907400960352210070
2015122907400960352210070
2015122907400941239310070
2015122907401111131810070
2015122907410921211710070
2015122907410930928410070
2015122907411081117110070
2015122907420930827410070
2015122907420930827410070
2015122907422805201510070
2015122907421081117310070
2015122907420930116410070
2015122907420930929310070
2015122907420930929310070
2015122907430931031010070
2015122907430960555310070
2015122907440930727210070
2015122907440930727210070
2015122907450930117410070
2015122907471100727010070
2015122907471020905010070
2015122907481080315010070
2015122907500950663010070
2015122907511100626410070
2015122907520930928510070
2015122907521090922710070
2015122907540950543110070
2015122907540921213310070
2015122907540921213310070
2015122907550950644210070
2015122907550951150410070
2015122907550951150410070
2015122907581020303710070
2015122809421090621010060
2015122810020950946800060
2015122810030960251500060
2015122813470960352710060
2015122813470960352710060
2015122814010930929000060
2015122814030930524600060
2015122814151100124300060
2015122814151100124300060
2015122817000960151300060
2015122817010930827500060
2015122817010960454000060
2015122817020930827400060
2015122817030930827400060
2015122817041120434000060
2015122817041140836800060
2015122817051110328900060
2015122817051110329200060
2015122817061090418800060
2015122817061090418700060
2015122817280930321000060
2015122817321120232700060
2015122817331090520400060
2015122817391111232310060
2015122817460921212010060
2015122817460960655510060
2015122817460950945910060
2015122817481101228110060
2015122817511100626110060
2015122817561110830810060
2015122817571110830810060
2015122818000951050000060
2015122818021051009200060
2015122818050930116300060
2015122818331110329000060
2015122818370950745000060
2015122819081120835400060
2015122819080931031000060
2015122820022804201400060
2015122820030930115700060
2015122820030931234100060
2015122820041150437400060
2015122821370950946810060
2015122821370950946810060
2015122821400930117010060
2015122821411100425910060
2015122821480941038610060
2015122821480941038610060
2015122821480960251510060
2015122822001070714300060
2015122822000950662800060
2015122822010960352700060
2015122822011120634500060
2015122905350950543210060
2015122905350950543210060
2015122905380950946310060
2015122905390950946510060
2015122905401090620610060
2015122905401120634310060
2015122905401120634310060
2015122905420950542810060
2015122905420950542810060
2015122905471060210510060
2015122905471111232210060
2015122905490950949410060
2015122905491111232110060
2015122905491111232110060
2015122905531110830510060
2015122905531110830510060
2015122905540921212310060
2015122906001081218000060
2015122906020950948700060
2015122906020950948700060
2015122906081100425900060
2015122907121110329010060
2015122907231111131610060
2015122907231110328910060
2015122907230931030710060
2015122907231090419910060
2015122907230930219910060
2015122907231110329210060
2015122907281111031210060
2015122907281120232710060
2015122907282804201410060
2015122907291130436010060
2015122907301020905210060
2015122907330960151110060
2015122907330960150910060
2015122907330960150910060
2015122907330960150910060
2015122907341120434010060
2015122907341040107310060
2015122907350930115710060
2015122907350931233710060
2015122907350930523710060
2015122907350930523710060
2015122907361090418710060
2015122907361090418710060
2015122907381100124310060
2015122907381100124310060
2015122907381100124310060
2015122907390960454010060
2015122907401081117210060
2015122907400950542610060
2015122907400960353610060
2015122907400960353610060
2015122907400930827510060
2015122907410960151310060
2015122907440930321010060
2015122907440950662810060
2015122907441090419610060
2015122907467878787810060
2015122907461100727010060
2015122907461150437410060
2015122907541090721710060
2015122907541090721710060
2015122907581090418810060
2015122907581120835410060
