20151130093522002310080
20151130093722002110080
20151130094422026210080
20151130094622014710080
20151130095522021810080
20151130100022006100080
20151130100022019800080
20151130100122001600080
20151130110422009510080
20151130111222019010080
20151130114822014210080
20151130133322018010080
20151130133322007310080
20151130133822026310080
20151130133922001510080
20151130133922003210080
20151130134022021010080
20151130134022012810080
20151130134122011910080
20151130134122020910080
20151130134122015910080
20151130134122014610080
20151130134122007310080
20151130134122007310080
20151130134422012110080
20151130134422020310080
20151130134422024710080
20151130134422024810080
20151130134522028010080
20151130134622004310080
20151130134722010710080
20151130140022014500080
20151130140122024910080
20151130140822026000080
20151130141222019900080
20151130141722021500080
20151130170022012200080
20151130170022012400080
20151130170022005900080
20151130170022014100080
20151130170022016800080
20151130170022013600080
20151130170022023200080
20151130170022022000080
20151130170022012700080
20151130170022027800080
20151130170022018100080
20151130170022027700080
20151130170022023900080
20151130170022023300080
20151130170022024000080
20151130170022018500080
20151130170022023600080
20151130170022025500080
20151130170022023100080
20151130170022005200080
20151130170022011500080
20151130170022011700080
20151130170122003700080
20151130170122028600080
20151130170122005100080
20151130170122004800080
20151130170122009200080
20151130170122014200080
20151130170122004500080
20151130170122002000080
20151130170122023400080
20151130170222006400080
20151130170222023700080
20151130170222024400080
20151130170322005300080
20151130170622028100080
20151130170722010500080
20151130170722026600080
20151130170822027900080
20151130170822028700080
20151130171322006700080
20151130171522019100080
20151130171822008700080
20151130172522008900080
20151130172522026510080
20151130172522026510080
20151130173022012100080
20151130173022022600080
20151130173222005610080
20151130173222005600080
20151130173822027510080
20151130174122000500080
20151130174122007210080
20151130174322003000080
20151130174322017200080
20151130174422025900080
20151130174422004600080
20151130174422020200080
20151130174422003100080
20151130174422005700080
20151130174522011100080
20151130174522011100080
20151130174522009000080
20151130174822008810080
20151130174822018210080
20151130175022004710080
20151130175022002810080
20151130175122024610080
20151130180322025700080
20151130180422002600080
20151130180422027200080
20151130181022027100080
20151130181122023800080
20151130183022009500080
20151130183522028300080
20151130185312036300080
20151130185822014700080
20151130185822000600080
20151130190022022500080
20151130190022022200080
20151130190222011300080
20151130190222029500080
20151130190322000900080
20151130190322001700080
20151130190422018800080
20151130190422028500080
20151130191022019000080
20151130191622000100080
20151130191622002400080
20151130191822021600080
20151130194922000300080
20151130195422000400080
20151130200022025100080
20151130200022029300080
20151130200022020700080
20151130200022028200080
20151130200022028200080
20151130200122020800080
20151130212722001010080
20151130212722004410080
20151130213222025410080
20151130213422003910080
20151130213422008610080
20151130213522008610080
20151130213622020610080
20151130214022019710080
20151130214022021910080
20151130214022020410080
20151130214122009110080
20151130214122026410080
20151130214122027310080
20151130214122019610080
20151130214122001610080
20151130214222017310080
20151130214222017310080
20151130214422016610080
20151130214422026710080
20151130214422024510080
20151130214522005410080
20151130214522019810080
20151130214622006110080
20151130214622025610080
20151130214822024310080
20151130220022021000080
20151130220022001500080
20151130220022010700080
20151130220022026200080
20151130220022007200080
20151130220022024800080
20151130220022026300080
20151130220122018000080
20151130220122020300080
20151130220122014600080
20151130220222026500080
20151130220222026500080
20151130220222007300080
20151130220222021800080
20151130220222012800080
20151130220222011900080
20151130220222024700080
20151130220322004300080
20151130220322020900080
20151130220322015900080
20151130220322002100080
20151130220322028000080
20151130220422003200080
20151130220422002300080
20151130220622027500080
20151130222322024900080
20151201000522014110080
20151201003822004810080
20151201053022003510080
20151201053022005510080
20151201053122002210080
20151201053422026910080
20151201053522016410080
20151201053622027010080
20151201053622003310080
20151201053722014410080
20151201053722014310080
20151201053822017510080
20151201054022004010080
20151201054122017410080
20151201054122024210080
20151201054222010310080
20151201054222021110080
20151201054222005010080
20151201054322018710080
20151201054522016510080
20151201054622025310080
20151201054622006210080
20151201054622026810080
20151201054622025810080
20151201054622027610080
20151201054722025010080
20151201060022001000080
20151201060022004400080
20151201060022004700080
20151201060022020600080
20151201060022021900080
20151201060022017300080
20151201060022017300080
20151201060022003900080
20151201060022016600080
20151201060022024300080
20151201060022019600080
20151201060022025400080
20151201060022005400080
20151201060022019800080
20151201060022019700080
20151201060022002800080
20151201060122008600080
20151201060122024500080
20151201060122006100080
20151201060122026700080
20151201060122026700080
20151201060122024600080
20151201060122020400080
20151201060222009100080
20151201060322026400080
20151201060622018200080
20151201061522008800080
20151201061722017910080
20151201070022006710080
20151201072122023210080
20151201072322013610080
20151201072422000410080
20151201072622028310080
20151201072622027910080
20151201072622005610080
20151201072622021310080
20151201072722014710080
20151201072722009510080
20151201072722001710080
20151201072822018810080
20151201072822000110080
20151201073222023610080
20151201073222027710080
20151201073222024010080
20151201073222000910080
20151201073422028210080
20151201073422028210080
20151201073622010510080
20151201073722011710080
20151201073822011310080
20151201073822029510080
20151201073922004510080
20151201073922022210080
20151201073922003710080
20151201074022028110080
20151201074022009210080
20151201074022023110080
20151201074022028410080
20151201074022005310080
20151201074022017710080
20151201074012036310080
20151201074022014210080
20151201074222008910080
20151201074422008710080
20151201074422002010080
20151201074422006410080
20151201074422009310080
20151201074422022010080
20151201074422019110080
20151201074422023910080
20151201074522023410080
20151201074522012710080
20151201074522005110080
20151201074522003810080
20151201074522025110080
20151201074622027810080
20151201074622023510080
20151201074622012410080
20151201074822028710080
20151201074922020710080
20151201075022019010080
20151201075022028510080
20151201075022020810080
20151201075022021610080
20151201075022015510080
20151201075222023310080
20151201075222028610080
20151201075222026610080
20151201075222023710080
20151201075522029310080
20151201075522000310080
20151201075522022510080
20151201075622023010080
20151201075622011010080
20151201075622005210080
20151201075722002410080
20151201085622000510080
2015113009051120634910070
2015113009340921213610070
2015113009350950745210070
2015113009350950745210070
2015113009410950948710070
2015113009410950948710070
2015113009480960251710070
2015113009480960251710070
2015113009511111232310070
2015113009571070714410070
2015113010001120333800070
2015113010040950663200070
2015113010041060711700070
2015113013400960352710070
2015113013400950662710070
2015113013400950662710070
2015113013400950946610070
2015113013410940837410070
2015113013410940837410070
2015113014000950361510070
2015113014021051109600070
2015113014040940735900070
2015113017000930928500070
2015113017000930727200070
2015113017010930928800070
2015113017010930422300070
2015113017010921211700070
2015113017010921211700070
2015113017020930422200070
2015113017021011002900070
2015113017030931030700070
2015113017031091223900070
2015113017030950663000070
2015113017031130436000070
2015113017030930524200070
2015113017031110830600070
2015113017040940735700070
2015113017040930116000070
2015113017041140836800070
2015113017040931133200070
2015113017040930117400070
2015113017041090822200070
2015113017051100224400070
2015113017050930626000070
2015113017050950744600070
2015113017050930320600070
2015113017050960555300070
2015113017061090621300070
2015113017060921212800070
2015113017061061212900070
2015113017060921213300070
2015113017060921213300070
2015113017060941038300070
2015113017061090721700070
2015113017061090721700070
2015113017071051009200070
2015113017081150337200070
2015113017081090419900070
2015113017090941138900070
2015113017130941239300070
2015113017150931030600070
2015113017160920604500070
2015113017160920604200070
2015113017181111031300070
2015113017181111031300070
2015113017201020905000070
2015113017211140636700070
2015113017240921213700070
2015113017260930117210070
2015113017260930116910070
2015113017260921211610070
2015113017281100425100070
2015113017280930524310070
2015113017321120333410070
2015113017340931030210070
2015113017370950946810070
2015113017370950946810070
2015113017401081217910070
2015113017400930118910070
2015113017410950947510070
2015113017430921212010070
2015113017430921212010070
2015113017450950949010070
2015113017581120333700070
2015113018120950946900070
2015113018151120634400070
2015113018151120634400070
2015113018250931233900070
2015113018290920605100070
2015113020000930421300070
2015113020020930929700070
2015113020031150337100070
2015113020120931234100070
2015113020120931234100070
2015113021300960352210070
2015113021300960352210070
2015113021311060711710070
2015113021340930524710070
2015113021340930524710070
2015113021350981203710070
2015113021400960251810070
2015113021411111232010070
2015113021411081117110070
2015113021441100425510070
2015113021441100425610070
2015113021451120333110070
2015113021450930118610070
2015113021450930118610070
2015113021452401201410070
2015113021460921211110070
2015113021461120333810070
2015113021471060712210070
2015113021592704201410070
2015113021592704201410070
2015113022010930117500070
2015113022010930117500070
2015113022140960251700070
2015113022140960251700070
2015120105220950543210070
2015120105220950543210070
2015120105351090620610070
2015120105350950663110070
2015120105350950663110070
2015120105361110328810070
2015120105370941239710070
2015120105401120634810070
2015120105400950947710070
2015120105400950947710070
2015120105410931031610070
2015120105420950945810070
2015120105420950945810070
2015120105421060210510070
2015120105431110830510070
2015120105430940837010070
2015120105430950949410070
2015120105451120634610070
2015120105471120735210070
2015120105470960453810070
2015120105470960453810070
2015120105491060711810070
2015120105591120333100070
2015120106002704201400070
2015120106000930118900070
2015120106010950946800070
2015120106010950946800070
2015120106012401201400070
2015120106021060711700070
2015120106030960352200070
2015120107010931233810070
2015120107180950744610070
2015120107190921212810070
2015120107240930827610070
2015120107250911102110070
2015120107250911102110070
2015120107251090822210070
2015120107251090822210070
2015120107250931030710070
2015120107251090419910070
2015120107251090419910070
2015120107291100425210070
2015120107291100425210070
2015120107291011002910070
2015120107301111031210070
2015120107301100425110070
2015120107301061212910070
2015120107331111031310070
2015120107340960150910070
2015120107340960150910070
2015120107340960150910070
2015120107340940836710070
2015120107370931234210070
2015120107371081016810070
2015120107380930524210070
2015120107381150337210070
2015120107380930929310070
2015120107391100224410070
2015120107390960252110070
2015120107390921211710070
2015120107390921211710070
2015120107390931030310070
2015120107400950662210070
2015120107400950662210070
2015120107400941038310070
2015120107411090922710070
2015120107410930626010070
2015120107410930219810070
2015120107410950542610070
2015120107411130436010070
2015120107410930115010070
2015120107410930115010070
2015120107420930115710070
2015120107420930421210070
2015120107430940736010070
2015120107430940736010070
2015120107431090419510070
2015120107430930928810070
2015120107431090418810070
2015120107430960856110070
2015120107430931031010070
2015120107440960555310070
2015120107447878787810070
2015120107440931233910070
2015120107440930928510070
2015120107440931234410070
2015120107440970965110070
2015120107440940735710070
2015120107441090418710070
2015120107441111131610070
2015120107440930929710070
2015120107451100727010070
2015120107450930421410070
2015120107460930115910070
2015120107471081117410070
2015120107470930116010070
2015120107470960454010070
2015120107470931234010070
2015120107470940535510070
2015120107471090520410070
2015120107481140836810070
2015120107481111131810070
2015120107481140636710070
2015120107481090621110070
2015120107490930116410070
2015120107490930421310070
2015120107490930422310070
2015120107490930422210070
2015120107491100626410070
2015120107500920605110070
2015120107500930662310070
2015120107500950663010070
2015120107510931234110070
2015120107511081117310070
2015120107510930117410070
2015120107540931133510070
2015120107540921213310070
2015120107540921213310070
2015120107550950543110070
2015120107551100626610070
2015120107560951150410070
2015120107560951150410070
2015120107560950644210070
2015120107560920604510070
2015120107571090721710070
2015120107571090721710070
2015120107580941258510070
2015120107580930115610070
2015120107590920604210070
2015120108001020303710070
2015113009390921213110060
2015113009390921213110060
2015113009401090621010060
2015113009441101228110060
2015113009521081218010060
2015113009551120333210060
2015113009551120333210060
2015113010000960251800060
2015113010000960251800060
2015113010000930422100060
2015113010000930422100060
2015113010001100425600060
2015113010021100425500060
2015113010020921211100060
2015113010021120333800060
2015113010021100626800060
2015113010030960251900060
2015113010030960251900060
2015113010050930524700060
2015113010050930524700060
2015113010092704201400060
2015113010100950949300060
2015113013410931032710060
2015113013420960352710060
2015113013420950946610060
2015113013430930525110060
2015113013441020604310060
2015113013440930117510060
2015113013440930117510060
2015113014010950662900060
2015113014010950662900060
2015113014020930524600060
2015113014020950745000060
2015113014030930929000060
2015113017001090419400060
2015113017001090419400060
2015113017011081117300060
2015113017010930929300060
2015113017012805201500060
2015113017012805201500060
2015113017010931233700060
2015113017020931233800060
2015113017020930115600060
2015113017020930421400060
2015113017020960454000060
2015113017020930727200060
2015113017030950662800060
2015113017030950662800060
2015113017030930114400060
2015113017031090419600060
2015113017030930827400060
2015113017030930827400060
2015113017031100727000060
2015113017030930428000060
2015113017030930928800060
2015113017031081117200060
2015113017030930116400060
2015113017030930422300060
2015113017030960151300060
2015113017030940736000060
2015113017030940736000060
2015113017040950662200060
2015113017040951049700060
2015113017041110329000060
2015113017040950644200060
2015113017040930115000060
2015113017040930115000060
2015113017050911102100060
2015113017050911102100060
2015113017050931030900060
2015113017051111131800060
2015113017051081117500060
2015113017050980366800060
2015113017051100626300060
2015113017050931030700060
2015113017050941239400060
2015113017050941239400060
2015113017050930827600060
2015113017050930827600060
2015113017052804201400060
2015113017050931031000060
2015113017051130436000060
2015113017060930524200060
2015113017060960252100060
2015113017061090922700060
2015113017060970965100060
2015113017060931030300060
2015113017061140836800060
2015113017061100626600060
2015113017061100124300060
2015113017061100124300060
2015113017060940836700060
2015113017061120835400060
2015113017061120434000060
2015113017070930115500060
2015113017070931234400060
2015113017071090418500060
2015113017071090418800060
2015113017081090621300060
2015113017080930115900060
2015113017081110329200060
2015113017091090418700060
2015113017100930928400060
2015113017101060611400060
2015113017101150437400060
2015113017151100425900060
2015113017170930321000060
2015113017170931030600060
2015113017211081016100060
2015113017260961056500060
2015113017301120232700060
2015113017300981267700060
2015113017310960655500060
2015113017340930219800060
2015113017361090520400060
2015113017390950946810060
2015113017421090318410060
2015113017430950947510060
2015113017440920605600060
2015113017491110328900060
2015113018000950948000060
2015113018004110201500060
2015113018001090318200060
2015113018000950947600060
2015113018000951050000060
2015113018001120735300060
2015113018000930116300060
2015113018000930119000060
2015113018001060712000060
2015113018001110629900060
2015113018001110629900060
2015113018001101228300060
2015113018001101228300060
2015113018020950361400060
2015113018020950361400060
2015113018060941038700060
2015113018070930928300060
2015113018071081217700060
2015113018071081217700060
2015113018071060711900060
2015113018070981203800060
2015113018070981203800060
2015113018080950946700060
2015113018151100927200060
2015113018380960151200060
2015113020000930421200060
2015113020000930421200060
2015113020021081117400060
2015113020021081117400060
2015113020020930421300060
2015113020030931234000060
2015113020030931234000060
2015113020040930421600060
2015113020040931031200060
2015113020050931031200060
2015113020051150337100060
2015113021120941258500060
2015113021360941038610060
2015113021360941038610060
2015113021410930117010060
2015113021431100626810060
2015113021430960251510060
2015113021430940837310060
2015113021430940837310060
2015113021460970364410060
2015113021461100626110060
2015113021480930422110060
2015113021480960655810060
2015113021480960655810060
2015113021520960251910060
2015113021520960251910060
2015113022000931032700060
2015113022001111232300060
2015113022001020604300060
2015113022000950662700060
2015113022000950662700060
2015113022010930525100060
2015113022020921213600060
2015113022021101228100060
2015113022021090621000060
2015113022021070714400060
2015113022020950745200060
2015113022021120333200060
2015113022020960352700060
2015113022020971266100060
2015113022021070714300060
2015113022021081218000060
2015113022020940837400060
2015113022020940837400060
2015113022030950948700060
2015113022030950948700060
2015113022040921213000060
2015113022040921213100060
2015120100011090419000060
2015120100010931032500060
2015120105240950543210060
2015120105250950543210060
2015120105371090620610060
2015120105381110328810060
2015120105390950946510060
2015120105420950542810060
2015120105420950542810060
2015120105421120634810060
2015120105421120634310060
2015120105421120634310060
2015120105421060712310060
2015120105431060712310060
2015120105450941038710060
2015120105471111232210060
2015120105490921212310060
2015120105490950946310060
2015120105491110629810060
2015120105491110629810060
2015120105490931030510060
2015120105490931030510060
2015120105511111232110060
2015120105511111232110060
2015120106000930116900060
2015120106001090318400060
2015120106000960655800060
2015120106001081217900060
2015120106001081217900060
2015120106000921211600060
2015120106000921211600060
2015120106000950949000060
2015120106001120333400060
2015120106000930524700060
2015120106000930524700060
2015120106010921212000060
2015120106010921212000060
2015120106010970364400060
2015120106010921211100060
2015120106010930117200060
2015120106010930118600060
2015120106010930118600060
2015120106021100425500060
2015120106020930524300060
2015120106021111232000060
2015120106020950949300060
2015120106020981203700060
2015120106020950946600060
2015120106021120333800060
2015120106021120333800060
2015120106021120634500060
2015120106031100626100060
2015120106030940837300060
2015120106030940837300060
2015120106030930422100060
2015120106031100425600060
2015120106040930117000060
2015120106050930117000060
2015120107021110328910060
2015120107101110329010060
2015120107270930827610060
2015120107270980366810060
2015120107270930115510060
2015120107270931030710060
2015120107290930114410060
2015120107300930428010060
2015120107321120232710060
2015120107321110329210060
2015120107331020905210060
2015120107330930928410060
2015120107351051009210060
2015120107361020303810060
2015120107361061213110060
2015120107380960655510060
2015120107390931234210060
2015120107400930524210060
2015120107401090418510060
2015120107402805201510060
2015120107402804201410060
2015120107400920605610060
2015120107401090419610060
2015120107411090418610060
2015120107411090418610060
2015120107411090418610060
2015120107421120434010060
2015120107420930421610060
2015120107431090419010060
2015120107431100124310060
2015120107431100124310060
2015120107430931133210060
2015120107430951049710060
2015120107431130436010060
2015120107440950662810060
2015120107450931233710060
2015120107450931030910060
2015120107451020905010060
2015120107451090419510060
2015120107450930928810060
2015120107451090419510060
2015120107451150437410060
2015120107451090418810060
2015120107451090419510060
2015120107450960856110060
2015120107460960151110060
2015120107461040107310060
2015120107461120835410060
2015120107470930321010060
2015120107481091223910060
2015120107481081117210060
2015120107490950543310060
2015120107490931234010060
2015120107500930827510060
2015120107501140836810060
2015120107501100425910060
2015120107501100626310060
2015120107510921213710060
2015120107510930421310060
2015120107510960151310060
2015120107530931234110060
2015120107551060812410060
2015120107550920604310060
2015120107571081117510060
