20151207094322024610080
20151207094322025410080
20151207095322002310080
20151207100222005000080
20151207110022025000080
20151207120822003700080
20151207123422021300080
20151207123422021300080
20151207132822004710080
20151207132822001010080
20151207132822002810080
20151207132822004410080
20151207133222008610080
20151207133222003910080
20151207133222025610080
20151207133222006110080
20151207133422011610080
20151207133522008610080
20151207133822027310080
20151207133822026410080
20151207134122024510080
20151207134222019710080
20151207134222021910080
20151207134322009110080
20151207134322020410080
20151207134322019710080
20151207134522005410080
20151207134522016610080
20151207134622019810080
20151207135022018210080
20151207135122024310080
20151207135422001610080
20151207135422017310080
20151207135422017310080
20151207135422017310080
20151207140022020300080
20151207140022010700080
20151207140022020900080
20151207140022001500080
20151207140022021000080
20151207140022026300080
20151207140022021800080
20151207140122024800080
20151207140122026200080
20151207140122018000080
20151207140122008800080
20151207140222002300080
20151207140322014600080
20151207140322012110080
20151207140322012100080
20151207140322012100080
20151207140322024900080
20151207140322004300080
20151207140322003200080
20151207140322007200080
20151207140322007300080
20151207140922015900080
20151207143022027500080
20151207170022012400080
20151207170022014100080
20151207170022023200080
20151207170022028400080
20151207170022013600080
20151207170022006400080
20151207170022002100080
20151207170022018500080
20151207170022016800080
20151207170022005200080
20151207170022025100080
20151207170022023900080
20151207170022023300080
20151207170022005300080
20151207170022023100080
20151207170022015500080
20151207170022011700080
20151207170022004800080
20151207170122027800080
20151207170122024000080
20151207170122029300080
20151207170222006700080
20151207170222022000080
20151207170222028600080
20151207170222028300080
20151207170222014200080
20151207170222027700080
20151207170322026600080
20151207170322005100080
20151207170422011300080
20151207170822023500080
20151207170922028200080
20151207170922028200080
20151207171622010500080
20151207172122014700080
20151207173122023400080
20151207173122008700080
20151207173222002000080
20151207173322001210080
20151207173322001200080
20151207173622002400080
20151207173822025310080
20151207173822019610080
20151207174122026710080
20151207174122004910080
20151207174722024210080
20151207174822000900080
20151207180122012800080
20151207180122026500080
20151207180122026500080
20151207180222024700080
20151207180222028000080
20151207183122005600080
20151207184722000500080
20151207185622000600080
20151207185622009300080
20151207185722017700080
20151207185712036300080
20151207185922019000080
20151207190022022500080
20151207190122022200080
20151207190322019100080
20151207190422008900080
20151207190722028700080
20151207195722000300080
20151207200022003800080
20151207200022020800080
20151207200022023600080
20151207200022009200080
20151207200022009500080
20151207200122000100080
20151207200122001700080
20151207200422028100080
20151207203022027900080
20151207203022023000080
20151207204222028500080
20151207204322000400080
20151207204322020700080
20151207213022004500080
20151207213322003510080
20151207213422002200080
20151207213422002210080
20151207213422005510080
20151207213622027010080
20151207213822016010080
20151207213922026910080
20151207214022026110080
20151207214122010310080
20151207214122005010080
20151207214122018710080
20151207214122017510080
20151207214222027610080
20151207214222004010080
20151207214322017910080
20151207214322016410080
20151207214322014310080
20151207214322014410080
20151207214422003310080
20151207214522017410080
20151207214722025010080
20151207214722026810080
20151207214822016510080
20151207214822025810080
20151207214822025810080
20151207214822021110080
20151207214822006210080
20151207220022002800080
20151207220022024300080
20151207220022026400080
20151207220022004400080
20151207220022020600080
20151207220022026700080
20151207220022004700080
20151207220022019600080
20151207220022018200080
20151207220022003900080
20151207220022027300080
20151207220022025400080
20151207220022016600080
20151207220022019800080
20151207220022005400080
20151207220022021900080
20151207220022019700080
20151207220022020400080
20151207220022025600080
20151207220022009100080
20151207220022017300080
20151207220022017300080
20151207220122024500080
20151207220122006100080
20151207220122011600080
20151207220122008600080
20151207220222001000080
20151207220222001600080
20151207220322024600080
20151208052122027210080
20151208053322011510080
20151208053322002610080
20151208053322012010080
20151208053422018110080
20151208053422023810080
20151208053422020210080
20151208053422017210080
20151208053422024410080
20151208053522003110080
20151208053522004610080
20151208053622005710080
20151208053722014510080
20151208053822025510080
20151208053922005910080
20151208054122012210080
20151208054222025710080
20151208054322027110080
20151208054322025910080
20151208054322011110080
20151208054322010910080
20151208054522027410080
20151208060022025300080
20151208060022026900080
20151208060022004000080
20151208060022017400080
20151208060022002200080
20151208060022010300080
20151208060022014400080
20151208060022004900080
20151208060022017900080
20151208060022025800080
20151208060022014300080
20151208060022026100080
20151208060022018700080
20151208060022005500080
20151208060022024200080
20151208060022026800080
20151208060022027000080
20151208060122017500080
20151208060122021100080
20151208060122003500080
20151208060222016000080
20151208060222005000080
20151208060222025000080
20151208061022016500080
20151208065922028210080
20151208072412036310080
20151208072622023210080
20151208072622013610080
20151208072822001710080
20151208072822009510080
20151208072822014710080
20151208072922000110080
20151208072922005610080
20151208072922028110080
20151208073322021300080
20151208073322021310080
20151208073322021310080
20151208073322028310080
20151208073522027710080
20151208073622024010080
20151208073622023610080
20151208073622028510080
20151208073822010510080
20151208073822023110080
20151208073922004510080
20151208073922003710080
20151208074122022210080
20151208074122017710080
20151208074122004800080
20151208074122004810080
20151208074122009210080
20151208074122008910080
20151208074222000410080
20151208074222000510080
20151208074222009310080
20151208074222002010080
20151208074222022010080
20151208074222018510080
20151208074222008710080
20151208074322012710080
20151208074322011710080
20151208074422012410080
20151208074422011310080
20151208074422000610080
20151208074522000910080
20151208074622005110080
20151208074622028410080
20151208074722001210080
20151208074722014210080
20151208074722023510080
20151208074722027810080
20151208074922015510080
20151208074922020810080
20151208075022006410080
20151208075022003810080
20151208075122006710080
20151208075122023910080
20151208075122005210080
20151208075122000310080
20151208075222023010080
20151208075222020710080
20151208075322022510080
20151208075322011010080
20151208075522021610080
20151208075622026600080
20151208075622023310080
20151208075622028610080
20151208075622023710080
20151208075722016810080
20151208075722019010080
20151208075722029310080
20151208075722002410080
20151208075822019110080
20151208075922027910080
2015120709280960251810070
2015120709431100425510070
2015120709460921211110070
2015120713320930118610070
2015120713320930118610070
2015120713340930524710070
2015120713340930524710070
2015120713362704201410070
2015120713371100425610070
2015120713421100626810070
2015120713450930422110070
2015120713461060712210070
2015120713461060712210070
2015120713461120333110070
2015120713491120333810070
2015120713491120333810070
2015120713511110830810070
2015120713511110830810070
2015120713511081117110070
2015120713570960251910070
2015120713570960251910070
2015120713571091123610070
2015120714010960453800070
2015120714010960453800070
2015120714010950946600070
2015120714010950946600070
2015120714020921213100070
2015120714021070714400070
2015120714030960352700070
2015120714040960251700070
2015120714040960251700070
2015120717000930929300070
2015120717002805201500070
2015120717000930928500070
2015120717000921211700070
2015120717000921211700070
2015120717000931030700070
2015120717010930114400070
2015120717020930428000070
2015120717020930524200070
2015120717021110830600070
2015120717020930422300070
2015120717030930421200070
2015120717030930422200070
2015120717031130436000070
2015120717030930421400070
2015120717030960150900070
2015120717030931234200070
2015120717040930116000070
2015120717040941138900070
2015120717040960252100070
2015120717040930117400070
2015120717041100626400070
2015120717040921213300070
2015120717051100224400070
2015120717050931234400070
2015120717051090822200070
2015120717050940836700070
2015120717050930115500070
2015120717050930626000070
2015120717051040107300070
2015120717060921212700070
2015120717061090418500070
2015120717061020303800070
2015120717060950744600070
2015120717060931133200070
2015120717061080315000070
2015120717070950663000070
2015120717071100425100070
2015120717071051009200070
2015120717070930320600070
2015120717080930219900070
2015120717121020905000070
2015120717130931030600070
2015120717200920604500070
2015120717200961056500070
2015120717250920604200070
2015120717260950543300070
2015120717261100425200070
2015120717261100425200070
2015120717261090520400070
2015120717271140836800070
2015120717301140636700070
2015120717301140636700070
2015120717321100124300070
2015120717321100124300070
2015120717321100124300070
2015120717320960151100070
2015120717331090822100070
2015120717380940535500070
2015120717390950946810070
2015120717390950946810070
2015120717390931030210070
2015120717412401201410070
2015120717521060711710070
2015120717530941258500070
2015120717551111232010070
2015120717590941239300070
2015120718030940837400070
2015120718030940837400070
2015120718310930928800070
2015120718380920605100070
2015120720000930929700070
2015120720000930929700070
2015120720010930421300070
2015120720010930421300070
2015120720011090419400070
2015120720011090419400070
2015120720050930115900070
2015120721000930827500070
2015120721180960352210070
2015120721220950947710070
2015120721220950947710070
2015120721260950543210070
2015120721260950543210070
2015120721310931233900070
2015120721310931233900070
2015120721320940837010070
2015120721360950663110070
2015120721360950663110070
2015120721370980366710070
2015120721390930524810070
2015120721390930524810070
2015120721430960453810070
2015120721430960453810070
2015120721431110629810070
2015120721431110629810070
2015120721441060711810070
2015120721461110328810070
2015120721470950945810070
2015120721470950945810070
2015120721481120634610070
2015120721480941038710070
2015120721491110830510070
2015120721491090419900070
2015120721511120735210070
2015120722001090419500070
2015120722010960655500070
2015120722020940837300070
2015120722020940837300070
2015120722021110830800070
2015120722021110830800070
2015120722081100626100070
2015120805341060712010070
2015120805340950947610070
2015120805350930929010070
2015120805380950662910070
2015120805380950662910070
2015120805380950663210070
2015120805380950948410070
2015120805411110629610070
2015120805451040407710070
2015120805500981203810070
2015120805500951050010070
2015120806001120634600070
2015120806001060711700070
2015120806001060711700070
2015120806020931031600070
2015120806030950663100070
2015120806030950663100070
2015120806040930524800070
2015120806040930524800070
2015120806040931030200070
2015120806121060110200070
2015120806310921212810070
2015120806390931233810070
2015120806520941239310070
2015120807030960150910070
2015120807030960150910070
2015120807030960150910070
2015120807050950744610070
2015120807191090419910070
2015120807200930827610070
2015120807240930320310070
2015120807260920605110070
2015120807260911102110070
2015120807260911102110070
2015120807261111131610070
2015120807270930115510070
2015120807271130436010070
2015120807270931030710070
2015120807271090822210070
2015120807270930428010070
2015120807271061212910070
2015120807271061212910070
2015120807271111031310070
2015120807271111031310070
2015120807301100425210070
2015120807301100425210070
2015120807301100425110070
2015120807310930662310070
2015120807310930114410070
2015120807321080315010070
2015120807331051009210070
2015120807352805201510070
2015120807350930827410070
2015120807370931234210070
2015120807371150337210070
2015120807390920605610070
2015120807391070714310070
2015120807401021005610070
2015120807411060812410070
2015120807420930115010070
2015120807420930115010070
2015120807421040107310070
2015120807431090922710070
2015120807430950662810070
2015120807430960252110070
2015120807430960252110070
2015120807430950542610070
2015120807440930929710070
2015120807440920604510070
2015120807441100727010070
2015120807441020905010070
2015120807441090419510070
2015120807440940735710070
2015120807440931234410070
2015120807440930421410070
2015120807440930116010070
2015120807441090419310070
2015120807440950543310070
2015120807450920604210070
2015120807451081117210070
2015120807450941038310070
2015120807451140636710070
2015120807450940535510070
2015120807451100425910070
2015120807451081117410070
2015120807461140836810070
2015120807461100626410070
2015120807460930115910070
2015120807460930116410070
2015120807461111131810070
2015120807460930928810070
2015120807460970965110070
2015120807460930524210070
2015120807460930626010070
2015120807460930422310070
2015120807470930421310070
2015120807471090621110070
2015120807470930422210070
2015120807471090520410070
2015120807470960856110070
2015120807470921211710070
2015120807470921211710070
2015120807480931031010070
2015120807480930219810070
2015120807480930117410070
2015120807490930928510070
2015120807510960454010070
2015120807520950663000070
2015120807520950663000070
2015120807520950663010070
2015120807520950663010070
2015120807521100224410070
2015120807520931031210070
2015120807520931031210070
2015120807521081117310070
2015120807521081117310070
2015120807520931031210070
2015120807540930115610070
2015120807540930320610070
2015120807540940836610070
2015120807540921213310070
2015120807540921213310070
2015120807540931234110070
2015120807561020303710070
2015120807561100626610070
2015120807580941258510070
2015120807591081117510070
2015120807590950543110070
2015120808151120634910070
2015120709480960454010060
2015120709480970364410060
2015120709480970364410060
2015120709500941038610060
2015120709500941038610060
2015120710000950543200060
2015120710000950543200060
2015120710011060712300060
2015120710011060712300060
2015120710020950946500060
2015120710020941038700060
2015120713340950945910060
2015120713382704201410060
2015120713401100626110060
2015120713450940837310060
2015120713450940837310060
2015120713580960251510060
2015120714001101228100060
2015120714000921213600060
2015120714000921213600060
2015120714000930116900060
2015120714001120333200060
2015120714001120333200060
2015120714001090621000060
2015120714020950662800060
2015120714020930117200060
2015120714030950662700060
2015120714030950662700060
2015120714030931032700060
2015120714030931032700060
2015120714060960352700060
2015120714061081218000060
2015120714060950947500060
2015120716341060611400060
2015120716341060611400060
2015120717021070714300060
2015120717020960454000060
2015120717021111131800060
2015120717021081117400060
2015120717020931030700060
2015120717020921211600060
2015120717020930116400060
2015120717031090419600060
2015120717031120634500060
2015120717030930115000060
2015120717030930115000060
2015120717041081117200060
2015120717040930114400060
2015120717040930428000060
2015120717040950543100060
2015120717040930524200060
2015120717041110830600060
2015120717040911102100060
2015120717050911102100060
2015120717050930422300060
2015120717050930421200060
2015120717050930115700060
2015120717050931030900060
2015120717051011002900060
2015120717050951150400060
2015120717051130436000060
2015120717050930827400060
2015120717050941038300060
2015120717050941038300060
2015120717050940735700060
2015120717062804201400060
2015120717060981267700060
2015120717060981267700060
2015120717060930219800060
2015120717061090922700060
2015120717061120434000060
2015120717071120835400060
2015120717070931030300060
2015120717070930523700060
2015120717070930523700060
2015120717071110329000060
2015120717071090419000060
2015120717071110329200060
2015120717080960151000060
2015120717081100626600060
2015120717080921212800060
2015120717081150437400060
2015120717081090418800060
2015120717081110328900060
2015120717081090418700060
2015120717101090721700060
2015120717101090721700060
2015120717150931030600060
2015120717181081117500060
2015120717181081117500060
2015120717180930827600060
2015120717180930827600060
2015120717210920604400060
2015120717240940836400060
2015120717280921213700060
2015120717290920605600060
2015120717291140836800060
2015120717291090419300060
2015120717310960151200060
2015120717330950542600060
2015120717331090621300060
2015120717330951049700060
2015120717361081016100060
2015120717377878787800060
2015120717371130335800060
2015120717390930421600060
2015120717400931031000060
2015120717420960655810060
2015120717420960655810060
2015120717421100425900060
2015120717440930117010060
2015120717440930117010060
2015120717440981203710060
2015120717440950949310060
2015120718000950949000060
2015120718001081217900060
2015120718001111232300060
2015120718001120333400060
2015120718000921213000060
2015120718000930524300060
2015120718000930118900060
2015120718000950948700060
2015120718000950948700060
2015120718000921212000060
2015120718010921212000060
2015120718010930525100060
2015120718021020604300060
2015120718081120232700060
2015120718080930928400060
2015120718241100626310060
2015120718241100626310060
2015120718300930321000060
2015120718331090621100060
2015120718330930928800060
2015120718510931234100060
2015120719041140436700060
2015120720041090419400060
2015120720040960151300060
2015120720070930115900060
2015120720081111031400060
2015120720081111031400060
2015120720081111031400060
2015120720111150337200060
2015120721020930827500060
2015120721280950543210060
2015120721280950543210060
2015120721300930114500060
2015120721300930114500060
2015120721370921212310060
2015120721390950946310060
2015120721390950946310060
2015120721410930524810060
2015120721410930524810060
2015120721440931031610060
2015120721481060712310060
2015120721481120634810060
2015120721481120634810060
2015120721481120634310060
2015120721481120634310060
2015120721491110328810060
2015120721540950946510060
2015120721540931030510060
2015120721540931030510060
2015120722001100425600060
2015120722002704201400060
2015120722000930422100060
2015120722001091123600060
2015120722001091123600060
2015120722000970364400060
2015120722000970364400060
2015120722000960251800060
2015120722001060712200060
2015120722001100626800060
2015120722012401201400060
2015120722010931234000060
2015120722010931233700060
2015120722010930118600060
2015120722010930118600060
2015120722010930117000060
2015120722010930117000060
2015120722010930524700060
2015120722010930524700060
2015120722020950945900060
2015120722021090418600060
2015120722021090418600060
2015120722020931032500060
2015120722021090419500060
2015120722020921211100060
2015120722021081117100060
2015120722021090419500060
2015120722031120333800060
2015120722031120333800060
2015120722030960251900060
2015120722030960251900060
2015120722031100425500060
2015120722060960251500060
2015120722060941038600060
2015120722060941038600060
2015120722321090721700060
2015120722321090721700060
2015120805310931031510060
2015120805364110201510060
2015120805364110201510060
2015120805400950948010060
2015120805401090318210060
2015120805401090318210060
2015120805411120735310060
2015120805411120735310060
2015120805421101228310060
2015120805421101228310060
2015120805440950948610060
2015120805451081217710060
2015120805451081217710060
2015120805460930116310060
2015120805460930116310060
2015120805470930524610060
2015120805471040407710060
2015120805511100927210060
2015120806001120634300060
2015120806001120634300060
2015120806000950946500060
2015120806001060711800060
2015120806001120735200060
2015120806001110328800060
2015120806001110328800060
2015120806010960655800060
2015120806010960655800060
2015120806010981203700060
2015120806020950946800060
2015120806020950946800060
2015120806030950947700060
2015120806030950947700060
2015120806031120634800060
2015120806031120634800060
2015120806030950945800060
2015120806030950945800060
2015120806031060712300060
2015120806040931031600060
2015120806041111232000060
2015120806050950949300060
2015120806051120333100060
2015120806060930524800060
2015120806060930524800060
2015120806060930524800060
2015120806480930727200060
2015120806480930727200060
2015120807131110329010060
2015120807151110328910060
2015120807220931233910060
2015120807230930827610060
2015120807290980366810060
2015120807291130436010060
2015120807290931030710060
2015120807291110329210060
2015120807301060611410060
2015120807330930114410060
2015120807341011002910060
2015120807341021005510060
2015120807351120434010060
2015120807360930928410060
2015120807402804201410060
2015120807401090419610060
2015120807431120232710060
2015120807431120232710060
2015120807430930115710060
2015120807430930523710060
2015120807430930523710060
2015120807431020303810060
2015120807430931030910060
2015120807430960151110060
2015120807431090418510060
2015120807441090418810060
2015120807441100626300060
2015120807457878787810060
2015120807451040107310060
2015120807450960353610060
2015120807450960353610060
2015120807450951049710060
2015120807450950662810060
2015120807461100124310060
2015120807461100124310060
2015120807461090419510060
2015120807471081117210060
2015120807470931133210060
2015120807470960151310060
2015120807480931234010060
2015120807481090418610060
2015120807481090418610060
2015120807481150437410060
2015120807481140836810060
2015120807480930115910060
2015120807480930524210060
2015120807481111031410060
2015120807480931030310060
2015120807490930422310060
2015120807490930827510060
2015120807490960856110060
2015120807500930421610060
2015120807500960555310060
2015120807500930929310060
2015120807500961056510060
2015120807510920604310060
2015120807520931032510060
2015120807530960454010060
2015120807560930421210060
2015120807571120835410060
2015120807581090721710060
2015120807581090721710060
2015120808051081016800060
