20151120093022007210080
20151120094622002110080
20151120094622020310080
20151120094922026310080
20151120095122024910080
20151120095122026510080
20151120095122026510080
20151120095422021810080
20151120100022016600080
20151120100022021900080
20151120100022003900080
20151120102922015910080
20151120105522001210080
20151120133522012810080
20151120133722003210080
20151120133722001510080
20151120133722002310080
20151120133822021010080
20151120133922026210080
20151120133922012110080
20151120133922007310080
20151120133922018010080
20151120134022024810080
20151120134022011910080
20151120134322025210080
20151120134322014610080
20151120134322010710080
20151120134422008810080
20151120134422004310080
20151120140022012200080
20151120140022005900080
20151120140022003100080
20151120140022021500080
20151120140022025700080
20151120140022009000080
20151120140022017200080
20151120140022005700080
20151120140022027200080
20151120140022011100080
20151120140122019900080
20151120140122002600080
20151120140122025900080
20151120140222003000080
20151120140222012000080
20151120140222023800080
20151120140222011500080
20151120140322026000080
20151120140422010900080
20151120142122027400080
20151120170022025100080
20151120170022012400080
20151120170022014100080
20151120170022005300080
20151120170022003700080
20151120170022004800080
20151120170022011700080
20151120170022016800080
20151120170022023900080
20151120170022013600080
20151120170022021300080
20151120170022028200080
20151120170022018100080
20151120170022014700080
20151120170022012700080
20151120170022014200080
20151120170022018500080
20151120170122005200080
20151120170122023300080
20151120170122028400080
20151120170122023200080
20151120170222002000080
20151120170222004500080
20151120170322026600080
20151120170322029300080
20151120170322022200080
20151120170322027700080
20151120170422023500080
20151120170422027900080
20151120170422023000080
20151120170522022000080
20151120170522027800080
20151120170522023700080
20151120170822028300080
20151120170922000500080
20151120170922028100080
20151120171322006700080
20151120171522028700080
20151120171622022500080
20151120171722010500080
20151120171922000400080
20151120173222003800080
20151120173222019810080
20151120174022027510080
20151120174222002400080
20151120174322023100080
20151120174322001200080
20151120174322000100080
20151120174822020800080
20151120174922015500080
20151120174922024310080
20151120175122024710080
20151120175222001700080
20151120175622028500080
20151120180022025500080
20151120180022027100080
20151120180022005600080
20151120180422004600080
20151120180622024400080
20151120182422018800080
20151120182622005100080
20151120182722000900080
20151120183022023400080
20151120183222006400080
20151120184522019000080
20151120185922000600080
20151120190022009500080
20151120190122008700080
20151120190122028600080
20151120190222011300080
20151120190322029500080
20151120190922021600080
20151120190922020700080
20151120193222008900080
20151120200022022600080
20151120200022009200080
20151120200022009200080
20151120203322000300080
20151120211822008610080
20151120211822003910080
20151120212322004710080
20151120212422001010080
20151120212422004410080
20151120212422002810080
20151120213122016610080
20151120213422019610080
20151120213422026410080
20151120213522020610080
20151120213522011610080
20151120213522020410080
20151120213622009110080
20151120213722006110080
20151120213722025610080
20151120214022026710080
20151120214122025410080
20151120214122018210080
20151120214222021910080
20151120214322019710080
20151120214322005410080
20151120214722001610080
20151120214722017310080
20151120214722017310080
20151120215422024610080
20151120220022010700080
20151120220022025200080
20151120220022012800080
20151120220022020300080
20151120220022024800080
20151120220022004300080
20151120220022018000080
20151120220022008800080
20151120220022011900080
20151120220022007300080
20151120220022007200080
20151120220022021000080
20151120220022024900080
20151120220022001500080
20151120220022026300080
20151120220022002300080
20151120220022026200080
20151120220022021800080
20151120220122014600080
20151120220122003200080
20151120220122026500080
20151120220122026500080
20151120220222002100080
20151120220422012100080
20151120221322015900080
20151120230822023710080
20151121001722022010080
20151121001722023910080
20151121052822005010080
20151121052922014410080
20151121052922027010080
20151121052922027010080
20151121053022003510080
20151121053022002210080
20151121053022005510080
20151121053122025810080
20151121053222026110080
20151121053222026910080
20151121053422016410080
20151121053422017510080
20151121053422003310080
20151121053522017910080
20151121053522004010080
20151121053622004910080
20151121053722025310080
20151121053722026810080
20151121053722014310080
20151121053822025010080
20151121054222018710080
20151121054222027610080
20151121054322021110080
20151121054422016510080
20151121054422006210080
20151121054422024210080
20151121054722016010080
20151121060022003900080
20151121060022024700080
20151121060022026700080
20151121060022004700080
20151121060022024300080
20151121060022020600080
20151121060022019800080
20151121060022008600080
20151121060022026400080
20151121060022005400080
20151121060022025600080
20151121060022019600080
20151121060022016600080
20151121060022025400080
20151121060022019700080
20151121060022002800080
20151121060022021900080
20151121060022001600080
20151121060122020400080
20151121060122001000080
20151121060222006100080
20151121060222011600080
20151121060222009100080
20151121060222024600080
20151121060322017300080
20151121060322017300080
20151121061122027500080
20151121070022022000080
20151121070022023900080
20151121073422002010080
20151121073522026610080
20151121073922027810080
20151121074422004510080
20151121074422004810080
20151121074522005110080
20151121074722028310080
20151121074822023310080
20151121075822002410080
20151121082422008910080
20151121085022023700080
2015112009470960251710070
2015112010001100626800070
2015112010000960655800070
2015112013370921213610070
2015112013380940837410070
2015112013380940837410070
2015112013380921211610070
2015112013381111232310070
2015112013400930524310070
2015112013420921213010070
2015112013440971266110070
2015112013470930116910070
2015112013481081217910070
2015112013584110201500070
2015112014020930116300070
2015112014020930116300070
2015112016590950948710070
2015112016590950948710070
2015112017001090419500070
2015112017000930421200070
2015112017000931233800070
2015112017012805201500070
2015112017010930727200070
2015112017010960353600070
2015112017010960353600070
2015112017010930524200070
2015112017020930929700070
2015112017021051109600070
2015112017020950662800070
2015112017020960454000070
2015112017021090621100070
2015112017030930928500070
2015112017030930422200070
2015112017031140836800070
2015112017030930116000070
2015112017030950663000070
2015112017040950662200070
2015112017040970965100070
2015112017040930827600070
2015112017041100324800070
2015112017040960856100070
2015112017040931234200070
2015112017040930117400070
2015112017041090621300070
2015112017040930422300070
2015112017040931030700070
2015112017040911102100070
2015112017040911102100070
2015112017040930626000070
2015112017051090822200070
2015112017051150337200070
2015112017051100425100070
2015112017051100626400070
2015112017050921213300070
2015112017050921213300070
2015112017060940836700070
2015112017060950744600070
2015112017061090418600070
2015112017061090418700070
2015112017061020905000070
2015112017091090418800070
2015112017090930219900070
2015112017110930320300070
2015112017170931030600070
2015112017220941239300070
2015112017230930320600070
2015112017231100425200070
2015112017231100425200070
2015112017231090419300070
2015112017231090520400070
2015112017260931233900070
2015112017281111031300070
2015112017310930118910070
2015112017311061212900070
2015112017320920604200070
2015112017340941258500070
2015112017440950946610070
2015112017440950946610070
2015112017450940837310070
2015112017450940837310070
2015112017491070714410070
2015112017500921212010070
2015112017500921212010070
2015112017551081117300070
2015112018010940735900070
2015112018041100626900070
2015112018060950663200070
2015112018191100224400070
2015112018191100224400070
2015112018420950543300070
2015112020000930928800070
2015112020010921211700070
2015112020010921211700070
2015112021181090419900070
2015112021310960251810070
2015112021350960352210070
2015112021350960352210070
2015112021360930118610070
2015112021360930118610070
2015112021371100425610070
2015112021380931030210070
2015112021391060711710070
2015112021411110830810070
2015112021411110830810070
2015112021410930524710070
2015112021410930524710070
2015112021420930422110070
2015112021450960655810070
2015112021491091123610070
2015112021592704201410070
2015112021592704201410070
2015112022000921213000070
2015112022010960251700070
2015112022010960251700070
2015112022021070714400070
2015112022030940837400070
2015112022030940837400070
2015112022102401201410070
2015112105280941239710070
2015112105300950543210070
2015112105300950543210070
2015112105310931031610070
2015112105330940837010070
2015112105330940837010070
2015112105337311201310070
2015112105340930524810070
2015112105350930524810070
2015112105371090620610070
2015112105380950947710070
2015112105380950947710070
2015112105390950945810070
2015112105390950945810070
2015112105390950663110070
2015112105390950663110070
2015112105401060210510070
2015112105401060711810070
2015112105430950949410070
2015112105441120735210070
2015112105451120634610070
2015112105451120634610070
2015112105451081016810070
2015112105460960655910070
2015112105461111232110070
2015112105461111232110070
2015112105551110629810070
2015112105551110629810070
2015112106001110830800070
2015112106001110830800070
2015112106010960352200070
2015112106012704201400070
2015112106171120835410070
2015112106320941038310070
2015112107260930827610070
2015112107341081117210070
2015112107470960454010070
2015112107470921211710070
2015112107470921211710070
2015112107491081117310070
2015112107511060812410070
2015112107510930928510070
2015112107551111031310070
2015112010030930524700060
2015112010030930524700060
2015112013401081218010060
2015112013407311201310060
2015112013417311201310060
2015112013420950947510060
2015112013420950947510060
2015112013440930525110060
2015112013440921213110060
2015112013500941038710060
2015112013501020604310060
2015112014001100927200060
2015112014000950946900060
2015112014000950946900060
2015112014000950948000060
2015112014000950948000060
2015112014004110201500060
2015112014004110201500060
2015112014010950948600060
2015112014011101228300060
2015112014011101228300060
2015112014011040407700060
2015112014021081217700060
2015112014021081217700060
2015112014021120333700060
2015112014030970364400060
2015112014030970364400060
2015112014040950946700060
2015112014080941239400060
2015112014120950745000060
2015112017001081117400060
2015112017001100727000060
2015112017011100727000060
2015112017011090419400060
2015112017011090419400060
2015112017011090419500060
2015112017010930115600060
2015112017021090419500060
2015112017021090419500060
2015112017020930421200060
2015112017021081117200060
2015112017020931233700060
2015112017020960151300060
2015112017020930929300060
2015112017020930421400060
2015112017021111131800060
2015112017022804201400060
2015112017030930114400060
2015112017030930115700060
2015112017032805201500060
2015112017031090419600060
2015112017030930524200060
2015112017030930827400060
2015112017030930827400060
2015112017040930428000060
2015112017040940736000060
2015112017040960454000060
2015112017041100626300060
2015112017041100626300060
2015112017051120634400060
2015112017051120634400060
2015112017050960252100060
2015112017051090922700060
2015112017050980366800060
2015112017050931031000060
2015112017050921213700060
2015112017050930115000060
2015112017050930115000060
2015112017051081117500060
2015112017060931032500060
2015112017060951150400060
2015112017060930827600060
2015112017061090721700060
2015112017061090721700060
2015112017061090621300060
2015112017061120434000060
2015112017061110830600060
2015112017060931030700060
2015112017060930115500060
2015112017060930523700060
2015112017060930523700060
2015112017070941038300060
2015112017070941038300060
2015112017071110329000060
2015112017070931133200060
2015112017071150437400060
2015112017071090418500060
2015112017070960150900060
2015112017070960150900060
2015112017080921212800060
2015112017081051009200060
2015112017081080315000060
2015112017080930421600060
2015112017080930928400060
2015112017081110329200060
2015112017081111031400060
2015112017081090418700060
2015112017091081016100060
2015112017091130335800060
2015112017101120835400060
2015112017111090418800060
2015112017131100425900060
2015112017171011002900060
2015112017180940836400060
2015112017190931030600060
2015112017210930219800060
2015112017251110830900060
2015112017251110830900060
2015112017301020905200060
2015112017300931032710060
2015112017310961056500060
2015112017310931030300060
2015112017320930117210060
2015112017321090318410060
2015112017320950745210060
2015112017350951049700060
2015112017391101228110060
2015112017391101228110060
2015112017441150337100060
2015112017451120333410060
2015112017451120333210060
2015112017451120333210060
2015112017451120333410060
2015112017460930321000060
2015112017511090621010060
2015112017520930117510060
2015112017520930117510060
2015112017530941038610060
2015112017530941038610060
2015112017530941038610060
2015112018000981203800060
2015112018001110629600060
2015112018030930524600060
2015112018031110629900060
2015112018031110629900060
2015112018030950948400060
2015112018040950947600060
2015112018041060712000060
2015112018041120735300060
2015112018041120735300060
2015112018051060711900060
2015112018051090318200060
2015112018050930929000060
2015112018060930119000060
2015112018071120232700060
2015112018080950662900060
2015112018100920605600060
2015112018441090419200060
2015112018440930827500060
2015112020021060812400060
2015112020020930928800060
2015112020340931234100060
2015112021030931234000060
2015112021030931234000060
2015112021170960151200060
2015112021330950945910060
2015112021340970364410060
2015112021340970364410060
2015112021361100626810060
2015112021480960251510060
2015112021511091123610060
2015112022001111232300060
2015112022000921213600060
2015112022001090621000060
2015112022000950947500060
2015112022001081218000060
2015112022001020604300060
2015112022011081217900060
2015112022010930116900060
2015112022010921211600060
2015112022020921213100060
2015112022020930525100060
2015112022020971266100060
2015112022020930524300060
2015112023591090419000060
2015112105311120634310060
2015112105321120634310060
2015112105330950543210060
2015112105330950543210060
2015112105340930118110060
2015112105340930118110060
2015112105351060712310060
2015112105357311201310060
2015112105360921212310060
2015112105370930524810060
2015112105370930524810060
2015112105370950946510060
2015112105380950946310060
2015112105391090620610060
2015112105410950542810060
2015112105410950542810060
2015112105420980366710060
2015112105440941038710060
2015112105470931030510060
2015112105470931030510060
2015112105471081016810060
2015112105481110830510060
2015112105491111232210060
2015112105511100626310060
2015112105511100626310060
2015112106000960655800060
2015112106000950745200060
2015112106000960251800060
2015112106000930117500060
2015112106000931032700060
2015112106001100425600060
2015112106002401201400060
2015112106000930422100060
2015112106000930118600060
2015112106000930118600060
2015112106001100626800060
2015112106001111232000060
2015112106001090318400060
2015112106001060711700060
2015112106000950945900060
2015112106010930118900060
2015112106010941038600060
2015112106010941038600060
2015112106011091123600060
2015112106010930524700060
2015112106010930524700060
2015112106010930117200060
2015112106010950948700060
2015112106010950948700060
2015112106010931030200060
2015112106020950946600060
2015112106030940837300060
2015112106071120333400060
2015112106071120333200060
2015112106071120333200060
2015112106071120333400060
2015112107280930827610060
2015112107320930115710060
2015112107330950662810060
2015112107351100727010060
2015112107351100727010060
2015112107361081117210060
2015112107390930929310060
2015112107401090418610060
2015112107401090418610060
2015112107401090418610060
2015112107460950543110060
2015112107490960454010060
2015112107511111031410060
2015112107511111031410060
2015112107511111031410060
2015112107511111031410060
2015112107571090419610060
2015112107581081117510060
2015112108230930928410060
