20151219094022003010080
20151219094822023810080
20151219100022001000080
20151219100322024600080
20151219100422011110080
20151219100422011110080
20151219133622005710080
20151219133722014510080
20151219133922012010080
20151219133922002610080
20151219133922011510080
20151219133922027210080
20151219134222004610080
20151219134322025510080
20151219134322025910080
20151219134322020210080
20151219134322027110080
20151219134322005910080
20151219134322026010080
20151219134422027410080
20151219134422019910080
20151219134422025710080
20151219134722012210080
20151219140022004000080
20151219140022021100080
20151219140022018700080
20151219140022005000080
20151219140022002200080
20151219140022014300080
20151219140022026800080
20151219140022016400080
20151219140022014400080
20151219140022025800080
20151219140022017900080
20151219140122025300080
20151219140122025300080
20151219140122025300080
20151219140122025300080
20151219140122025300080
20151219140122025300080
20151219140122025300080
20151219140122025300080
20151219140122025300080
20151219140122010300080
20151219140222024200080
20151219140322027600080
20151219140322027000080
20151219140422016000080
20151219141222021510080
20151219170022023000080
20151219170022016800080
20151219170022008700080
20151219174222018110080
20151219174622017210080
20151219175222009010080
20151219175622003110080
20151219175622002110080
20151219175622024710080
20151219180022005100080
20151219180022017400080
20151219180022006200080
20151219180122003500080
20151219180122005500080
20151219180122026900080
20151219180222004900080
20151219180222004900080
20151219180222004900080
20151219180222017500080
20151219180922026100080
20151219190022027800080
20151219190022024000080
20151219193022004800080
20151219200522002000080
20151219204422021600080
20151219204522005600080
20151219213322026310080
20151219213522026210080
20151219213722027510080
20151219214022028010080
20151219214222003210080
20151219214422002310080
20151219214422020910080
20151219214822011910080
20151219214822025210080
20151219214822026510080
20151219214822026510080
20151219214822021810080
20151219214822021810080
20151219214922024910080
20151219214922012810080
20151219214922007210080
20151219214922015910080
20151219215022008810080
20151219215022020310080
20151219215022021010080
20151219215022021010080
20151219215022024810080
20151219215122012110080
20151219215222014610080
20151219215222010710080
20151219220022012200080
20151219220022005900080
20151219220022021500080
20151219220022014500080
20151219220022027100080
20151219220022020200080
20151219220022027200080
20151219220122025500080
20151219220122025900080
20151219220122027400080
20151219220122005700080
20151219220122003000080
20151219220222025700080
20151219220222026000080
20151219220222002600080
20151219220222023800080
20151219220222011500080
20151219220322012000080
20151219220322019900080
20151219220422011100080
20151219220422011100080
20151219220522004600080
20151220053922017510080
20151220054022003510080
20151220054022002210080
20151220054022005510080
20151220054122014310080
20151220054122016410080
20151220054122014410080
20151220054122004010080
20151220054222004910080
20151220054322026910080
20151220054322026110080
20151220054422027610080
20151220054522017410080
20151220054622024210080
20151220054622026810080
20151220054622027010080
20151220054622025310080
20151220054622025810080
20151220054722025010080
20151220054922016510080
20151220054922016010080
20151220054922006210080
20151220055422021110080
20151220055622005010080
20151220055622018710080
20151220055722010310080
20151220060022002100080
20151220060122012800080
20151220060122007200080
20151220060122018100080
20151220060122024900080
20151220060222011900080
20151220060222021000080
20151220060222008800080
20151220060322020900080
20151220060322026500080
20151220060322026500080
20151220060322026500080
20151220060322026300080
20151220060422003100080
20151220060422024700080
20151220060422021800080
20151220060422021800080
20151220060422014600080
20151220060522012100080
20151220060522002300080
20151220060522024800080
20151220060522015900080
20151220060522026200080
20151220060522025200080
20151220060522028000080
20151220060622020300080
20151220060722009000080
20151220061722027500080
20151220061722017200080
20151220070722028210080
20151220071922025110080
20151220075122028310080
20151220075622021310080
20151220075622021310080
20151220075622006410080
20151220075622021610080
20151220080822023710080
20151220085022028710080
2015121910010950949000070
2015121910020950949000070
2015121910021100626800070
2015121910050960655500070
2015121913291100927210070
2015121913420930928310070
2015121913420930928310070
2015121913431040407710070
2015121913430950946910070
2015121913430950946910070
2015121913450981203810070
2015121913450981203810070
2015121913561120735310070
2015121913561120735310070
2015121913580950663210070
2015121914000950946300070
2015121914001111232200070
2015121914000950543200070
2015121914000950543200070
2015121914001120634800070
2015121914001110830500070
2015121914001060712300070
2015121914001060712300070
2015121914001110328800070
2015121914001110328800070
2015121914001120735200070
2015121914001120735200070
2015121914011060210500070
2015121914010950946600070
2015121914010950946600070
2015121914011060711800070
2015121914040930524800070
2015121914040930524800070
2015121914040930524800070
2015121914050930524800070
2015121914050941239700070
2015121916300930928400070
2015121916300930928400070
2015121916400931030300070
2015121917001130436000070
2015121917011090621100070
2015121917011081117200070
2015121917020930928500070
2015121917030930421300070
2015121917040931030600070
2015121917040931030600070
2015121917050930115000070
2015121917050930115000070
2015121917280921211610070
2015121917280931032710070
2015121917300930116910070
2015121917300930119010070
2015121917310930524310070
2015121917310960655900070
2015121917310960655900070
2015121917380950948710070
2015121917380950948710070
2015121917411120333210070
2015121917411120333210070
2015121918001120634300070
2015121918001120634300070
2015121918000930118100070
2015121918000930118100070
2015121918000950949400070
2015121918000950947700070
2015121918000950946500070
2015121918000921211700070
2015121918001111232100070
2015121918001111232100070
2015121918000950945800070
2015121918000950945800070
2015121918001110629800070
2015121918001110629800070
2015121918010931030500070
2015121918010931030500070
2015121918010980366700070
2015121918020950663100070
2015121918020950663100070
2015121918060931031600070
2015121919041090419000070
2015121920010930523700070
2015121920010930523700070
2015121920010930523700070
2015121920010930116000070
2015121920011081117400070
2015121920040930115900070
2015121921000930115700070
2015121921370921213610070
2015121921400960352710070
2015121921400940837410070
2015121921400940837410070
2015121921420930118910070
2015121921440960251710070
2015121921451090621010070
2015121921451081217910070
2015121921460971266110070
2015121921481070714410070
2015121921481070714410070
2015121921490950949010070
2015121921491120333410070
2015121921511111232310070
2015121922001100927200070
2015121922001060712000070
2015121922004110201500070
2015121922000950948000070
2015121922000981203800070
2015121922000950948600070
2015121922001060711900070
2015121922001090318200070
2015121922000950946900070
2015121922001101228300070
2015121922001090419600070
2015121922001090419600070
2015121922010930827400070
2015121922010930827400070
2015121922010940735900070
2015121922010950663200070
2015121922010950745000070
2015122005341090620610070
2015122005390931031610070
2015122005390930524810070
2015122005390930524810070
2015122005391110830510070
2015122005390980366710070
2015122005401110629810070
2015122005401110629810070
2015122005400930118110070
2015122005400930118110070
2015122005420960453810070
2015122005430950945810070
2015122005430950945810070
2015122005441060711810070
2015122005440941239710070
2015122005440950663110070
2015122005440950663110070
2015122005460921212310070
2015122005460950949410070
2015122005481120735210070
2015122005510960655910070
2015122005521060210510070
2015122005531120634610070
2015122006000930116900070
2015122006000930117500070
2015122006000950948400070
2015122006000930118900070
2015122006001120333200070
2015122006000950949000070
2015122006000950948700070
2015122006001081217900070
2015122006000921211600070
2015122006001090621000070
2015122006001111232300070
2015122006000921213000070
2015122006000950745200070
2015122006000931032700070
2015122006001040407700070
2015122006001090318400070
2015122006000971266100070
2015122006001120333700070
2015122006000921213100070
2015122006030960251700070
2015122006141090418710070
2015122007310931030710070
2015122007321070714310070
2015122007360930524210070
2015122007400930929310070
2015122007400930929310070
2015122007402805201510070
2015122007402805201510070
2015122008010950543300070
2015122008010950543300070
2015122008011090419400070
2015122008011090419400070
2015122008011090418700070
2015121909351090318210060
2015121909351090318210060
2015121910011120634500060
2015121910011120634500060
2015121910011120634500060
2015121913380930929010060
2015121913430950948010060
2015121913441081217710060
2015121913441081217710060
2015121913440950948410060
2015121913464110201510060
2015121913464110201510060
2015121913480930524610060
2015121914030941038700060
2015121914040930524800060
2015121914040930524800060
2015121914040930524800060
2015121916290930928400060
2015121917001130436000060
2015121917000940736000060
2015121917000940736000060
2015121917001081117200060
2015121917020930428000060
2015121917020930421300060
2015121917280950745210060
2015121917401120333710060
2015121917401090318410060
2015121917520950662710060
2015121917520950662710060
2015121917520930117510060
2015121917520930117510060
2015121917520921213110060
2015121917561020604310060
2015121918010921212300060
2015121919031090419000060
2015121919031090418700060
2015121920001081117400060
2015121920011100626600060
2015121920011100727000060
2015121920011100727000060
2015121920012804201400060
2015121920012804201400060
2015121920030930115900060
2015121921381101228110060
2015121921390960352710060
2015121921420921213010060
2015121921480930525110060
2015121922001120735300060
2015121922001120735300060
2015121922000930929000060
2015121922000930524600060
2015121922020930928300060
2015121922020930928300060
2015122005331090620610060
2015122005380941038710060
2015122005380930524810060
2015122005380930524810060
2015122005380930524810060
2015122005390950946510060
2015122005390950947710060
2015122005390950947710060
2015122005401120634310060
2015122005401120634310060
2015122005411060712310060
2015122005430950543210060
2015122005430950543210060
2015122005441111232210060
2015122005481111232110060
2015122005481111232110060
2015122006001120634500060
2015122006000930119000060
2015122006011020604300060
2015122006010950662700060
2015122006021081217700060
2015122006021081217700060
2015122007300931030710060
2015122007330950662810060
2015122007330950662810060
2015122007360930524210060
2015122007511100124310060
2015122007511100124310060
2015122007511100124310060
2015122008001090419400060
2015122008001090419400060
