20151229094222017210080
20151229094222023810080
20151229095222006410080
20151229095222019910080
20151229095222003110080
20151229095222012010080
20151229095222027210080
20151229095522027410080
20151229100022019800080
20151229100022020400080
20151229100022024600080
20151229100022026700080
20151229100022006100080
20151229103522022610080
20151229132822004710080
20151229132822012110080
20151229134222026010080
20151229134222027110080
20151229134222025710080
20151229134222025910080
20151229134222024410080
20151229134622005910080
20151229134622011510080
20151229134722005710080
20151229134922012210080
20151229135122003010080
20151229135122025510080
20151229135422011110080
20151229135522021510080
20151229135822018110080
20151229140022017900080
20151229140022005500080
20151229140022026100080
20151229140022016000080
20151229140122026800080
20151229140122026800080
20151229140122003300080
20151229140122004000080
20151229140322025800080
20151229140622004610080
20151229140622016500080
20151229141022027000080
20151229141122027000080
20151229170022023600080
20151229170022022000080
20151229170022014100080
20151229170022009200080
20151229170122018500080
20151229170122027700080
20151229170122002200080
20151229170122027800080
20151229170222024000080
20151229170222013600080
20151229170222012700080
20151229170322012100080
20151229170422023200080
20151229170422023300080
20151229170422028400080
20151229170422004800080
20151229170522029300080
20151229170522004500080
20151229170522023500080
20151229170622008900080
20151229170622008700080
20151229170622029500080
20151229170722006400080
20151229170822023900080
20151229171022006700080
20151229171022028100080
20151229171022028200080
20151229171622010500080
20151229171822022500080
20151229172022027900080
20151229172422014700080
20151229173022005100080
20151229173122004700080
20151229173322009300080
20151229173422028500080
20151229173422002610080
20151229173922003800080
20151229174022014510080
20151229174122023100080
20151229174722023400080
20151229174722019000080
20151229175022010910080
20151229175622004310080
20151229175822009500080
20151229180022021100080
20151229180022004900080
20151229180022016400080
20151229180022018700080
20151229180022011700080
20151229180122026900080
20151229180122027600080
20151229180322024200080
20151229182722019100080
20151229183022023000080
20151229183322020210080
20151229183722006200080
20151229184722002400080
20151229185722000500080
20151229190022028300080
20151229190122020700080
20151229190112036300080
20151229190222022200080
20151229190322017700080
20151229190322018800080
20151229190622021600080
20151229193722005600080
20151229200022003700080
20151229200022005200080
20151229200322022600080
20151229200622028700080
20151229200622001700080
20151229201422000100080
20151229202022011000080
20151229210322021300080
20151229210322021300080
20151229210422023700080
20151229210422028600080
20151229210622029300080
20151229210722005300080
20151229212622024810080
20151229213522012810080
20151229213722026310080
20151229213822024910080
20151229213822020910080
20151229213822025210080
20151229213822026510080
20151229213822026510080
20151229213922003210080
20151229213922026210080
20151229213922026210080
20151229214022001510080
20151229214022021010080
20151229214022021010080
20151229214022021010080
20151229214722007310080
20151229214722018010080
20151229214822027510080
20151229214922011910080
20151229214922021810080
20151229214922021810080
20151229215222015910080
20151229215222014610080
20151229215322010710080
20151229215822002310080
20151229220022012200080
20151229220022019900080
20151229220022005900080
20151229220022025900080
20151229220022005700080
20151229220022003100080
20151229220022011500080
20151229220022003000080
20151229220022027200080
20151229220022021500080
20151229220022021500080
20151229220022021500080
20151229220022021500080
20151229220022021500080
20151229220022027100080
20151229220022025700080
20151229220122027400080
20151229220122012000080
20151229220122018100080
20151229220122026000080
20151229220322023800080
20151229220322004600080
20151229220422017200080
20151229220622011100080
20151229220622011100080
20151230053622027010080
20151230053722006210080
20151230053922026110080
20151230053922026910080
20151230054222017910080
20151230054222003510080
20151230054222002210080
20151230054222005510080
20151230054222026810080
20151230054222025810080
20151230054222025810080
20151230054322016410080
20151230054322003310080
20151230054422027610080
20151230054422004910080
20151230054822016510080
20151230054922021110080
20151230055022010310080
20151230055022018710080
20151230055022024210080
20151230055022016010080
20151230060022010700080
20151230060022001500080
20151230060022004300080
20151230060022024800080
20151230060022025500080
20151230060022010900080
20151230060022026200080
20151230060022020900080
20151230060122020200080
20151230060222018000080
20151230060222012800080
20151230060222026300080
20151230060222014500080
20151230060422015900080
20151230060522003200080
20151230060522014600080
20151230060522024400080
20151230060622024900080
20151230061522027500080
20151230070822006710080
20151230072322028210080
20151230072422013610080
20151230072522023210080
20151230072522009510080
20151230072522001710080
20151230072722014710080
20151230072822018810080
20151230072922028310080
20151230073122022210080
20151230073122004510080
20151230073122020710080
20151230073122009210080
20151230073222004810080
20151230073522011710080
20151230073622008710080
20151230074022009310080
20151230074022023910080
20151230074122000510080
20151230074122002010080
20151230074122028410080
20151230074122006410080
20151230074122027710080
20151230074122024010080
20151230074122029510080
20151230074122018510080
20151230074122022010080
20151230074122023610080
20151230074222014110080
20151230074222005310080
20151230074212036310080
20151230074222019110080
20151230074222023410080
20151230074322028110080
20151230074422023110080
20151230074522005610080
20151230074622008910080
20151230074722023510080
20151230074722027810080
20151230074822023310080
20151230074822012710080
20151230074822028610080
20151230074822023710080
20151230074922015510080
20151230074922020810080
20151230074922021610080
20151230075022010510080
20151230075322028710080
20151230075422005210080
20151230075422027910080
20151230075422021310080
20151230075722002410080
20151230075722022610080
20151230075822019010080
20151230075922011010080
20151230075922022510080
20151230075922005210080
20151230080122029310080
2015122909360940735910070
2015122909480930118110070
2015122909480930118110070
2015122909501060712010070
2015122910000960655800070
2015122910000960655800070
2015122910000950945900070
2015122910011120333800070
2015122910011120333800070
2015122910021110830600070
2015122910021110830600070
2015122910031100425500070
2015122910050931030200070
2015122913400930119010070
2015122913440950662910070
2015122913440950662910070
2015122913451051109610070
2015122913461100927210070
2015122913460950663210070
2015122913481101228310070
2015122914000950947700070
2015122914000950947700070
2015122914001111232200070
2015122914002401201400070
2015122914001090620600070
2015122914000950543200070
2015122914000950543200070
2015122914001120735200070
2015122914001100626800070
2015122914000950946800070
2015122914000950946800070
2015122914000950946800070
2015122914020960453800070
2015122914020960453800070
2015122914030950663100070
2015122914030980366700070
2015122917001081117200070
2015122917001081117200070
2015122917000930929300070
2015122917000930929300070
2015122917002805201500070
2015122917002805201500070
2015122917000930928500070
2015122917000931030700070
2015122917000931030700070
2015122917000960151300070
2015122917000921211700070
2015122917001081117300070
2015122917010930524700070
2015122917010930524700070
2015122917010930827500070
2015122917010930827400070
2015122917011081117100070
2015122917011070714300070
2015122917010960454000070
2015122917011090419400070
2015122917010950662800070
2015122917010950662800070
2015122917010941038300070
2015122917011060210500070
2015122917010930116400070
2015122917020931234200070
2015122917021090419600070
2015122917020950644200070
2015122917020930523700070
2015122917020930523700070
2015122917030940736000070
2015122917030940736000070
2015122917030930422300070
2015122917041100626400070
2015122917041140836800070
2015122917041111031200070
2015122917041111031200070
2015122917041090922700070
2015122917041090721700070
2015122917040930117400070
2015122917051080315000070
2015122917051120434000070
2015122917051090822200070
2015122917051090822200070
2015122917051061212900070
2015122917050930626000070
2015122917051111031300070
2015122917051120232700070
2015122917061061213100070
2015122917060960150900070
2015122917060960150900070
2015122917060950744600070
2015122917061090418800070
2015122917070960151100070
2015122917071090418700070
2015122917071120835400070
2015122917071111131600070
2015122917070960352200070
2015122917071051009200070
2015122917080940535500070
2015122917081090418600070
2015122917081090418600070
2015122917110921213300070
2015122917110921213300070
2015122917171130436000070
2015122917171130436000070
2015122917191110329000070
2015122917191110329000070
2015122917240930219900070
2015122917291090520400070
2015122917291110629910070
2015122917291110629910070
2015122917290930116910070
2015122917291081217910070
2015122917300930524310070
2015122917311020905000070
2015122917310950949010070
2015122917320931031000070
2015122917330931030300070
2015122917340950948710070
2015122917340950948710070
2015122917351020604310070
2015122917390941239300070
2015122917430941239410070
2015122917430941239410070
2015122917461040407710070
2015122917460950947610070
2015122917480921212010070
2015122917480921212010070
2015122917484110201510070
2015122917484110201510070
2015122917490950947510070
2015122917490950947510070
2015122917510930928310070
2015122917510930928310070
2015122917530981203810070
2015122918000930118100070
2015122918000930118100070
2015122918001110629800070
2015122918001110629800070
2015122918000950949400070
2015122918001120634300070
2015122918001120634300070
2015122918000931030500070
2015122918000931030500070
2015122918001120634800070
2015122918001120634800070
2015122918001060711800070
2015122918001060711800070
2015122918001110830500070
2015122918000950945800070
2015122918000950945800070
2015122918001120634600070
2015122918000950946300070
2015122918010950542800070
2015122918010950542800070
2015122918050931031600070
2015122918050941038700070
2015122919480950663000070
2015122919491140636700070
2015122919491140636700070
2015122920000931233700070
2015122920000930115700070
2015122920030930114400070
2015122920040930115900070
2015122921001100727000070
2015122921001100727000070
2015122921000930727200070
2015122921000930727200070
2015122921121100124300070
2015122921410950745210070
2015122921431120333410070
2015122921440950663110070
2015122921440950663110070
2015122921450930117210070
2015122921480950946610070
2015122921480950946610070
2015122921481090621010070
2015122921491111232310070
2015122921560930118910070
2015122922001060712000070
2015122922001120634400070
2015122922001120634400070
2015122922001081217700070
2015122922001051109600070
2015122922000950662900070
2015122922000950662900070
2015122922010940735900070
2015122922010950663200070
2015122922021100927200070
2015122922020950543100070
2015122922031101228300070
2015122922040930119000070
2015123005320950947710070
2015123005320950947710070
2015123005320930118110070
2015123005320930118110070
2015123005321110629810070
2015123005321110629810070
2015123005340980366710070
2015123005371120634310070
2015123005371120634310070
2015123005380960453810070
2015123005390940735910070
2015123005421060711810070
2015123005421111232110070
2015123005431090620610070
2015123005460950945810070
2015123005460950945810070
2015123005461120735210070
2015123005460941038710070
2015123005461060210510070
2015123005470950949410070
2015123005471120634610070
2015123005511120634810070
2015123005511120634810070
2015123005511120634810070
2015123005551110830510070
2015123006000930116900070
2015123006001090621000070
2015123006000950949000070
2015123006000921212000070
2015123006001111232300070
2015123006001081217900070
2015123006000931032700070
2015123006000950947500070
2015123006000950946900070
2015123006000950946900070
2015123006000950948000070
2015123006000930928300070
2015123006001110629900070
2015123006001110629900070
2015123006000981203800070
2015123006004110201500070
2015123006004110201500070
2015123006001120634500070
2015123006011081218000070
2015123006011020604300070
2015123006010950745000070
2015123006021040407700070
2015123006020930117200070
2015123006020941239400070
2015123006030950946600070
2015123006030950946600070
2015123006040960251700070
2015123007080931233810070
2015123007201090419910070
2015123007200931030710070
2015123007200911102110070
2015123007200911102110070
2015123007200911102110070
2015123007240930523710070
2015123007240930523710070
2015123007261140836810070
2015123007261130436010070
2015123007270930928410070
2015123007271150337210070
2015123007280941038310070
2015123007281111131610070
2015123007280930114410070
2015123007291111031210070
2015123007291120232710070
2015123007291111031310070
2015123007301061212910070
2015123007301061212910070
2015123007330930421410070
2015123007340940736010070
2015123007340940736010070
2015123007340930422310070
2015123007361070714310070
2015123007360930928810070
2015123007370930115710070
2015123007370950663010070
2015123007370931234210070
2015123007370931233710070
2015123007371090418610070
2015123007371090418610070
2015123007380931030310070
2015123007380950744610070
2015123007390930115910070
2015123007391140636710070
2015123007391140636710070
2015123007401090822210070
2015123007401081117110070
2015123007401090419610070
2015123007421090419410070
2015123007421090419410070
2015123007420940535510070
2015123007430930219810070
2015123007431090418710070
2015123007430930827510070
2015123007432805201510070
2015123007432805201510070
2015123007440930116410070
2015123007440921211710070
2015123007450930928510070
2015123007451081117310070
2015123007470930929310070
2015123007470930929310070
2015123007481100626410070
2015123007501020905010070
2015123007530921213310070
2015123007530921213310070
2015123007540960352210070
2015123007551060812410070
2015123007571120835410070
2015123007570950543110070
2015123007570930727210070
2015123007570930727210070
2015123007581080315010070
2015123007590951150410070
2015123007590951150410070
2015123008450950644210070
2015122909370930524610060
2015122909480930929010060
2015122910010960251500060
2015122910011060712200060
2015122913201100626100060
2015122913471081217710060
2015122913471101228310060
2015122913500950948610060
2015122914000950946800060
2015122914000950946800060
2015122917000930827500060
2015122917031140836800060
2015122917041120434000060
2015122917041120434000060
2015122917051090419900060
2015122917061110329200060
2015122917060911102100060
2015122917060911102100060
2015122917060960151100060
2015122917061090418700060
2015122917071110328900060
2015122917470950946910060
2015122917470950946910060
2015122917480921212010060
2015122917480921212010060
2015122917480950948010060
2015122918001111232100060
2015122918001111232100060
2015122918000950946500060
2015122918020921212300060
2015122918521020303700060
2015122920021111131800060
2015122920022804201400060
2015122920040930115900060
2015122921111100124300060
2015122921111100124300060
2015122921481120634510060
2015122921560921213010060
2015122922000930929000060
2015122922010930524600060
2015122922021101228300060
2015123005360950542810060
2015123005360950542810060
2015123005390921212310060
2015123005400950946310060
2015123005421111232110060
2015123005431090620610060
2015123005430931031610060
2015123005430950946510060
2015123005441111232210060
2015123005470931030510060
2015123005470931030510060
2015123006000950947600060
2015123006000950948700060
2015123006000950948600060
2015123006010930524300060
2015123007091110329010060
2015123007091110329010060
2015123007190931030710060
2015123007221110329210060
2015123007230930523710060
2015123007261130436010060
2015123007262804201410060
2015123007281150337110060
2015123007281120434010060
2015123007340921213710060
2015123007341051009210060
2015123007341100124310060
2015123007341100124310060
2015123007341100124310060
2015123007360960151110060
2015123007370931234210060
2015123007410960151310060
2015123007421081117210060
2015123007421150437410060
2015123007420950542610060
2015123007421090418710060
2015123007420930827510060
2015123007430931031010060
2015123007430930827410060
2015123007450950662810060
2015123007481140436710060
2015123007531061213110060
2015123008001090418810060
2015123008001090721710060
