20151215094322025410080
20151215094422026410080
20151215095622004710080
20151215095722003910080
20151215100222025700080
20151215121222020810080
20151215131722008610080
20151215133722004410080
20151215133722001010080
20151215134122002810080
20151215134422017310080
20151215134422017310080
20151215134422001610080
20151215134422021910080
20151215134422006110080
20151215134422025610080
20151215134422025610080
20151215134422025610080
20151215134622019710080
20151215135022005410080
20151215135022019810080
20151215135022011610080
20151215135122020610080
20151215135122017310080
20151215135122016610080
20151215135222027310080
20151215135222019610080
20151215135222024610080
20151215135522018210080
20151215135722024310080
20151215140022010700080
20151215140122001500080
20151215140122007200080
20151215140222024700080
20151215140222002300080
20151215140222026300080
20151215140322012100080
20151215140322021000080
20151215140422014600080
20151215140422007300080
20151215140422020900080
20151215140522002100080
20151215140522024510080
20151215140522024800080
20151215140522011900080
20151215140522026500080
20151215140522026500080
20151215140622028000080
20151215140622012800080
20151215140622026710080
20151215140822009110080
20151215141022004300080
20151215142222027500080
20151215161022005300080
20151215170022012400080
20151215170022016800080
20151215170022021300080
20151215170022021300080
20151215170022025100080
20151215170122013600080
20151215170222023200080
20151215170222006400080
20151215170222027700080
20151215170222028400080
20151215170222023600080
20151215170322023100080
20151215170322012700080
20151215170422011700080
20151215170422023400080
20151215170422009200080
20151215170422027800080
20151215170422024000080
20151215170422003200080
20151215170522023700080
20151215170522023500080
20151215170522004500080
20151215170522023300080
20151215170622029300080
20151215170922028200080
20151215171022027900080
20151215171222006700080
20151215171622022500080
20151215172022008700080
20151215172422014700080
20151215173122009300080
20151215174322010500080
20151215174522009500080
20151215180022008800080
20151215180022018000080
20151215180022020300080
20151215180022026200080
20151215180122001700080
20151215180122025200080
20151215180222001200080
20151215181622019000080
20151215181722021800080
20151215181722021800080
20151215184122028300080
20151215184822017700080
20151215185522000500080
20151215185522019100080
20151215185822000600080
20151215185812036300080
20151215190122011300080
20151215190122000900080
20151215190222029500080
20151215190222028700080
20151215190222005100080
20151215190422000400080
20151215190522018800080
20151215190622023900080
20151215190722028600080
20151215191322000100080
20151215194222008900080
20151215195222020800080
20151215200022018500080
20151215200022003700080
20151215200022022200080
20151215200222020700080
20151215200322002000080
20151215200322022600080
20151215200422005200080
20151215200622028100080
20151215200922023000080
20151215202322005600080
20151215203422028500080
20151215204422000300080
20151215204722003800080
20151215205122002400080
20151215210222026600080
20151215211122014200080
20151215211222021600080
20151215213022016510080
20151215213622016010080
20151215213722005510080
20151215213722003510080
20151215213722010310080
20151215213722002210080
20151215213822018710080
20151215213822005010080
20151215213822005010080
20151215213922017510080
20151215213922026910080
20151215214022004010080
20151215214022017910080
20151215214022027010080
20151215214222016410080
20151215214322004910080
20151215214322003310080
20151215214522024210080
20151215214622014310080
20151215214622014410080
20151215214722021110080
20151215214722026810080
20151215214722026110080
20151215214822017410080
20151215214922027610080
20151215215022006210080
20151215215022025010080
20151215215022025810080
20151215215022025310080
20151215220022001000080
20151215220022020600080
20151215220022011600080
20151215220022008600080
20151215220022026400080
20151215220022021900080
20151215220022025400080
20151215220022019600080
20151215220022016600080
20151215220022005400080
20151215220022019800080
20151215220022017300080
20151215220022017300080
20151215220122024500080
20151215220122006100080
20151215220222004400080
20151215220222002800080
20151215220222019700080
20151215220222027300080
20151215220222025600080
20151215220322003900080
20151215220322004700080
20151215220422009100080
20151215220422024300080
20151215220522018200080
20151215220522026700080
20151215220522001600080
20151215220722024600080
20151216002422026600080
20151216053222026310080
20151216053922003210080
20151216054022002110080
20151216054022007310080
20151216054022018010080
20151216054022021010080
20151216054022001510080
20151216054022026210080
20151216054322011910080
20151216054322021810080
20151216054322014610080
20151216054422010710080
20151216054522020910080
20151216054522002310080
20151216054522012810080
20151216054722028010080
20151216054722027510080
20151216055422020310080
20151216055522024810080
20151216055522024710080
20151216055622008810080
20151216055622012110080
20151216055622004310080
20151216055622024910080
20151216055622026510080
20151216055622026510080
20151216055622025210080
20151216060022026100080
20151216060022014400080
20151216060022005000080
20151216060022006200080
20151216060022007210080
20151216060022026800080
20151216060022025300080
20151216060022004900080
20151216060022017900080
20151216060122026900080
20151216060122003500080
20151216060122014300080
20151216060222004000080
20151216060222025800080
20151216060222017500080
20151216060222016400080
20151216060222010300080
20151216060222017400080
20151216060322005500080
20151216060322027600080
20151216060322002200080
20151216060322027600080
20151216060422021100080
20151216060422018700080
20151216060422024200080
20151216060522003300080
20151216060522025000080
20151216060522016000080
20151216061122027000080
20151216061122016500080
20151216071722006710080
20151216073122027910080
20151216073122028210080
20151216073222023210080
20151216073622023610080
20151216073622027710080
20151216073622024010080
20151216073822000510080
20151216073922003710080
20151216073922022210080
20151216073922004510080
20151216073922004810080
20151216074022000110080
20151216074022009510080
20151216074122014710080
20151216074122018810080
20151216074122023910080
20151216074122028310080
20151216074122028110080
20151216074422011710080
20151216074422021310080
20151216074422021310080
20151216074422002010080
20151216074422012710080
20151216074422008710080
20151216074522006410080
20151216074522013610080
20151216074522018510080
20151216074522008910080
20151216074522029510080
20151216074522022010080
20151216074522000610080
20151216074622023410080
20151216074622011310080
20151216074622023110080
20151216074622011010080
20151216074622011010080
20151216074622011010080
20151216074622011010080
20151216074622010510080
20151216074622000910080
20151216074622005110080
20151216074622028410080
20151216074722005310080
20151216074712036310080
20151216074722012410080
20151216074722009310080
20151216074722014210080
20151216074922025110080
20151216074922023510080
20151216074922027810080
20151216074922005610080
20151216075122009210080
20151216075322028510080
20151216075422001210080
20151216075422022610080
20151216075422020710080
20151216075522005210080
20151216075622015510080
20151216075622020810080
20151216075722000310080
20151216075722028710080
20151216075822021610080
20151216075922022510080
20151216075922003810080
20151216080222023310080
20151216080222023710080
2015121509440950949310070
2015121509520930422110070
2015121509520930422110070
2015121509542401201410070
2015121513190960352210070
2015121513260931030210070
2015121513280930524710070
2015121513280930524710070
2015121513410930118610070
2015121513410930118610070
2015121513430960251810070
2015121513431081117110070
2015121513461111232010070
2015121513460940837310070
2015121513480921211110070
2015121513480981203710070
2015121513491060712210070
2015121513491060712210070
2015121513491120333810070
2015121513501060711710070
2015121513500960251910070
2015121513500960251910070
2015121513512704201410070
2015121513531091123610070
2015121513541100425610070
2015121514000940735900070
2015121514000930117500070
2015121514000930117500070
2015121514000950745200070
2015121514000930118900070
2015121514011120333200070
2015121514011120333200070
2015121514011111232300070
2015121514040930117200070
2015121514040960251700070
2015121514040960251700070
2015121516521090419900070
2015121517000931233800070
2015121517000930928500070
2015121517000930428000070
2015121517000950947500070
2015121517000930421200070
2015121517000930524200070
2015121517000930421400070
2015121517000931234200070
2015121517010950946600070
2015121517010950946600070
2015121517010940736000070
2015121517010960454000070
2015121517011130436000070
2015121517020930422300070
2015121517030931030700070
2015121517030930928800070
2015121517031110830600070
2015121517030930422200070
2015121517030930116000070
2015121517040960555300070
2015121517040921212800070
2015121517040950662200070
2015121517040970965100070
2015121517050930117400070
2015121517050940735700070
2015121517051100224400070
2015121517051090822200070
2015121517050960856100070
2015121517060940836700070
2015121517061051009200070
2015121517061061212900070
2015121517061061212900070
2015121517060940535500070
2015121517070930115900070
2015121517071020303800070
2015121517071120835400070
2015121517070950744600070
2015121517081130335800070
2015121517080930929700070
2015121517080930929700070
2015121517100921213300070
2015121517100921213300070
2015121517110930320600070
2015121517110941138900070
2015121517120931030600070
2015121517121090418800070
2015121517141090721600070
2015121517150960655500070
2015121517190920604500070
2015121517190961056500070
2015121517211120634900070
2015121517260920605610070
2015121517320920605100070
2015121517340930219900070
2015121517491020905000070
2015121518160941239300070
2015121518290920604200070
2015121519330950663000070
2015121520010930827500070
2015121520010930827500070
2015121520021090419500070
2015121520061150337100070
2015121520071140636700070
2015121520071140636700070
2015121520131140836800070
2015121520131021005600070
2015121521290950947710070
2015121521290950947710070
2015121521400980366710070
2015121521420931031610070
2015121521430941239710070
2015121521430950663110070
2015121521430950663110070
2015121521440950945810070
2015121521440950945810070
2015121521441120634610070
2015121521450950949410070
2015121521461110328810070
2015121521460960453810070
2015121521460960453810070
2015121521461090620610070
2015121521491120735210070
2015121521491111232110070
2015121521491111232110070
2015121521521110830510070
2015121522001060712200070
2015121522001100425600070
2015121522000950949300070
2015121522030931030200070
2015121522140960352200070
2015121605370921211610070
2015121605370930524310070
2015121605380950745210070
2015121605400950949010070
2015121605400960352710070
2015121605410921212010070
2015121605410921212010070
2015121605420930118910070
2015121605431081217910070
2015121605440930116910070
2015121605441090318410070
2015121605450950947510070
2015121605451101228110070
2015121605451120333210070
2015121605461120333210070
2015121605490960251710070
2015121605550950946610070
2015121605550950946610070
2015121605561090621010070
2015121605561111232310070
2015121605561120634510070
2015121606041060210500070
2015121606040930524800070
2015121606040930524800070
2015121606040930524800070
2015121606050931031600070
2015121606060960453800070
2015121606500931233810070
2015121606570930525210070
2015121607010941239300070
2015121607100930662310070
2015121607210950744610070
2015121607211140436710070
2015121607320921212810070
2015121607341150337210070
2015121607360911102110070
2015121607360911102110070
2015121607361111131610070
2015121607360930219910070
2015121607360931030710070
2015121607370930827610070
2015121607372805201510070
2015121607372805201510070
2015121607371111031210070
2015121607381061212910070
2015121607381061212910070
2015121607391081117110070
2015121607401080315010070
2015121607401051009210070
2015121607400931030910070
2015121607401090419510070
2015121607401090520410070
2015121607400930115710070
2015121607410940535510070
2015121607410930421310070
2015121607410940736010070
2015121607410930929710070
2015121607410940836710070
2015121607420930928410070
2015121607420931234210070
2015121607430930626010070
2015121607430950543110070
2015121607440941038310070
2015121607440930116010070
2015121607441100224410070
2015121607440930115910070
2015121607440930827410070
2015121607440931234410070
2015121607440930928510070
2015121607451090419910070
2015121607451081117210070
2015121607451111131810070
2015121607451111131810070
2015121607451090419410070
2015121607450930827510070
2015121607451140836810070
2015121607460960454010070
2015121607461081117410070
2015121607460960352210070
2015121607461091223910070
2015121607470921213710070
2015121607470930422310070
2015121607470930422210070
2015121607471070714310070
2015121607470960151210070
2015121607470930219810070
2015121607481090922710070
2015121607481090520110070
2015121607480950542610070
2015121607480930524210070
2015121607480930117410070
2015121607481130436010070
2015121607480930421210070
2015121607481081117310070
2015121607491090419010070
2015121607490960150910070
2015121607490960150910070
2015121607490940735710070
2015121607500921212700070
2015121607500930421410070
2015121607500941138910070
2015121607511060812410070
2015121607511100727010070
2015121607510931031010070
2015121607511140636710070
2015121607511140636710070
2015121607521100626410070
2015121607521020905010070
2015121607531090822210070
2015121607541090418810070
2015121607560950662210070
2015121607560950662210070
2015121607570930320610070
2015121607570940836610070
2015121607570931031210070
2015121607570931031210070
2015121607570920605610070
2015121607570931233910070
2015121607570931233910070
2015121607570921213310070
2015121607570921213310070
2015121607570930727210070
2015121607570930727210070
2015121607570930115610070
2015121607581081117510070
2015121607580920604510070
2015121607590951150410070
2015121607590951150410070
2015121607591100626610070
2015121608000920604210070
2015121608461021005610070
2015121509430960251510060
2015121509540941038610060
2015121509540941038610060
2015121509540941038610060
2015121510000950948000060
2015121510001120333700060
2015121510001120333700060
2015121510020950948400060
2015121510020950948400060
2015121510030930928300060
2015121510030930928300060
2015121510030930929000060
2015121510030930929000060
2015121510060950946900060
2015121510060950946900060
2015121510201100626810060
2015121510410951050000060
2015121513310950945910060
2015121513320950946810060
2015121513430930117010060
2015121513430930117010060
2015121513461100626110060
2015121513461100626110060
2015121513490940837310060
2015121513532704201410060
2015121513540960655810060
2015121513540960655810060
2015121513561091123610060
2015121514000930116900060
2015121514001081217900060
2015121514001090318400060
2015121514000950949000060
2015121514000921212000060
2015121514000921212000060
2015121514010931032700060
2015121514010930524300060
2015121514010930525100060
2015121514020950662700060
2015121514030921213000060
2015121514041090621000060
2015121514040921213100060
2015121514051081217700060
2015121514051081217700060
2015121517010921211600060
2015121517010930929300060
2015121517010930929300060
2015121517012805201500060
2015121517012805201500060
2015121517011081117200060
2015121517010931233700060
2015121517020941038300060
2015121517020930116400060
2015121517020930421200060
2015121517020930524200060
2015121517020930421400060
2015121517021081117300060
2015121517030930115700060
2015121517031120634500060
2015121517031120634500060
2015121517030930115600060
2015121517031081117400060
2015121517031130436000060
2015121517030950644200060
2015121517031070714300060
2015121517040950662800060
2015121517040930114400060
2015121517040930827400060
2015121517040930827400060
2015121517040930523700060
2015121517040930523700060
2015121517051090621100060
2015121517050931030700060
2015121517051100425900060
2015121517050960353600060
2015121517050960353600060
2015121517050930115000060
2015121517050930115000060
2015121517050980366800060
2015121517050911102100060
2015121517050911102100060
2015121517051101228100060
2015121517060931030900060
2015121517061110329000060
2015121517060931031000060
2015121517060960151000060
2015121517060960252100060
2015121517071100124300060
2015121517071100124300060
2015121517071100124300060
2015121517071090621300060
2015121517070930115500060
2015121517070931030300060
2015121517081100324800060
2015121517080960856100060
2015121517081100626400060
2015121517080921212700060
2015121517081080315000060
2015121517081111031400060
2015121517081110329200060
2015121517082804201400060
2015121517081090418500060
2015121517081150437400060
2015121517081090721700060
2015121517081090721700060
2015121517080951150400060
2015121517090930115900060
2015121517091021005500060
2015121517100960151100060
2015121517120930219800060
2015121517140940836400060
2015121517141090418800060
2015121517261090418700060
2015121517261090822100060
2015121517290951049700060
2015121517301090419000060
2015121517311090520400060
2015121517310950542600060
2015121517310930421300060
2015121517311090419300060
2015121517311100626600060
2015121517310931233900060
2015121517331110328900060
2015121517361111131600060
2015121517361150337200060
2015121517361091223900060
2015121517431060712310060
2015121517460930827600060
2015121517460930827600060
2015121517501081016100060
2015121518041020604300060
2015121519390931234100060
2015121520031100727000060
2015121520030931032500060
2015121520040941258500060
2015121520040950543300060
2015121520041090419500060
2015121520041090419400060
2015121520041090419400060
2015121520051090419600060
2015121520051081117500060
2015121520060930114500060
2015121520060930114500060
2015121520081150337100060
2015121520131011002900060
2015121520151140836800060
2015121520590930321000060
2015121520590930321000060
2015121521081120232700060
2015121521380950543210060
2015121521380950543210060
2015121521410950542810060
2015121521410950542810060
2015121521440930118110060
2015121521440930118110060
2015121521450930524810060
2015121521450930524810060
2015121521450930524810060
2015121521471120634310060
2015121521471120634310060
2015121521471120634810060
2015121521471120634810060
2015121521471110629810060
2015121521471110629810060
2015121521480950946310060
2015121521481110328810060
2015121521481090620610060
2015121521490950946510060
2015121521490941038710060
2015121521511111232210060
2015121521510960655910060
2015121521510931030510060
2015121521510931030510060
2015121522010960655800060
2015121522010960655800060
2015121522010921211100060
2015121522010970364400060
2015121522010970364400060
2015121522010930422100060
2015121522011120333800060
2015121522010960251900060
2015121522010960251900060
2015121522022704201400060
2015121522020981203700060
2015121522020940837300060
2015121522020940837300060
2015121522021110830800060
2015121522021060711700060
2015121522020950946800060
2015121522020960251800060
2015121522020930118600060
2015121522020930118600060
2015121522021100626800060
2015121522030930524700060
2015121522030930524700060
2015121522031081117100060
2015121522031081117100060
2015121522031111232000060
2015121522031091123600060
2015121522030960251500060
2015121522041060110200060
2015121522050941038600060
2015121522050941038600060
2015121523010931234000060
2015121523010931234000060
2015121605380950662710060
2015121605380950662710060
2015121605400921213110060
2015121605420930525110060
2015121605420930525110060
2015121605420960352710060
2015121605440930117510060
2015121605440930117510060
2015121605471020604310060
2015121605470950947510060
2015121606000950947700060
2015121606000941239700060
2015121606001120634300060
2015121606001120634300060
2015121606000950543200060
2015121606000950543200060
2015121606001120634800060
2015121606000950945800060
2015121606000950945800060
2015121606000950946500060
2015121606001090620600060
2015121606001120735200060
2015121606001110328800060
2015121606001110328800060
2015121606001111232100060
2015121606001111232100060
2015121606001120634600060
2015121606001120634600060
2015121606010930117000060
2015121606010930117000060
2015121606010950945900060
2015121606010950945900060
2015121606011060712300060
2015121606011060712310060
2015121606011060712300060
2015121606011060712300060
2015121606012401201400060
2015121606020930118100060
2015121606020930118100060
2015121606030931030500060
2015121606030931030500060
2015121606030950542800060
2015121606030950542800060
2015121606030950663100060
2015121606030980366700060
2015121606060930524800060
2015121606060930524800060
2015121606060930524800060
2015121607181110329010060
2015121607181110329010060
2015121607321120434010060
2015121607371090418510060
2015121607371110329210060
2015121607381020905210060
2015121607380980366810060
2015121607380930428010060
2015121607380931030710060
2015121607390930827610060
2015121607391111031210060
2015121607391120232710060
2015121607401060611410060
2015121607400930115010060
2015121607400930115010060
2015121607400971165510060
2015121607410960353610060
2015121607410960353610060
2015121607411061213110060
2015121607420930523710060
2015121607420930523710060
2015121607431020303810060
2015121607430931233710060
2015121607430960151110060
2015121607431100124310060
2015121607431100124310060
2015121607431100124310060
2015121607430961056510060
2015121607441021005510060
2015121607440930115510060
2015121607441090721610060
2015121607450931234210060
2015121607451090419610060
2015121607450931133210060
2015121607451111031410060
2015121607460931030310060
2015121607460931234010060
2015121607460930115910060
2015121607461090419310060
2015121607471081117210060
2015121607471090621110060
2015121607470950543310060
2015121607470960151310060
2015121607471090419410060
2015121607471090418610060
2015121607481090418610060
2015121607481100626310060
2015121607480960454010060
2015121607491090822110060
2015121607500930421610060
2015121607500951049710060
2015121607500930524210060
2015121607500930929310060
2015121607510930929310060
2015121607511130436010060
2015121607510930421210060
2015121607511081117310060
2015121607511150437410060
2015121607531100727010060
2015121607530960555310060
2015121607530960856110060
2015121607550931032510060
2015121607571090418810060
2015121607581090721710060
2015121607581090721710060
