20151209092622014610080
20151209092622009010080
20151209092622005910080
20151209092722026310080
20151209092822025510080
20151209092922002310080
20151209092922011510080
20151209092922003110080
20151209093022004610080
20151209093022024810080
20151209093022002110080
20151209093022020310080
20151209093022020210080
20151209093022027410080
20151209093122003010080
20151209093222014510080
20151209093222005710080
20151209093322007210080
20151209093322010910080
20151209093322011110080
20151209093622002610080
20151209093622012010080
20151209093622023810080
20151209093622024410080
20151209093622017210080
20151209093822026210080
20151209093822027110080
20151209093922020910080
20151209093922025210080
20151209094022003210080
20151209094022001510080
20151209094022021010080
20151209094122012810080
20151209094222025910080
20151209094522027510080
20151209094522027210080
20151209094522007310080
20151209094522018010080
20151209094622021510080
20151209095022025710080
20151209095122021810080
20151209095222008810080
20151209095522027710080
20151209095522004310080
20151209095822024010080
20151209100022006100080
20151209100022018200080
20151209100022011600080
20151209100022001000080
20151209100022004700080
20151209100022004400080
20151209100022020600080
20151209100022003900080
20151209100022027300080
20151209100022008600080
20151209100022019600080
20151209100022019800080
20151209100022026400080
20151209100022026700080
20151209100022024300080
20151209100022005400080
20151209100022016600080
20151209100022025400080
20151209100022002800080
20151209100022025600080
20151209100022001600080
20151209100022021900080
20151209100122019700080
20151209100122017300080
20151209100122017300080
20151209100122024500080
20151209100122012210080
20151209100222024600080
20151209100222020400080
20151209100722009100080
20151209101722015910080
20151209132922012110080
20151209133822010710080
20151209134422028010080
20151209134722011910080
20151209134722026510080
20151209134722026510080
20151209140022012200080
20151209140022005900080
20151209140022003000080
20151209140022002600080
20151209140022009000080
20151209140022012000080
20151209140022005700080
20151209140022003100080
20151209140022014500080
20151209140022021500080
20151209140022020200080
20151209140022023800080
20151209140022025900080
20151209140022011100080
20151209140022004600080
20151209140022017200080
20151209140122010900080
20151209140622027400080
20151209140922027100080
20151209170022028300080
20151209174022025410080
20151209174922024310080
20151209180022026600080
20151209180022011500080
20151209180022024400080
20151209180122027200080
20151209180122025500080
20151209180122027700080
20151209180122027700080
20151209180322024000080
20151209180422025700080
20151209180422006400080
20151209213122006110080
20151209213122025610080
20151209213722003910080
20151209213722008610080
20151209213722026710080
20151209213722024510080
20151209213822016610080
20151209213822027310080
20151209213822019610080
20151209213822026410080
20151209213822024610080
20151209214022009110080
20151209214022001010080
20151209214122004710080
20151209214122004410080
20151209214122020410080
20151209214122002810080
20151209214122019710080
20151209214122021910080
20151209214222020610080
20151209214222011610080
20151209214422005410080
20151209214422018210080
20151209214722001610080
20151209214722017310080
20151209220022014600080
20151209220022002100080
20151209220022010700080
20151209220022028000080
20151209220022027500080
20151209220022026200080
20151209220022007200080
20151209220022021000080
20151209220022024800080
20151209220022026500080
20151209220122026500080
20151209220122012100080
20151209220122026300080
20151209220122018000080
20151209220122001500080
20151209220222002300080
20151209220222008800080
20151209220422025200080
20151209220422011900080
20151209220522007300080
20151209220622012800080
20151209220822003200080
20151209221022004300080
20151209221122015900080
20151209221122020300080
20151209221522021800080
20151210052722025810080
20151210052722025810080
20151210053022017410080
20151210053122003510080
20151210053122002210080
20151210053122005510080
20151210053122017510080
20151210053222017910080
20151210053222004010080
20151210053322025310080
20151210053322016410080
20151210053322003310080
20151210053522014310080
20151210053522018710080
20151210054022025010080
20151210054122026110080
20151210054122010310080
20151210054122026910080
20151210054122005010080
20151210054122016510080
20151210054122005010080
20151210054122027610080
20151210054222006210080
20151210054522024210080
20151210054522016010080
20151210060022011600080
20151210060022001000080
20151210060022004700080
20151210060022008600080
20151210060022020900080
20151210060022018200080
20151210060022024300080
20151210060022026400080
20151210060022026700080
20151210060022002800080
20151210060022016600080
20151210060022004400080
20151210060022021900080
20151210060022025400080
20151210060022017300080
20151210060022017300080
20151210060022020600080
20151210060022019600080
20151210060022020400080
20151210060022009100080
20151210060022024500080
20151210060122020400080
20151210070522028210080
20151210071822009510080
20151210071822023210080
20151210072222028310080
20151210072422001710080
20151210072522014710080
20151210072622018810080
20151210072922013610080
20151210073022000110080
20151210073022027910080
20151210073022005610080
20151210073122000410080
20151210073222000510080
20151210073322028110080
20151210073422028410080
20151210073422027710080
20151210073522014210080
20151210073522023610080
20151210073522024010080
20151210073522021310080
20151210073522004510080
20151210073622022210080
20151210073622003710080
20151210073622004810080
20151210073722023110080
20151210073922009210080
20151210073922017710080
20151210073922011710080
20151210074022008710080
20151210074022011310080
20151210074022000610080
20151210074122025110080
20151210074222008910080
20151210074222023510080
20151210074222027810080
20151210074222000910080
20151210074222002010080
20151210074222005110080
20151210074222009310080
20151210074222018510080
20151210074222022010080
20151210074222012710080
20151210074322006410080
20151210074322028710080
20151210074322023410080
20151210074322029510080
20151210074422023910080
20151210074522021610080
20151210074522012410080
20151210074522020810080
20151210074522015510080
20151210074522011010080
20151210074522023310080
20151210074522028610080
20151210074622023710080
20151210074622026610080
20151210074622022610080
20151210074612036310080
20151210074822020710080
20151210074822019010080
20151210075022028510080
20151210075222006710080
20151210075222000310080
20151210075422022510080
20151210075422019110080
20151210075622010510080
20151210075622016810080
20151210075722023010080
20151210075722023010080
20151210075822029310080
20151210082222001210080
20151210093922027210080
20151210094522010910080
20151210094822027110080
20151210094822025910080
20151210100022027300080
20151210100022019700080
20151210100022001600080
20151210100022005400080
20151210100022006100080
20151210100022025600080
20151210100022003900080
20151210100022024600080
20151210132822004610080
20151210132822003110080
20151210132922020210080
20151210133122025510080
20151210133322014510080
20151210133422005710080
20151210133622011510080
20151210133622026010080
20151210133922002610080
20151210133922012010080
20151210133922018110080
20151210133922023810080
20151210134022027410080
20151210134222003010080
20151210134222009010080
20151210134222005910080
20151210134322019910080
20151210134422011110080
20151210134422011110080
20151210134522012210080
20151210134622021510080
20151210140022002200080
20151210140022004000080
20151210140022003500080
20151210140022017400080
20151210140022017900080
20151210140022018700080
20151210140022003300080
20151210140022026100080
20151210140022014300080
20151210140022010300080
20151210140022027600080
20151210140022016000080
20151210140022027600080
20151210140122016500080
20151210140122017500080
20151210140322006200080
20151210140322025000080
20151210140322025800080
20151210140322025800080
20151210140422005000080
20151210165422024410080
20151210170022012400080
20151210170022023200080
20151210170022013600080
20151210170022005500080
20151210170022027700080
20151210170022023100080
20151210170022028400080
20151210170022004800080
20151210170022009200080
20151210170122018500080
20151210170122023300080
20151210170122023700080
20151210170122021300080
20151210170122011700080
20151210170122028600080
20151210170222023500080
20151210170222022200080
20151210170222002000080
20151210170222014200080
20151210170322024000080
20151210170422004500080
20151210170422023000080
20151210170522006700080
20151210170722028100080
20151210170722029300080
20151210170922029500080
20151210170922028700080
20151210170922010500080
20151210172122022500080
20151210172222008700080
20151210172722000600080
20151210172822009300080
20151210172922005100080
20151210173522025710080
20151210174422019100080
20151210174922020700080
20151210175022016800080
20151210175222000900080
20151210180022023400080
20151210180022016400080
20151210180022025300080
20151210180022024200080
20151210180322026900080
20151210180722027900080
20151210181222021600080
20151210181422008900080
20151210182612036300080
20151210183922011000080
20151210184822017700080
20151210184822019000080
20151210190022001210080
20151210190022001200080
20151210190022028200080
20151210190122014700080
20151210190122025100080
20151210190222000500080
20151210190222009500080
20151210190422022000080
20151210190822005600080
20151210191922001700080
20151210200022003800080
20151210200022003700080
20151210200022023600080
20151210200022026600080
20151210200022027800080
20151210200122018800080
20151210200122028300080
20151210200122022600080
20151210200122011300080
20151210200222000400080
20151210200222020800080
20151210200322000300080
20151210200322012700080
20151210200822000100080
20151210213122026310080
20151210213322026210080
20151210213622025210080
20151210213722012810080
20151210213722026510080
20151210213722026510080
20151210214022001510080
20151210214022002110080
20151210214022003210080
20151210214022028010080
20151210214222014610080
20151210214222010710080
20151210214222007310080
20151210214222018010080
20151210214422027510080
20151210214722015910080
20151210214822020910080
20151210214822011910080
20151210214822021810080
20151210214822002310080
20151210214922008810080
20151210214922004310080
20151210215422020310080
20151210215422012110080
20151210215422024810080
20151210220022012200080
20151210220022002600080
20151210220022005900080
20151210220022019900080
20151210220022018100080
20151210220022011500080
20151210220022003100080
20151210220022025500080
20151210220022012000080
20151210220022009000080
20151210220022021500080
20151210220022005700080
20151210220022011100080
20151210220022027400080
20151210220022027200080
20151210220022020200080
20151210220022025900080
20151210220022026000080
20151210220122014500080
20151210220222004600080
20151210220222010900080
20151210220222003000080
20151210220422023800080
20151210221322021010080
20151210221522017200080
20151210221522027100080
20151211015822021110080
20151211053022003510080
20151211053022002210080
20151211053022016410080
20151211053022003310080
20151211053422017510080
20151211053522017910080
20151211053622004010080
20151211053722026110080
20151211053722014310080
20151211053922017410080
20151211053922016510080
20151211054022024210080
20151211054022027610080
20151211054022005010080
20151211054022026810080
20151211054022010310080
20151211054022025810080
20151211054022006210080
20151211054122025010080
20151211054522018710080
20151211054722016010080
20151211055022025310080
20151211060022010700080
20151211060022008800080
20151211060022025700080
20151211060022020300080
20151211060022012800080
20151211060022007200080
20151211060122026500080
20151211060122026500080
20151211060122025200080
20151211060122014600080
20151211060222001500080
20151211060222002300080
20151211060222024800080
20151211060222018000080
20151211060222021000080
20151211060222011900080
20151211060222020900080
20151211060322007300080
20151211060322004300080
20151211060322026310080
20151211060522012100080
20151211061022027500080
20151211062722024400080
20151211063822003200080
20151211065322028210080
20151211065322028210080
20151211070922006710080
20151211071422009510080
20151211072122000410080
20151211072112036310080
20151211072222023210080
20151211072322013610080
20151211073022014710080
20151211073022001710080
20151211073022018810080
20151211073222028310080
20151211073322000110080
20151211073422005610080
20151211073622023610080
20151211073622027710080
20151211073622028110080
20151211073622000510080
20151211073722020710080
20151211073722009210080
20151211073822003710080
20151211073822004510080
20151211073922020810080
20151211073922023110080
20151211073922011710080
20151211074022004810080
20151211074022000610080
20151211074022011310080
20151211074022002010080
20151211074022022210080
20151211074122018510080
20151211074122009310080
20151211074122023410080
20151211074122008710080
20151211074122029510080
20151211074322027910080
20151211074322008910080
20151211074322012710080
20151211074422005310080
20151211074422003810080
20151211074422014210080
20151211074422028410080
20151211074422024010080
20151211074522012410080
20151211074622023510080
20151211074622027810080
20151211074622027810080
20151211074622025110080
20151211074622028510080
20151211074722028710080
20151211074822021610080
20151211074922000910080
20151211075022005110080
20151211075022022510080
20151211075022026610080
20151211075122006410080
20151211075122023310080
20151211075122028610080
20151211075122022010080
20151211075122000310080
20151211075122019110080
20151211075122023710080
20151211075122019010080
20151211075222005210080
20151211075322010510080
20151211075422029310080
20151211075422022610080
20151211075422002410080
20151211075622011010080
20151211075622016810080
20151211075622023010080
2015120909240930928310070
2015120909281130436010070
2015120909290930117210070
2015120909290930929010070
2015120909290921211610070
2015120909291081217910070
2015120909300950947610070
2015120909300930116910070
2015120909310930118910070
2015120909311070714310070
2015120909320940735910070
2015120909330950662810070
2015120909361090621010070
2015120909360950948410070
2015120909370921213610070
2015120909371120333410070
2015120909390921213110070
2015120909401051109610070
2015120909480981203810070
2015120910000950946800070
2015120910000950946800070
2015120910020960352200070
2015120910031110830800070
2015120910031110830800070
2015120912071100626100070
2015120913250960251710070
2015120913330940837410070
2015120913330940837410070
2015120913360950745210070
2015120913380930524310070
2015120913390950949010070
2015120913410950946610070
2015120913410950946610070
2015120913420960352710070
2015120913420931032710070
2015120913431070714410070
2015120913431070714410070
2015120913460950947510070
2015120914010940735900070
2015120914021051109600070
2015120914020930116300070
2015120914020930116300070
2015120914020931031500070
2015120914031120333100070
2015120914030930929000070
2015120914030930928300070
2015120914030930928300070
2015120916311111031400070
2015120916311111031400070
2015120916311111031400070
2015120916311111031400070
2015120917000930929300070
2015120917000930929300070
2015120917000930115600070
2015120917000930115600070
2015120917020950543300070
2015120917020950543300070
2015120917022805201500070
2015120917022805201500070
2015120917020930524200070
2015120917020930524200070
2015120917030950662800070
2015120917031100124300070
2015120917031100124300070
2015120917030960151100070
2015120917041130436000070
2015120917121070714300070
2015120917120960454000070
2015120919481130335800070
2015120921210960352210070
2015120921210960352210070
2015120921300930118610070
2015120921300930118610070
2015120921302401201410070
2015120921321060711710070
2015120921320931030210070
2015120921340930524710070
2015120921340930524710070
2015120921360940837310070
2015120921380960251810070
2015120921411120333810070
2015120921411120333810070
2015120921430981203710070
2015120921431100425510070
2015120921431100425610070
2015120921441081117110070
2015120921440930422110070
2015120921461060712210070
2015120921461060712210070
2015120921481091123610070
2015120921491111232010070
2015120921510950946810070
2015120921521110830810070
2015120921521110830810070
2015120922030960251700070
2015120922030960251700070
2015120922040940837400070
2015121005331090620610070
2015121005360930524810070
2015121005360930524810070
2015121005360930524810070
2015121005380950663110070
2015121005380950663110070
2015121005380950945810070
2015121005380950945810070
2015121005381110328810070
2015121005391110629810070
2015121005391110629810070
2015121005401060210510070
2015121005410960453810070
2015121005410960453810070
2015121005411060711810070
2015121005430950947710070
2015121005430950947710070
2015121005430931030510070
2015121005441120735210070
2015121005451120634610070
2015121005450940837010070
2015121005480980366710070
2015121005510960655910070
2015121005521110830510070
2015121006000930117500070
2015121006000930117500070
2015121006002704201400070
2015121006011060711700070
2015121006041100626100070
2015121006041091123600070
2015121006040960352200070
2015121006060930525210070
2015121006461120333100070
2015121006570931233810070
2015121006570941239300070
2015121007080930320310070
2015121007100930662300070
2015121007150930827610070
2015121007190960150910070
2015121007200960150910070
2015121007231111031210070
2015121007240911102110070
2015121007240911102110070
2015121007240931030710070
2015121007241090419910070
2015121007250921212810070
2015121007270930114410070
2015121007271021005510070
2015121007280950744610070
2015121007291090822210070
2015121007301111131610070
2015121007320940836710070
2015121007332805201510070
2015121007340950662210070
2015121007341140436710070
2015121007340930320610070
2015121007360931234210070
2015121007360920605610070
2015121007370960655510070
2015121007371130436010070
2015121007371070714310070
2015121007371021005610070
2015121007370930116010070
2015121007371090419610070
2015121007390940736010070
2015121007390940736010070
2015121007390930928810070
2015121007391090419510070
2015121007400930115010070
2015121007400930115010070
2015121007410930524210070
2015121007410930115710070
2015121007410930115910070
2015121007411090419010070
2015121007410930827410070
2015121007410930827410070
2015121007410930422210070
2015121007410930421310070
2015121007410930219810070
2015121007410931233710070
2015121007410950663010070
2015121007410921213710070
2015121007420950542610070
2015121007420921211710070
2015121007420921211710070
2015121007420931031010070
2015121007420930929710070
2015121007441140836810070
2015121007440941038310070
2015121007450930928510070
2015121007451120835410070
2015121007450931234410070
2015121007451100727010070
2015121007451100224410070
2015121007450921212710070
2015121007451150337210070
2015121007460931234010070
2015121007461090621110070
2015121007460930626010070
2015121007460960252110070
2015121007461081117410070
2015121007461100425910070
2015121007460950543310070
2015121007461100626410070
2015121007461020905010070
2015121007470930116410070
2015121007471091223910070
2015121007480930929310070
2015121007480930929310070
2015121007480930117410070
2015121007480931031210070
2015121007491061212910070
2015121007491061212910070
2015121007491100425110070
2015121007491111031310070
2015121007490930421210070
2015121007510930115610070
2015121007520921213310070
2015121007520931133210070
2015121007531100626610070
2015121007540920604510070
2015121007550931133510070
2015121007550950644210070
2015121007560920605110070
2015121007560941258510070
2015121007570951150410070
2015121007570951150410070
2015121007590950543110070
2015121007590930727210070
2015121008200931234110070
2015121008501120634910070
2015121009441100626910070
2015121009441110629610070
2015121009450950948410070
2015121009450950663210070
2015121009450950947610070
2015121009451060712010070
2015121009460981203810070
2015121009460981203810070
2015121009470950359210070
2015121009481110629910070
2015121009481110629910070
2015121009590951050010070
2015121010030931030200070
2015121013290930929010070
2015121013340940735910070
2015121013390930928310070
2015121013390930928310070
2015121013394110201510070
2015121013394110201510070
2015121013401120333710070
2015121013440950662910070
2015121013440950662910070
2015121013441051109610070
2015121013441040407710070
2015121014010980366710070
2015121014030950663100070
2015121014040950663100070
2015121014040940837000070
2015121014040960453800070
2015121014050930524800070
2015121014050930524800070
2015121014060930524800070
2015121017001081117300070
2015121017000930929300070
2015121017000930929300070
2015121017011110629800070
2015121017011110629800070
2015121017010930320600070
2015121017010930928500070
2015121017010930428000070
2015121017021110830600070
2015121017020930928800070
2015121017020930524200070
2015121017030930116400070
2015121017030931030700070
2015121017030911102100070
2015121017030921212800070
2015121017030930116000070
2015121017040931234200070
2015121017040960252100070
2015121017040930117400070
2015121017041120634900070
2015121017051140836800070
2015121017051150337200070
2015121017051080315000070
2015121017051090822200070
2015121017050941239300070
2015121017050930929700070
2015121017051100626400070
2015121017060921213300070
2015121017060940836700070
2015121017061100224400070
2015121017061140636700070
2015121017061140636700070
2015121017070950744600070
2015121017081130335800070
2015121017080920605100070
2015121017091100425200070
2015121017091100425200070
2015121017101051009200070
2015121017130931030600070
2015121017171100425900070
2015121017201020905000070
2015121017251090520400070
2015121017341100425100070
2015121017340931233900070
2015121017360960655500070
2015121017361061212900070
2015121017361061212900070
2015121017390921213610070
2015121017400930117210070
2015121017550920604500070
2015121018131130436000070
2015121018170931233800070
2015121018240930422200070
2015121018250960655900070
2015121018291090419900070
2015121019080950663000070
2015121019080950663000070
2015121020010930421200070
2015121020010930421400070
2015121020060930114400070
2015121020080931234100070
2015121020441091223900070
2015121021400950949010070
2015121021420940837410070
2015121021420940837410070
2015121021430921212010070
2015121021430921212010070
2015121021440921211610070
2015121021440950745210070
2015121021441120333210070
2015121021450930524310070
2015121021461090621010070
2015121021470931032710070
2015121021470960352710070
2015121021470950946610070
2015121021470930116910070
2015121021481081217910070
2015121021480930118910070
2015121021480971266110070
2015121021491111232310070
2015121021500950948710070
2015121021500950948710070
2015121021500960251710070
2015121021510950947510070
2015121021510950947510070
2015121021511020604310070
2015121022000940735900070
2015121022011040407700070
2015121022020950663200070
2015121022021051109600070
2015121022030930928300070
2015121022030930928300070
2015121022044110201500070
2015121022044110201500070
2015121022040930116300070
2015121022040930116300070
2015121022060931031500070
2015121023591090419000070
2015121105320980366710070
2015121105340950663110070
2015121105340950663110070
2015121105361110328810070
2015121105360950947710070
2015121105360950947710070
2015121105371090620610070
2015121105370941239710070
2015121105390950543210070
2015121105390950543210070
2015121105390950945810070
2015121105390950945810070
2015121105401120735210070
2015121105400931031610070
2015121105401060210510070
2015121105410930524810070
2015121105410930524810070
2015121105410930524810070
2015121105411111232110070
2015121105411111232110070
2015121105410931030510070
2015121105410931030510070
2015121105451120634610070
2015121105450940837010070
2015121105450950949410070
2015121105490960655910070
2015121106010930118900070
2015121106011070714400070
2015121106021120333400070
2015121106050960251700070
2015121106100930525210070
2015121106410931233810070
2015121106550941239310070
2015121107031090419910070
2015121107130950744610070
2015121107230941038310070
2015121107250930827610070
2015121107251130436010070
2015121107281111031210070
2015121107290911102110070
2015121107290911102110070
2015121107291111131610070
2015121107290931030710070
2015121107290930115510070
2015121107290930219910070
2015121107300920605610070
2015121107300930662310070
2015121107310930320310070
2015121107311090822210070
2015121107311100425210070
2015121107311100425210070
2015121107310930114410070
2015121107321100425110070
2015121107321100425110070
2015121107330940836710070
2015121107350930428010070
2015121107350931234210070
2015121107362805201510070
2015121107362805201510070
2015121107370930320610070
2015121107380930116010070
2015121107391090520410070
2015121107390930115710070
2015121107390920604510070
2015121107390931233710070
2015121107390950663010070
2015121107400941138910070
2015121107400920605110070
2015121107400921212810070
2015121107411090419010070
2015121107410930219810070
2015121107410950542610070
2015121107411090419510070
2015121107411090822110070
2015121107421140836810070
2015121107420930929710070
2015121107420930827410070
2015121107420930827410070
2015121107430930115010070
2015121107430930115010070
2015121107431021005610070
2015121107430931234010070
2015121107431100224410070
2015121107431090418710070
2015121107431080315010070
2015121107440940736010070
2015121107440940736010070
2015121107441081016810070
2015121107440930115910070
2015121107440950543310070
2015121107441081117410070
2015121107440930116410070
2015121107441081117210070
2015121107450950662810070
2015121107450960454010070
2015121107450930524210070
2015121107451100727010070
2015121107461140636710070
2015121107461140636710070
2015121107461090721710070
2015121107461090721710070
2015121107461100626410070
2015121107460930929310070
2015121107460931234410070
2015121107460960856110070
2015121107460931031010070
2015121107460960555310070
2015121107471091223910070
2015121107470930117410070
2015121107480930421310070
2015121107480930422210070
2015121107480930929310070
2015121107480930929310070
2015121107490930928510070
2015121107491020905010070
2015121107501090419310070
2015121107500930421410070
2015121107511150337110070
2015121107520931031210070
2015121107520931031210070
2015121107520960252110070
2015121107550930115610070
2015121107560921213310070
2015121107570950543110070
2015121107581061212910070
2015121107581061212910070
2015121107581100626610070
2015121107590950644210070
2015121107591120835410070
2015121108210931234110070
2015121108240920604210070
2015121108501120634910070
2015121109020930626010070
2015120909201111232310060
2015120909240950948610060
2015120909321090318410060
2015120909350950662810060
2015120909370950662710060
2015120909370950662710060
2015120909371101228110060
2015120909380930524610060
2015120909390950948410060
2015120909390950948010060
2015120909400930116310060
2015120909400930116310060
2015120909410930525110060
2015120909410930525110060
2015120909451101228310060
2015120909451101228310060
2015120909460931031510060
2015120909511090318210060
2015120909511090318210060
2015120909510950948710060
2015120909510950948710060
2015120909511120333210060
2015120909511120333210060
2015120909511081218010060
2015120910000930118600060
2015120910000930118600060
2015120910001100425500060
2015120910001100425500060
2015120910001120333800060
2015120910001120333800060
2015120910000921211100060
2015120910000931030200060
2015120910001100626800060
2015120910000930117000060
2015120910000930117000060
2015120910002704201400060
2015120910000960655800060
2015120910000960655800060
2015120910001100425600060
2015120910000960251800060
2015120910000960251800060
2015120910000981203700060
2015120910001091123600060
2015120910001060712200060
2015120910001111232000060
2015120910000950949300060
2015120910010950945900060
2015120910010930422100060
2015120910010930524700060
2015120910010930524700060
2015120910010960251900060
2015120910010960251900060
2015120910021060711700060
2015120910021060110200060
2015120910021081117100060
2015120910021081117100060
2015120910030941038600060
2015120910030941038600060
2015120910030960251500060
2015120910070940837300060
2015120910070940837300060
2015120913400971266110060
2015120913410921212010060
2015120913410921212010060
2015120913440921213010060
2015120913440960352710060
2015120913471020604310060
2015120914000950948400060
2015120914000950948400060
2015120914020950948000060
2015120914020950948600060
2015120914020981203800060
2015120914040970364400060
2015120914040970364400060
2015120914040930524600060
2015120914111090318200060
2015120914111090318200060
2015120914111101228300060
2015120914111101228300060
2015120917050950662800060
2015120917051100124300060
2015120917051100124300060
2015120917051100124300060
2015120917061130436000060
2015120917060940736000060
2015120917060940736000060
2015120917151070714300060
2015120917150960454000060
2015120917360930117510060
2015120917360930117510060
2015120918000950947600060
2015120919501130335800060
2015120920141150337100060
2015120921360950945910060
2015120921400970364410060
2015120921401120333110060
2015120921400941038610060
2015120921400941038610060
2015120921421100626810060
2015120921420930117010060
2015120921461100626110060
2015120921490960251510060
2015120921500960251910060
2015120921500960251910060
2015120922001081217900060
2015120922001120333400060
2015120922000931032700060
2015120922000930116900060
2015120922001111232300060
2015120922000950745200060
2015120922000950949000060
2015120922000930118900060
2015120922000950948700060
2015120922000921213600060
2015120922000921213100060
2015120922000921211600060
2015120922000930524300060
2015120922000950947500060
2015120922000921213000060
2015120922001090621000060
2015120922001101228100060
2015120922001120634500060
2015120922000950662700060
2015120922001020604300060
2015120922000921212000060
2015120922000930117200060
2015120922001120333200060
2015120922001081218000060
2015120922001081218000060
2015120922001120333200060
2015120922000930525100060
2015120922000930525100060
2015120922011090318400060
2015120922020950946600060
2015120922020950946600060
2015120922021070714400060
2015120922020971266100060
2015120922020960352700060
2015121005351090620610060
2015121005380930524810060
2015121005390930524810060
2015121005390930524810060
2015121005390941239710060
2015121005391120634310060
2015121005391120634310060
2015121005391120634310060
2015121005400950542810060
2015121005400950542810060
2015121005401110328810060
2015121005411120634810060
2015121005411120634810060
2015121005451111232210060
2015121005450941038710060
2015121005451111232110060
2015121005451111232110060
2015121005470950949410060
2015121005480950543210060
2015121005480950543210060
2015121005500950946310060
2015121005500950946310060
2015121005510921212310060
2015121006001081117100060
2015121006001081117100060
2015121006010930422100060
2015121006011100425600060
2015121006011060712200060
2015121006010981203700060
2015121006020950946800060
2015121006020950946800060
2015121006022401201400060
2015121006021110830800060
2015121006021110830800060
2015121006020940837300060
2015121006020940837300060
2015121006020941038600060
2015121006020941038600060
2015121006031100425500060
2015121006031100425500060
2015121006030960251500060
2015121006030970364400060
2015121006030970364400060
2015121006040930118600060
2015121006051100626800060
2015121006050950949300060
2015121006051111232000060
2015121006051120333800060
2015121006051120333800060
2015121006061091123600060
2015121006121060110200060
2015121007170931233910060
2015121007180930827610060
2015121007181081117510060
2015121007181081117510060
2015121007231110329010060
2015121007231110329010060
2015121007251120232710060
2015121007251150337110060
2015121007251110328910060
2015121007261060611410060
2015121007260971165510060
2015121007260980366810060
2015121007260931030710060
2015121007281090418810060
2015121007291051009210060
2015121007291110329210060
2015121007290930114410060
2015121007311020905210060
2015121007320930428010060
2015121007320930115510060
2015121007341080315010060
2015121007341061213110060
2015121007350960151110060
2015121007361090418510060
2015121007361140436710060
2015121007372804201410060
2015121007380931234210060
2015121007391020303810060
2015121007391130436010060
2015121007410930421610060
2015121007411090419510060
2015121007411090419510060
2015121007421040107310060
2015121007430930524210060
2015121007430930523710060
2015121007430930523710060
2015121007440931030910060
2015121007441100124310060
2015121007441100124310060
2015121007441100124310060
2015121007440930928410060
2015121007440930928410060
2015121007440951049710060
2015121007441150437410060
2015121007440960856110060
2015121007440960555310060
2015121007440961056510060
2015121007461090520410060
2015121007471090418610060
2015121007471090418610060
2015121007481081117210060
2015121007481090621110060
2015121007480931234010060
2015121007480940735710060
2015121007481111031410060
2015121007480960151310060
2015121007490930827510060
2015121007490930321010060
2015121007520930421210060
2015121007540930421410060
2015121007560931032510060
2015121007571090721710060
2015121007571090721710060
2015121007591020303710060
2015121009400931031510060
2015121009421060712310060
2015121009431090318210060
2015121009431090318210060
2015121009451101228310060
2015121009451101228310060
2015121009471100927210060
2015121009490950360410060
2015121009490930116310060
2015121009490930116310060
2015121010000960655800060
2015121010000960655800060
2015121010010960251800060
2015121010040930524700060
2015121010040930524700060
2015121010050960251900060
2015121010050960251900060
2015121010050950945900060
2015121010060930117000060
2015121010060930117000060
2015121013391120735310060
2015121013391120735310060
2015121013410950948610060
2015121013491081217710060
2015121013491081217710060
2015121013500930524610060
2015121014000950543200060
2015121014000950543200060
2015121014001110328800060
2015121014001110328800060
2015121014010941038700060
2015121014021120735200060
2015121014080930524800060
2015121014080930524800060
2015121014080930524800060
2015121014080941239700060
2015121016480930525110060
2015121017000950949400060
2015121017000950949400060
2015121017001111232200060
2015121017001111232200060
2015121017010921211700060
2015121017010921211700060
2015121017010931234000060
2015121017010931234000060
2015121017010931233700060
2015121017011111131800060
2015121017011090419500060
2015121017011090419500060
2015121017011090620600060
2015121017011060711800060
2015121017011120634800060
2015121017011120634600060
2015121017011110830500060
2015121017010950644200060
2015121017021111232100060
2015121017021111232100060
2015121017021081117400060
2015121017020941038300060
2015121017021081117200060
2015121017030930827400060
2015121017032805201500060
2015121017032805201500060
2015121017031090419600060
2015121017031120634300060
2015121017031120634300060
2015121017031120634300060
2015121017030950543100060
2015121017030930115700060
2015121017030930428000060
2015121017031090419400060
2015121017031090419400060
2015121017040950662800060
2015121017041110830600060
2015121017040930928800060
2015121017040930524200060
2015121017041090621100060
2015121017040930727200060
2015121017041100626300060
2015121017051100727000060
2015121017050931030900060
2015121017050960151300060
2015121017052804201400060
2015121017050940736000060
2015121017050940736000060
2015121017051060210500060
2015121017051100124300060
2015121017051100124300060
2015121017051100124300060
2015121017050980366800060
2015121017050931030700060
2015121017051110329000060
2015121017050951150400060
2015121017050911102100060
2015121017050911102100060
2015121017060981267700060
2015121017060981267700060
2015121017061090721700060
2015121017060930523700060
2015121017060930523700060
2015121017060960151200060
2015121017060960150900060
2015121017060960151000060
2015121017060960252100060
2015121017060930115000060
2015121017060930115000060
2015121017071120835400060
2015121017070920604400060
2015121017081150437400060
2015121017080930115500060
2015121017081110329200060
2015121017080931032500060
2015121017081100626600060
2015121017081090418500060
2015121017080931133200060
2015121017091090418700060
2015121017101090418600060
2015121017101090418600060
2015121017101110830900060
2015121017101110830900060
2015121017111090418800060
2015121017150920605600060
2015121017271090520400060
2015121017270930827600060
2015121017270930827600060
2015121017281110328900060
2015121017281090419300060
2015121017300940836400060
2015121017310951049700060
2015121017310950542600060
2015121017320921213700060
2015121017341020905200060
2015121017341020303800060
2015121017351090621300060
2015121017350930421300060
2015121017361111031300060
2015121017370930928400060
2015121017441081016100060
2015121017440921213110060
2015121017440921213110060
2015121017570961056500060
2015121018001060712300060
2015121018001060712300060
2015121018000950946300060
2015121018000950946300060
2015121018020950947700060
2015121018020950947700060
2015121018030960454000060
2015121018050921212300060
2015121018050921212300060
2015121018050950945800060
2015121018050950945800060
2015121018050931030500060
2015121018050931030500060
2015121018060931031000060
2015121018130950542800060
2015121018130950542800060
2015121018151130436000060
2015121018220950543300060
2015121018270930219800060
2015121018411090721600060
2015121018470930626000060
2015121019050930115600060
2015121019050930115600060
2015121019111070714300060
2015121019200941258500060
2015121020030930421200060
2015121020030930421400060
2015121020040930421600060
2015121020051111031400060
2015121020051111031400060
2015121020051111031400060
2015121020050931031200060
2015121020050931031200060
2015121020080930114400060
2015121020091150337100060
2015121020100931234100060
2015121020100930115900060
2015121020320960151100060
2015121020330960151100060
2015121020461091223900060
2015121021360921213010060
2015121021410950662710060
2015121021410950662710060
2015121021441081218010060
2015121021441120333410060
2015121021460930117510060
2015121021460930117510060
2015121021461101228110060
2015121021461120333210060
2015121021490960352710060
2015121021501090318410060
2015121021541070714410060
2015121022020950948600060
2015121022020950662900060
2015121022020950662900060
2015121022031120735300060
2015121022031120735300060
2015121022031040407700060
2015121022040950948400060
2015121022040950947600060
2015121022041110629900060
2015121022041110629900060
2015121022041060711900060
2015121022041060712000060
2015121022041110629600060
2015121022051090318200060
2015121022051090318200060
2015121022051101228300060
2015121022051101228300060
2015121022051120634400060
2015121022051120634400060
2015121022050930929000060
2015121022050930929000060
2015121022061081217700060
2015121022061081217700060
2015121022060930524600060
2015121022060950946700060
2015121022061100927200060
2015121022150951050000060
2015121022150981203800060
2015121022340971165500060
2015121022341120232700060
2015121100010930827500060
2015121100011081117500060
2015121100011081117500060
2015121105250960251510060
2015121105350950542810060
2015121105350950542810060
2015121105381110328810060
2015121105391090620610060
2015121105401060712310060
2015121105401120634310060
2015121105401120634310060
2015121105410950543210060
2015121105410950543210060
2015121105411120634810060
2015121105411120634810060
2015121105430930524810060
2015121105430930524810060
2015121105430930524810060
2015121105460941038710060
2015121105460960453810060
2015121105460960453810060
2015121105471060711810060
2015121105490921212310060
2015121105490950946310060
2015121105501111232210060
2015121106001081217900060
2015121106000950949000060
2015121106000930116900060
2015121106000930525100060
2015121106001111232300060
2015121106000931032700060
2015121106001090621000060
2015121106000921213600060
2015121106001081218000060
2015121106001120634500060
2015121106000950662700060
2015121106000950662700060
2015121106001020604300060
2015121106010921211600060
2015121106010930117200060
2015121106010950745200060
2015121106020960352700060
2015121106020971266100060
2015121106020921213100060
2015121106021101228100060
2015121106020921213000060
2015121106030950948700060
2015121106041120333200060
2015121106041120333200060
2015121106040940837400060
2015121106040940837400060
2015121106051090318400060
2015121107151110329010060
2015121107151110329010060
2015121107270930827610060
2015121107271130436010060
2015121107311120232710060
2015121107310980366810060
2015121107311130335810060
2015121107310931030710060
2015121107311110329210060
2015121107340930114410060
2015121107351111031310060
2015121107361021005510060
2015121107361051009210060
2015121107360960151110060
2015121107371110328910060
2015121107390930928410060
2015121107390931133210060
2015121107402804201410060
2015121107411090419610060
2015121107411090520410060
2015121107410930523710060
2015121107420930523710060
2015121107420931030910060
2015121107421020303810060
2015121107420960353610060
2015121107420960353610060
2015121107430960151210060
2015121107431090419510060
2015121107441090419510060
2015121107441081117310060
2015121107441040107310060
2015121107450960151310060
2015121107451090418610060
2015121107451090418610060
2015121107450931234010060
2015121107461090419410060
2015121107460940735710060
2015121107461111031410060
2015121107460930115910060
2015121107471081117210060
2015121107470950662810060
2015121107470960454010060
2015121107470930524210060
2015121107470930421610060
2015121107471150437410060
2015121107480930321010060
2015121107490930421210060
2015121107490930421210060
2015121107500921213710060
2015121107531081117510060
2015121107541061213110060
2015121107550931032510060
2015121107550960252110060
2015121108031090418810060
