20151220093922011510080
20151220094022003010080
20151220094022012210080
20151220094122012710080
20151220094122010910080
20151220095622019910080
20151220100322010700080
20151220100322003200080
20151220120122006400080
20151220132722005910080
20151220133522025510080
20151220134122004610080
20151220134422011110080
20151220134422011110080
20151220134522025710080
20151220134522027110080
20151220134522012010080
20151220134522023810080
20151220134522025910080
20151220134522002610080
20151220134522024410080
20151220134522026010080
20151220134922027410080
20151220140122014300080
20151220140122014400080
20151220140122002200080
20151220140222025800080
20151220140222005500080
20151220140222021100080
20151220140322005000080
20151220140322010300080
20151220140322004000080
20151220140322026800080
20151220140422018700080
20151220140422016000080
20151220140422026800080
20151220140422024200080
20151220140722027000080
20151220140822027600080
20151220140922005710080
20151220140922026900080
20151220143522027000080
20151220170022028300080
20151220170022023900080
20151220170122025100080
20151220170122028200080
20151220173522018110080
20151220174522020310080
20151220174522017210080
20151220174622024810080
20151220174622001510080
20151220174622021010080
20151220174622009010080
20151220175022021810080
20151220175022021810080
20151220180022016400080
20151220180022004900080
20151220180022003500080
20151220180022017500080
20151220180122025300080
20151220180122025000080
20151220180222006200080
20151220180222017400080
20151220180222026100080
20151220180322017500080
20151220190522027700080
20151220193422021600080
20151220193522028700080
20151220200022012700080
20151220202422003800080
20151220202622023300080
20151220210122023700080
20151220213722027510080
20151220213722026210080
20151220213722026210080
20151220213722007210080
20151220214122028010080
20151220214322012110080
20151220214622008810080
20151220214622011910080
20151220214622003210080
20151220214622002110080
20151220214822012810080
20151220215022024910080
20151220215022025210080
20151220215022026510080
20151220215022026510080
20151220215022026510080
20151220215122002310080
20151220215222010710080
20151220215222014610080
20151220215622015910080
20151220220022012200080
20151220220022005900080
20151220220022010900080
20151220220022025900080
20151220220022014500080
20151220220122011100080
20151220220122025700080
20151220220122027200080
20151220220122025500080
20151220220222002600080
20151220220222019900080
20151220220222005700080
20151220220222011500080
20151220220222027100080
20151220220222023800080
20151220220222027400080
20151220220222003000080
20151220220322021500080
20151220220422012000080
20151220220622004600080
20151221053222017510080
20151221053222017910080
20151221053322004010080
20151221053422027010080
20151221053522003510080
20151221053522002210080
20151221053522005510080
20151221053722016410080
20151221053722003310080
20151221054122014310080
20151221054122026910080
20151221054122026110080
20151221054222026810080
20151221054222014410080
20151221054222025810080
20151221054222025310080
20151221054222025810080
20151221054222025010080
20151221054322017410080
20151221054322024210080
20151221054422016510080
20151221054422006210080
20151221055122021110080
20151221055122018710080
20151221055222005010080
20151221055422016010080
20151221055722027610080
20151221060022020300080
20151221060022024900080
20151221060022026200080
20151221060022018100080
20151221060022007200080
20151221060122024800080
20151221060122012800080
20151221060122001500080
20151221060122021000080
20151221060122026500080
20151221060122026500080
20151221060222003200080
20151221060222010700080
20151221060322009000080
20151221060322017200080
20151221060322011900080
20151221060322024400080
20151221060322026000080
20151221060322012100080
20151221060422008800080
20151221060422025200080
20151221060422015900080
20151221060522014600080
20151221060522002300080
20151221060522002300080
20151221060522027500080
20151221061622028000080
20151221064122021800080
20151221064122021800080
20151221070422006710080
20151221071122013610080
20151221071722028210080
20151221071722028210080
20151221072122027910080
20151221072422000410080
20151221072622023210080
20151221072722009510080
20151221073022001710080
20151221073022018810080
20151221073722027710080
20151221073722024010080
20151221073722023610080
20151221073722003710080
20151221073722022210080
20151221073722009210080
20151221073722004510080
20151221073722011710080
20151221073822011310080
20151221073822000610080
20151221073922000110080
20151221074122028410080
20151221074122005310080
20151221074122002010080
20151221074122008710080
20151221074122022010080
20151221074222018510080
20151221074222029510080
20151221074222023410080
20151221074222009310080
20151221074322014210080
20151221074322012410080
20151221074422023910080
20151221074522028110080
20151221074722025110080
20151221074722027810080
20151221074722008910080
20151221074722028310080
20151221074922001210080
20151221075022012710080
20151221075022026610080
20151221075022023310080
20151221075022023710080
20151221075022006410080
20151221075122028610080
20151221075122005110080
20151221075122000310080
20151221075122028710080
20151221075322005210080
20151221075422021610080
20151221075422015510080
20151221075422020810080
20151221075422022610080
20151221075422005610080
20151221075522021310080
20151221075522021310080
20151221075722028510080
20151221075722002410080
20151221075822019010080
20151221075822011010080
20151221075822011010080
20151221075822011010080
20151221075922003810080
20151221075922023010080
20151221075922016810080
20151221075922017710080
20151221081122023110080
2015122009490950745010070
2015122010001101228100070
2015122010001120333400070
2015122010000930524300070
2015122010000921213600070
2015122013331060712010070
2015122013351110629610070
2015122013370950663210070
2015122013401051109610070
2015122013510950948010070
2015122013520930929010070
2015122014000980366700070
2015122014001070714400070
2015122014001060712300070
2015122014001060712300070
2015122014001120735200070
2015122014000930118100070
2015122014000930118100070
2015122014001110629800070
2015122014001110629800070
2015122014010940837400070
2015122014010940837400070
2015122014050931031600070
2015122014060940735900070
2015122014180941239700070
2015122014191111232100070
2015122014191111232100070
2015122014191110830500070
2015122014191090620600070
2015122015330950662800070
2015122017001070714300070
2015122017000930929300070
2015122017000931030700070
2015122017010930524200070
2015122017012805201500070
2015122017012805201500070
2015122017061100124300070
2015122017321120333710070
2015122017330930116910070
2015122017331120333210070
2015122017331120333210070
2015122017340950662710070
2015122017340950662710070
2015122017350930119010070
2015122017350950948710070
2015122017360950948710070
2015122017440950948410070
2015122017440921213110070
2015122017510971266110070
2015122018000950543200070
2015122018000950543200070
2015122018001120634600070
2015122018001120634300070
2015122018001120634300070
2015122018000941038700070
2015122018001060711800070
2015122018001060210500070
2015122018000950945800070
2015122018000950945800070
2015122018001111232200070
2015122018000921212300070
2015122018030950663100070
2015122018030950663100070
2015122018090950947700070
2015122018090950947700070
2015122018150930524800070
2015122018150930524800070
2015122021360960251710070
2015122021391101228110070
2015122021410921213610070
2015122021411120333410070
2015122021420940837410070
2015122021420940837410070
2015122021430921211610070
2015122021430930524310070
2015122021441070714410070
2015122021441070714410070
2015122021490950949010070
2015122021501081217910070
2015122021510950946610070
2015122021520930118910070
2015122021521090318410070
2015122022001110629900070
2015122022001110629900070
2015122022001110629600070
2015122022001060712000070
2015122022000950946900070
2015122022000950946900070
2015122022000930116300070
2015122022000940735900070
2015122022001090318200070
2015122022001081217700070
2015122022001081217700070
2015122022001120333700070
2015122022000950948600070
2015122022001060711900070
2015122022000930929000070
2015122022011120735300070
2015122022010950745000070
2015122022020950663200070
2015122022021051109600070
2015122105280950947710070
2015122105280950947710070
2015122105320950663110070
2015122105320950663110070
2015122105360931031610070
2015122105370930524810070
2015122105370930524810070
2015122105370930524810070
2015122105390941239710070
2015122105401120634810070
2015122105401120634810070
2015122105410950945810070
2015122105410950945810070
2015122105420960453810070
2015122105421120735210070
2015122105431060711810070
2015122105431090620610070
2015122105450930118110070
2015122105450930118110070
2015122105451110629810070
2015122105451110629810070
2015122105470950949410070
2015122105490941038710070
2015122105501120634610070
2015122105511110830510070
2015122105551110328810070
2015122106000930116900070
2015122106001081217900070
2015122106000930524300070
2015122106001090621000070
2015122106000950948700070
2015122106000921211600070
2015122106000950745200070
2015122106001120333200070
2015122106001090318400070
2015122106000950948400070
2015122106001081218000070
2015122106001101228300070
2015122106000950948000070
2015122106000950949000070
2015122106001101228100070
2015122106001070714400070
2015122106000930119000070
2015122106001111232300070
2015122106000930118900070
2015122106010931032700070
2015122106010921213100070
2015122106010950662700070
2015122106020950946600070
2015122106020950946600070
2015122106030930117500070
2015122106030930117500070
2015122106030960352700070
2015122106040960251700070
2015122107250911102110070
2015122107250911102110070
2015122107251100224410070
2015122107250931030710070
2015122107281140836810070
2015122107300930114410070
2015122107300930115510070
2015122107311020905210070
2015122107331150337210070
2015122107350930929710070
2015122107361070714310070
2015122107360931234210070
2015122107371090520410070
2015122107370930421310070
2015122107370930523710070
2015122107370931030310070
2015122107370950663010070
2015122107370940736010070
2015122107381090520110070
2015122107381130436010070
2015122107381090419510070
2015122107381100124310070
2015122107381100124310070
2015122107381090419510070
2015122107381090419510070
2015122107381081117110070
2015122107381090419510070
2015122107391090419510070
2015122107390930662310070
2015122107390930116010070
2015122107400930115910070
2015122107400930219810070
2015122107410941038310070
2015122107410930422210070
2015122107420921211710070
2015122107420921211710070
2015122107420930827510070
2015122107420960555310070
2015122107430930116410070
2015122107431090621110070
2015122107431081117210070
2015122107430930524210070
2015122107431111131810070
2015122107430931234010070
2015122107431090419010070
2015122107430930928810070
2015122107440931234410070
2015122107440960352210070
2015122107451080315010070
2015122107461140636710070
2015122107461140636710070
2015122107461091223910070
2015122107460930524710070
2015122107460930524710070
2015122107470930422310070
2015122107470930422310070
2015122107471100727010070
2015122107470930421410070
2015122107480930421410070
2015122107481060812410070
2015122107480920605610070
2015122107480950744610070
2015122107500921212810070
2015122107510930928510070
2015122107520920605110070
2015122107530931031210070
2015122107530931031210070
2015122107530930827410070
2015122107530930827410070
2015122107541120835410070
2015122107540940735710070
2015122107540920604510070
2015122107560921213310070
2015122107560921213310070
2015122107560930320610070
2015122107561020303710070
2015122107571020905010070
2015122107571081117510070
2015122107571090721710070
2015122107571090721710070
2015122107570930115610070
2015122108590931234110070
2015122009394110201510060
2015122009420950946910060
2015122009420950946910060
2015122010010930525100060
2015122013330930524610060
2015122013330930524610060
2015122013360981203810060
2015122013361090318210060
2015122013360981203810060
2015122013491110629910060
2015122013491110629910060
2015122013500930116310060
2015122013500930116310060
2015122013521120735310060
2015122013521120735310060
2015122014010960453800060
2015122014010960453800060
2015122014050960352700060
2015122014050960352700060
2015122014180960655900060
2015122014181090620600060
2015122015320950662800060
2015122017000930929300060
2015122017000931030700060
2015122017000930524200060
2015122017051100124300060
2015122017051100124300060
2015122017320931032710060
2015122017321040407710060
2015122017340930117510060
2015122017340930117510060
2015122017451111232310060
2015122017521101228310060
2015122017521101228310060
2015122018010950946500060
2015122018020950949400060
2015122018140930524800060
2015122018140930524800060
2015122021320921213010060
2015122021401081218010060
2015122021430950745210060
2015122021440960352710060
2015122021440960352710060
2015122021491020604310060
2015122021500930525110060
2015122021521090621010060
2015122022001120735300060
2015122022001120735300060
2015122022001040407700060
2015122022014110201500060
2015122022014110201500060
2015122022010981203800060
2015122022020930524600060
2015122105330950543210060
2015122105330950543210060
2015122105360930524810060
2015122105360930524810060
2015122105360930524810060
2015122105381060712310060
2015122105381060712310060
2015122105391120634310060
2015122105391120634310060
2015122105421090620610060
2015122105440931030510060
2015122105440931030510060
2015122105460921212310060
2015122105461111232110060
2015122105461111232110060
2015122105471111232210060
2015122105480941038710060
2015122105541110328810060
2015122105550950946510060
2015122106000931032700060
2015122106000971266100060
2015122106020960352700060
2015122106020960352700060
2015122107211110329210060
2015122107241110329010060
2015122107241110329010060
2015122107241111031210060
2015122107241120232710060
2015122107250931030710060
2015122107251060611410060
2015122107271061213110060
2015122107300930428010060
2015122107351110328910060
2015122107350931234210060
2015122107360930421310060
2015122107360930115710060
2015122107361040107310060
2015122107361111031410060
2015122107360930523710060
2015122107370930523710060
2015122107371020303810060
2015122107371130436010060
2015122107371090419510060
2015122107371100124310060
2015122107371100124310060
2015122107381090418510060
2015122107390930115910060
2015122107392804201410060
2015122107400951049710060
2015122107400921213710060
2015122107410960151310060
2015122107410940535510060
2015122107410931133210060
2015122107410930827510060
2015122107411150437410060
2015122107421140436710060
2015122107420930524210060
2015122107421090419010060
2015122107421090418710060
2015122107430930928810060
2015122107431090419310060
2015122107440930117410060
2015122107441090418810060
2015122107440950662810060
2015122107440930929310060
2015122107440930929310060
2015122107450960150910060
2015122107450960150910060
2015122107450960150910060
2015122107501150337110060
2015122107530960252110060
2015122107560931032510060
2015122107580940836610060
2015122108061090419610060
