20151126093022026410080
20151126093522019710080
20151126094222004410080
20151126095222014110080
20151126095322001610080
20151126095322001610080
20151126100122019900080
20151126100122026000080
20151126100222011500080
20151126100222015900080
20151126131422001010080
20151126131522002810080
20151126133022009110080
20151126133022020410080
20151126133122008610080
20151126133122003910080
20151126133622019610080
20151126133622027310080
20151126134022025610080
20151126134122021910080
20151126134122006110080
20151126134222025410080
20151126134222005410080
20151126134222019810080
20151126134422024610080
20151126134522016610080
20151126134622017310080
20151126134622024310080
20151126135022026710080
20151126135022024510080
20151126140022010700080
20151126140122024900080
20151126140122014600080
20151126140122026200080
20151126140122002300080
20151126140122020300080
20151126140222021000080
20151126140222021800080
20151126140322024700080
20151126140322020900080
20151126140322026500080
20151126140322026500080
20151126140422001500080
20151126140522025200080
20151126140522024800080
20151126140522011900080
20151126140722007300080
20151126141122028000080
20151126143822027500080
20151126144222012800080
20151126151122004300080
20151126151322003200080
20151126170022012400080
20151126170022023200080
20151126170022013600080
20151126170022018500080
20151126170022014100080
20151126170022021300080
20151126170022023000080
20151126170022002000080
20151126170022008700080
20151126170022009200080
20151126170122027800080
20151126170122011700080
20151126170122005200080
20151126170122012700080
20151126170122023300080
20151126170222026600080
20151126170222029300080
20151126170222006700080
20151126170222019100080
20151126170322023500080
20151126170322028700080
20151126170322022000080
20151126170422027700080
20151126170522028600080
20151126170522022200080
20151126170522023700080
20151126170522024000080
20151126170522023400080
20151126170522023600080
20151126170622016800080
20151126170722029500080
20151126170822023900080
20151126170922028200080
20151126171022028200080
20151126171422004800080
20151126171422015500080
20151126171422023100080
20151126171522027900080
20151126171522008900080
20151126172022022500080
20151126172622010500080
20151126172722010310080
20151126172722014200080
20151126172722004910080
20151126172822005300080
20151126172822006400080
20151126172922009300080
20151126173022005100080
20151126173022000600080
20151126173122009500080
20151126173222011300080
20151126173222002400080
20151126173622021600080
20151126173922011610080
20151126174022027610080
20151126174122017410080
20151126174522022600080
20151126174522005600080
20151126174522028300080
20151126175922020800080
20151126180022025100080
20151126180022026300080
20151126180022018000080
20151126180322002100080
20151126180522026910080
20151126180822008800080
20151126182022019000080
20151126182322002210080
20151126182722012100080
20151126183122003800080
20151126183812036300080
20151126183822007200080
20151126184322011000080
20151126184322000500080
20151126184422017700080
20151126190322028500080
20151126191822000400080
20151126193122020700080
20151126194022000300080
20151126194022000900080
20151126195422000100080
20151126195522018800080
20151126200022003700080
20151126200022001700080
20151126200022028100080
20151126212622014410080
20151126213322006210080
20151126213522017510080
20151126213622017910080
20151126213722025010080
20151126213722025810080
20151126213722027010080
20151126213722026810080
20151126213722025310080
20151126213822026110080
20151126214222016410080
20151126214222014310080
20151126214322005010080
20151126214322021110080
20151126214322003310080
20151126214322016010080
20151126214422024210080
20151126214522003510080
20151126214522005510080
20151126215422004010080
20151126220022001000080
20151126220022004400080
20151126220022024300080
20151126220022021900080
20151126220022019600080
20151126220022025600080
20151126220022025400080
20151126220022017300080
20151126220022017300080
20151126220022016600080
20151126220022026400080
20151126220022027300080
20151126220022019800080
20151126220022005400080
20151126220022026700080
20151126220022003900080
20151126220022002800080
20151126220022008600080
20151126220122024500080
20151126220122006100080
20151126220122009100080
20151126220222001600080
20151126220222019700080
20151126220222020400080
20151126220222024600080
20151127053122012810080
20151127053222026210080
20151127053422002110080
20151127053422001510080
20151127053422003210080
20151127053722024710080
20151127053822020310080
20151127053822021810080
20151127053822024810080
20151127053822025210080
20151127053822026510080
20151127053822026510080
20151127053822007210080
20151127053822002310080
20151127053822020910080
20151127053922028010080
20151127053922021010080
20151127054022010710080
20151127054022014610080
20151127054022018010080
20151127054022007310080
20151127054222024910080
20151127054422012110080
20151127054822027510080
20151127054922004310080
20151127055022008810080
20151127060022011600080
20151127060022002200080
20151127060022017500080
20151127060022024200080
20151127060022016400080
20151127060022010300080
20151127060022026100080
20151127060022027600080
20151127060022014400080
20151127060022005500080
20151127060022017900080
20151127060022004900080
20151127060122021100080
20151127060122025300080
20151127060122005000080
20151127060122016000080
20151127060122006200080
20151127060122026800080
20151127060222003500080
20151127060222014300080
20151127060222017400080
20151127060222003300080
20151127060522004000080
20151127060522026900080
20151127060822027000080
20151127060822027000080
20151127062722025800080
20151127071022028210080
20151127071022028210080
20151127071522023210080
20151127071922000410080
20151127072122000110080
20151127072722000510080
20151127072822027910080
20151127073022021310080
20151127073022003810080
20151127073322028310080
20151127073422013610080
20151127073422023610080
20151127073422027710080
20151127073422024010080
20151127073522020710080
20151127073622014710080
20151127073622001710080
20151127073622009510080
20151127073622009210080
20151127073622018810080
20151127073722011710080
20151127073722004510080
20151127073722004810080
20151127073722003710080
20151127073822000610080
20151127073822006410080
20151127073822022210080
20151127073822011310080
20151127073922009310080
20151127073922002010080
20151127074022008710080
20151127074022023410080
20151127074022022010080
20151127074022018510080
20151127074022014110080
20151127074022019110080
20151127074022029510080
20151127074122012410080
20151127074122005310080
20151127074122023910080
20151127074122014210080
20151127074322008910080
20151127074322023110080
20151127074322028110080
20151127074622028710080
20151127074722028610080
20151127074722026610080
20151127074722019010080
20151127074722023710080
20151127074722023310080
20151127074722016810080
20151127074722015510080
20151127074722020810080
20151127074722021610080
20151127074722005210080
20151127074922022610080
20151127074922028510080
20151127074922010510080
20151127075022025110080
20151127075022027810080
20151127075122023510080
20151127075322000310080
20151127075322005110080
20151127075522005610080
20151127075722011010080
20151127075822022510080
20151127075822002410080
20151127075822029310080
2015112609021090419300070
2015112609291060711710070
2015112609301100425610070
2015112609352704201410070
2015112609370960251810070
2015112609540960251910070
2015112609540960251910070
2015112610020951050000070
2015112610311090922710070
2015112612530960352210070
2015112613451081117110070
2015112613501120333810070
2015112613501120333810070
2015112614020930116300070
2015112614020930116300070
2015112614030921213000070
2015112617000930421200070
2015112617000950947500070
2015112617002805201500070
2015112617002805201500070
2015112617000930928500070
2015112617010960454000070
2015112617030950644200070
2015112617030930524200070
2015112617030930422200070
2015112617041090621300070
2015112617040930117400070
2015112617040930116000070
2015112617041090822200070
2015112617041090419000070
2015112617041080315000070
2015112617040930827600070
2015112617050960555300070
2015112617050921213300070
2015112617060950744600070
2015112617060930626000070
2015112617060921212800070
2015112617070941138900070
2015112617081130436000070
2015112617080930219900070
2015112617081110830600070
2015112617090960655500070
2015112617091020905000070
2015112617120930525200070
2015112617151100425900070
2015112617161140636700070
2015112617161140636700070
2015112617230960150900070
2015112617230960150900070
2015112617250921213700070
2015112617250981203710070
2015112617250930117010070
2015112617261090620610070
2015112617260950947710070
2015112617260950947710070
2015112617287878787800070
2015112617291120634610070
2015112617300930118610070
2015112617300930118610070
2015112617310980366710070
2015112617321091223900070
2015112617321100425200070
2015112617331100425200070
2015112617330971266100070
2015112617340941239710070
2015112617350940535500070
2015112617370920604200070
2015112617381090419900070
2015112617381120634900070
2015112617410950946810070
2015112617410950946810070
2015112617451110329000070
2015112617451110629810070
2015112617451110629810070
2015112617470930118110070
2015112617470931233900070
2015112617511091123610070
2015112617510960655910070
2015112617510960655910070
2015112617541111232010070
2015112617561140836800070
2015112618020921212000070
2015112618020921212000070
2015112618040960251700070
2015112618071150337100070
2015112618141100425100070
2015112618150931030600070
2015112618200920604500070
2015112618211111031300070
2015112618520930929700070
2015112619171090419310070
2015112619351111131600070
2015112620010930422300070
2015112620010930116400070
2015112620331100224400070
2015112620400950663110070
2015112620400950663110070
2015112620431090520400070
2015112621280950543210070
2015112621280950543210070
2015112621321060712310070
2015112621321120735210070
2015112621360950542810070
2015112621360950542810070
2015112621390930524810070
2015112621390930524810070
2015112621411060210510070
2015112621430940837010070
2015112621440960453810070
2015112621440960453810070
2015112621440950949410070
2015112621451060711810070
2015112621450950945810070
2015112621450950945810070
2015112621461120634810070
2015112621461120634810070
2015112622031120333800070
2015112622031120333800070
2015112622060960352200070
2015112623010930421400070
2015112623020930114400070
2015112705290921213610070
2015112705320940837410070
2015112705320940837410070
2015112705340960251710070
2015112705350921213010070
2015112705360960352710070
2015112705370950662710070
2015112705380930118910070
2015112705390950947510070
2015112705391120333410070
2015112705390930117210070
2015112705400950949010070
2015112705400950948710070
2015112705400950948710070
2015112705410930116910070
2015112705411090318410070
2015112705411081217910070
2015112705420921212010070
2015112705420921212010070
2015112705420950946610070
2015112705420950946610070
2015112705441090621010070
2015112706010940837000070
2015112706020931030500070
2015112706020931030500070
2015112706020950663100070
2015112706020980366700070
2015112706031060210500070
2015112706040960453800070
2015112706140930118100070
2015112706140930118100070
2015112706300930525210070
2015112706340931233810070
2015112706340941038310070
2015112707131100626100070
2015112707131090419910070
2015112707151130436010070
2015112707200921212810070
2015112707210930662310070
2015112707240930827610070
2015112707300950744610070
2015112707300950662210070
2015112707310950662210070
2015112707311061212910070
2015112707311061212910070
2015112707330930524210070
2015112707330920605110070
2015112707341090822210070
2015112707341081117410070
2015112707340931030710070
2015112707340930219910070
2015112707341051009210070
2015112707341090621110070
2015112707351111031310070
2015112707361011002910070
2015112707361090418510070
2015112707361150337210070
2015112707360930421610070
2015112707361100425110070
2015112707370931234410070
2015112707381090520410070
2015112707380950663010070
2015112707380930115510070
2015112707380940535510070
2015112707391140636710070
2015112707391140636710070
2015112707391090520110070
2015112707391140436710070
2015112707390930320310070
2015112707391090419510070
2015112707390930116010070
2015112707390930626010070
2015112707391080315010070
2015112707400931030310070
2015112707401100224410070
2015112707401091223910070
2015112707410930929710070
2015112707411090419010070
2015112707410930928810070
2015112707411090922710070
2015112707411081117310070
2015112707421040107310070
2015112707420940736010070
2015112707420950543310070
2015112707420930115910070
2015112707420930219810070
2015112707421150437410070
2015112707421111131610070
2015112707430931031010070
2015112707430930928510070
2015112707431020905010070
2015112707431111131810070
2015112707431111131810070
2015112707440930422310070
2015112707440930422210070
2015112707440921211710070
2015112707440921211710070
2015112707441140836810070
2015112707451090418710070
2015112707451100626410070
2015112707450930116410070
2015112707460930929310070
2015112707470920605610070
2015112707480920604510070
2015112707480921213310070
2015112707480921213310070
2015112707511150337110070
2015112707511150337110070
2015112707510931031210070
2015112707510931031210070
2015112707551090721710070
2015112707551090721710070
2015112707550960252110070
2015112707550931234110070
2015112707570930727210070
2015112707581100626310070
2015112707581100626310070
2015112707580950644210070
2015112707591100626610070
2015112708000930320610070
2015112708220920604210070
2015112708431120634910070
2015112708431021005610070
2015112609331100425510060
2015112609340970364410060
2015112609341120333110060
2015112609340930422110060
2015112609340950949310060
2015112609350921211110060
2015112609350941038610060
2015112609350941038610060
2015112609350941038610060
2015112609372704201410060
2015112609441120333010060
2015112610000950948000060
2015112610004110201500060
2015112610000981203800060
2015112610000981203800060
2015112610000950947600060
2015112610011120634400060
2015112610011120634400060
2015112610020950946900060
2015112610020950946900060
2015112610021100927200060
2015112610040930928300060
2015112610050941239400060
2015112610050941239400060
2015112610081081217700060
2015112610081081217700060
2015112610081060711900060
2015112610081120333700060
2015112613330950945910060
2015112613331100626810060
2015112613480960251510060
2015112613480940837310060
2015112614001101228100060
2015112614010950662700060
2015112614010950662700060
2015112614030930525100060
2015112614030930525100060
2015112614030931032700060
2015112614041120634500060
2015112614041120634500060
2015112614050960352700060
2015112614050960352700060
2015112617000950543100060
2015112617001090419500060
2015112617001090419500060
2015112617010931233800060
2015112617010930827500060
2015112617011100626300060
2015112617011100626300060
2015112617011090721700060
2015112617011100124300060
2015112617011100124300060
2015112617011100124300060
2015112617011090621100060
2015112617010930928800060
2015112617020930928800060
2015112617020921213600060
2015112617020930421200060
2015112617020950947500060
2015112617020930929300060
2015112617020930929300060
2015112617030931031000060
2015112617030971165500060
2015112617031070714300060
2015112617030960454000060
2015112617030930428000060
2015112617030930428000060
2015112617030950662800060
2015112617031100727000060
2015112617031100727000060
2015112617030940736000060
2015112617030950946600060
2015112617041060611400060
2015112617041120835400060
2015112617041081016800060
2015112617040950662200060
2015112617041140436700060
2015112617041011002900060
2015112617040980366800060
2015112617040931030900060
2015112617050930524200060
2015112617050931030300060
2015112617051111131800060
2015112617061100626600060
2015112617060930115000060
2015112617060930115000060
2015112617062804201400060
2015112617061090621300060
2015112617061100324800060
2015112617061100626400060
2015112617061120434000060
2015112617061120434000060
2015112617060951150400060
2015112617061090922700060
2015112617060940735700060
2015112617070930827600060
2015112617070950663000060
2015112617071081117500060
2015112617070930115500060
2015112617070930523700060
2015112617070930523700060
2015112617071090418500060
2015112617081150437400060
2015112617081051009200060
2015112617090931133200060
2015112617090931234400060
2015112617091090520100060
2015112617091110329200060
2015112617101130436000060
2015112617101110830600060
2015112617141081016100060
2015112617150920604400060
2015112617170930320600060
2015112617210981267700060
2015112617210981267700060
2015112617260920605100060
2015112617281090620610060
2015112617300950543300060
2015112617320930421300060
2015112617320930421300060
2015112617331090419200060
2015112617331081117200060
2015112617341130335800060
2015112617350951049700060
2015112617360930662300060
2015112617390931031610060
2015112617401021005600060
2015112617400931030510060
2015112617400931030510060
2015112617411100626110060
2015112617421111232110060
2015112617421111232110060
2015112617451120634310060
2015112617451120634310060
2015112617460940836400060
2015112617471110329000060
2015112617490930118110060
2015112617500960151300060
2015112617531060712210060
2015112617531091123610060
2015112617581140836800060
2015112617580930727200060
2015112618000930118900060
2015112618001120333400060
2015112618000950948700060
2015112618000950948700060
2015112618001090318400060
2015112618000930117200060
2015112618010931234000060
2015112618010931234000060
2015112618030960151100060
2015112618031081217900060
2015112618030930116900060
2015112618031120333200060
2015112618040921213100060
2015112618041111232300060
2015112618041020604300060
2015112618040921211600060
2015112618040950949000060
2015112618041090621000060
2015112618051081218000060
2015112618070950745200060
2015112618091150337100060
2015112618170931030600060
2015112618281090419600060
2015112618341061212900060
2015112618400930321000060
2015112618470941258500060
2015112618540930115900060
2015112619011111031400060
2015112619011111031400060
2015112619020930827400060
2015112619020930827400060
2015112619050961056500060
2015112619101110328900060
2015112619101110328900060
2015112619320941038300060
2015112619320941038300060
2015112619371120232700060
2015112619371150337200060
2015112619480960151200060
2015112620001081117300060
2015112620001081117300060
2015112620010931233700060
2015112620021090418700060
2015112620040930421600060
2015112620331090822100060
2015112620380931234100060
2015112620451090520400060
2015112621210940837400060
2015112621210940837400060
2015112621300931032500060
2015112621300950543210060
2015112621300950543210060
2015112621411110328810060
2015112621411110328810060
2015112621410930524810060
2015112621420930524810060
2015112621431111232210060
2015112621440950946510060
2015112621460941038710060
2015112621490921212310060
2015112621490950946310060
2015112621490950946310060
2015112622000970364400060
2015112622000970364400060
2015112622001120333100060
2015112622000960251800060
2015112622010941038600060
2015112622010941038600060
2015112622010930422100060
2015112622011100425600060
2015112622012704201400060
2015112622011100626800060
2015112622021060711700060
2015112622020960251500060
2015112622020960251900060
2015112622020960251900060
2015112622020921211100060
2015112622030940837300060
2015112622030950945900060
2015112622041100425500060
2015112622041081117100060
2015112622060950949300060
2015112622111110830900060
2015112622111110830900060
2015112623030930421400060
2015112623031090418600060
2015112623031090418600060
2015112623040930114400060
2015112623040930114410060
2015112623040930114400060
2015112623040930114400060
2015112623041090419400060
2015112623041090419400060
2015112705320950745210060
2015112705320950745210060
2015112705320921211610060
2015112705370921213110060
2015112705370921213110060
2015112705380960352710060
2015112705410950947510060
2015112705411081218010060
2015112705410971266110060
2015112705441120333210060
2015112705441101228110060
2015112705441070714410060
2015112705451111232310060
2015112705461020604310060
2015112706001120634600060
2015112706001111232100060
2015112706001111232100060
2015112706000960655900060
2015112706001090620600060
2015112706001090620600060
2015112706001110629800060
2015112706001110629800060
2015112706000981203700060
2015112706000930118600060
2015112706000930118600060
2015112706000950947700060
2015112706001120634300060
2015112706001120634300060
2015112706001060712200060
2015112706001111232000060
2015112706001091123600060
2015112706000950946800060
2015112706000950946800060
2015112706010930524800060
2015112706010930524800060
2015112706010930524800060
2015112706010930524800060
2015112706010930524800060
2015112706010930524800060
2015112706010930524800060
2015112706010930524800060
2015112706010930524800060
2015112706010941038700060
2015112706011110328800060
2015112706011110328800060
2015112706010941239700060
2015112706021110830500060
2015112706030930117000060
2015112706030930117000060
2015112706060960453800060
2015112707091110329010060
2015112707171130436010060
2015112707270930827610060
2015112707331120232710060
2015112707341060611410060
2015112707341081016810060
2015112707341081016810060
2015112707351100124310060
2015112707351100124310060
2015112707351100124310060
2015112707350930524210060
2015112707360930114410060
2015112707360980366810060
2015112707360931030710060
2015112707361081117210060
2015112707361110328910060
2015112707361070714310060
2015112707360960454010060
2015112707370931233910060
2015112707382804201410060
2015112707390960655510060
2015112707391120835410060
2015112707400930523710060
2015112707400930523710060
2015112707401090520410060
2015112707400931030910060
2015112707400931233710060
2015112707411090419510060
2015112707411020905210060
2015112707410930928410060
2015112707411090418610060
2015112707411090418610060
2015112707411090418610060
2015112707410930115010060
2015112707420930115010060
2015112707421090419210060
2015112707421111031410060
2015112707431120434010060
2015112707430930428010060
2015112707430930428010060
2015112707430931133210060
2015112707430930928810060
2015112707440931234010060
2015112707440950542610060
2015112707440930115910060
2015112707440930219810060
2015112707441100425910060
2015112707450960856110060
2015112707450960151310060
2015112707451100727010060
2015112707461090419610060
2015112707462805201510060
2015112707462805201510060
2015112707460930421310060
2015112707460930421210060
2015112707471110329210060
2015112707470930827410060
2015112707470930421410060
2015112707480930117410060
2015112707490930321010060
2015112707511081117510060
2015112707580951049710060
2015112707580951049710060
