20151109093122026410080
20151109094122001610080
20151109094122001610080
20151109095022019710080
20151109100022027600080
20151109100122004900080
20151109104122001210080
20151109132422003910080
20151109132522008610080
20151109132922004710080
20151109132922004410080
20151109132922002810080
20151109133022026710080
20151109133322011610080
20151109133522025410080
20151109133622021910080
20151109133722009110080
20151109133822020410080
20151109133922024610080
20151109133922025610080
20151109133922006110080
20151109134022019610080
20151109134022027310080
20151109134422005410080
20151109134522019810080
20151109134622018210080
20151109134622017310080
20151109134622017310080
20151109140122027500080
20151109140322007200080
20151109160522012100080
20151109170022012400080
20151109170022016800080
20151109170022025100080
20151109170022021300080
20151109170022023600080
20151109170022013600080
20151109170022026500080
20151109170022026500080
20151109170022012700080
20151109170022024000080
20151109170022028400080
20151109170022027800080
20151109170022010700080
20151109170022023200080
20151109170022027700080
20151109170022004500080
20151109170022015500080
20151109170022023100080
20151109170122003700080
20151109170222023300080
20151109170222009200080
20151109170222014600080
20151109170222006400080
20151109170222008700080
20151109170322018000080
20151109170322028000080
20151109170322023500080
20151109170322005600080
20151109170422028200080
20151109170422017700080
20151109170622029300080
20151109171022010500080
20151109171122020300080
20151109171222004300080
20151109171222001500080
20151109171322021000080
20151109171322011900080
20151109171322024800080
20151109171322006700080
20151109171522007300080
20151109171822008800080
20151109171822021800080
20151109172122014700080
20151109172322002400080
20151109172422028300080
20151109172522012800080
20151109172522003800080
20151109172622019000080
20151109172822020900080
20151109172822005100080
20151109172922005300080
20151109173622020610080
20151109174422024310080
20151109175222025310080
20151109180022023900080
20151109180022001010080
20151109180022016610080
20151109180022024510080
20151109180122026200080
20151109180122025200080
20151109180522001200080
20151109180622024700080
20151109180722002300080
20151109180722002300080
20151109180722024900080
20151109185722000600080
20151109190022000900080
20151109190122018800080
20151109190122023700080
20151109190122028600080
20151109190222019100080
20151109190222011300080
20151109190422008900080
20151109190522021600080
20151109190622028700080
20151109191422000400080
20151109193222028500080
20151109195822020700080
20151109200022014100080
20151109200022022200080
20151109200022022600080
20151109200022022000080
20151109200022002000080
20151109200022020700080
20151109200122005200080
20151109200822028100080
20151109201522000300080
20151109201622000100080
20151109202422020800080
20151109210022018500080
20151109210022026600080
20151109210022023000080
20151109210522027900080
20151109212722027010080
20151109212722025810080
20151109213022003510080
20151109213022002210080
20151109213022005510080
20151109213322024210080
20151109213422014410080
20151109213922026110080
20151109213922026910080
20151109214222016410080
20151109214222011710080
20151109214222003310080
20151109214322017510080
20151109214322004910080
20151109214422004010080
20151109214422017910080
20151109214522027610080
20151109214522014310080
20151109214522016510080
20151109214622006210080
20151109214722021110080
20151109214822017410080
20151109215522005010080
20151109215522018710080
20151109215522010310080
20151109215722025010080
20151109220022004700080
20151109220022008600080
20151109220022002800080
20151109220022027300080
20151109220022004400080
20151109220022001000080
20151109220022026700080
20151109220022009100080
20151109220022024300080
20151109220022021900080
20151109220022024600080
20151109220022026400080
20151109220022018200080
20151109220022019700080
20151109220022003900080
20151109220022019800080
20151109220022005400080
20151109220022019600080
20151109220022025400080
20151109220022020600080
20151109220022017300080
20151109220022017300080
20151109220122020400080
20151109220122025600080
20151109220122001600080
20151109220122006100080
20151109220322011600080
20151109221422014200080
20151109234222017410080
20151110010122004800080
20151110022422026610080
20151110041222026600080
20151110052922027210080
20151110052922020210080
20151110053622011110080
20151110053622010910080
20151110053722004610080
20151110053722011510080
20151110053722025510080
20151110053722003110080
20151110053722009010080
20151110053722005910080
20151110053722012010080
20151110053722002610080
20151110053722018110080
20151110053822023810080
20151110053822024410080
20151110053922025910080
20151110054023500010080
20151110054022027110080
20151110054022025710080
20151110054022005710080
20151110054022012210080
20151110054122003010080
20151110054122014510080
20151110054822027410080
20151110055522021510080
20151110060022021100080
20151110060022004000080
20151110060022016400080
20151110060022005000080
20151110060022014400080
20151110060022018700080
20151110060022017900080
20151110060022002200080
20151110060022003500080
20151110060022011700080
20151110060022014300080
20151110060022026100080
20151110060022027000080
20151110060022016600080
20151110060022003300080
20151110060022025300080
20151110060022024500080
20151110060022026900080
20151110060122006200080
20151110060122025800080
20151110060122025800080
20151110060322001700080
20151110060322016500080
20151110060822017400080
20151110060922025000080
20151110064122028210080
20151110072422023210080
20151110072622000410080
20151110072722003810080
20151110073122014710080
20151110073122018810080
20151110073322000110080
20151110073322000510080
20151110073922023610080
20151110073922024010080
20151110073922027710080
20151110074022022210080
20151110074022028710080
20151110074022003710080
20151110074122004510080
20151110074122020710080
20151110074122009210080
20151110074122028310080
20151110074422000610080
20151110074422011310080
20151110074422023910080
20151110074422013610080
20151110074422006710080
20151110074422023110080
20151110074422008910080
20151110074522005310080
20151110074522028410080
20151110074522014210080
20151110074512036310080
20151110074522028110080
20151110074622000910080
20151110074622008710080
20151110074722005110080
20151110074722012710080
20151110074722023510080
20151110074722027810080
20151110074722025110080
20151110074922002010080
20151110074922023410080
20151110074922028510080
20151110074922006410080
20151110074922005210080
20151110074922022010080
20151110074922018510080
20151110074922014110080
20151110075022012410080
20151110075222027910080
20151110075322000310080
20151110075322011010080
20151110075422028610080
20151110075422023310080
20151110075422029510080
20151110075422022610080
20151110075422019010080
20151110075522023710080
20151110075522022510080
20151110075622016810080
20151110075622021610080
20151110075622015510080
20151110075622020810080
20151110075722010510080
20151110075722029310080
20151110075922002410080
20151110080022001210080
2015110909170960352210070
2015110910010950947700070
2015110910010950947700070
2015110913330931030210070
2015110913352704201410070
2015110913350930524710070
2015110913350930524710070
2015110913380930118610070
2015110913380930118610070
2015110913411100425510070
2015110913420940837310070
2015110913420930422110070
2015110913431120333110070
2015110913441081117110070
2015110913481020604310070
2015110913491120333810070
2015110913491120333810070
2015110913521091123610070
2015110914020960251700070
2015110914020960251700070
2015110914020960352700070
2015110914040940837400070
2015110914040940837400070
2015110914402401201410070
2015110916591150337200070
2015110917000930524200070
2015110917000921211700070
2015110917000921211700070
2015110917000931030700070
2015110917011130436000070
2015110917010931234200070
2015110917010930114400070
2015110917020950543100070
2015110917020930421400070
2015110917021111201300070
2015110917021090419400070
2015110917020930115900070
2015110917021011002900070
2015110917020931030900070
2015110917020981267700070
2015110917020981267700070
2015110917020981267700070
2015110917020921212800070
2015110917030941239300070
2015110917030930117400070
2015110917031140836800070
2015110917040930320600070
2015110917040940836700070
2015110917041080315000070
2015110917041090822200070
2015110917040950663000070
2015110917040930422200070
2015110917041081016800070
2015110917051100224400070
2015110917051051009200070
2015110917050930421300070
2015110917061090822100070
2015110917061090418700070
2015110917060950744600070
2015110917061020303800070
2015110917060921213300070
2015110917060930626000070
2015110917131090418800070
2015110917150920604200070
2015110917161120634900070
2015110917260921213700070
2015110917281100425200070
2015110917281100425200070
2015110917321090520400070
2015110917320930219900070
2015110917340921211110070
2015110917431060711710070
2015110917471060712210070
2015110917490960251810070
2015110917500950946810070
2015110917501100425610070
2015110918031111232300070
2015110919590930422300070
2015110920000921213100070
2015110920001090318400070
2015110920010940535500070
2015110920020930929700070
2015110920041100425100070
2015110920051150337100070
2015110921320940837010070
2015110921330941239710070
2015110921377311201310070
2015110921391110629810070
2015110921391110629810070
2015110921410930118110070
2015110921410930118110070
2015110921420930524810070
2015110921430950663110070
2015110921430950663110070
2015110921430931031610070
2015110921440980366710070
2015110921440960453810070
2015110921450950947710070
2015110921450950947710070
2015110921460931030510070
2015110921460931030510070
2015110921471060711810070
2015110921491120634610070
2015110921521060210510070
2015110922011111232000070
2015110922130960352200070
2015111000301100626100070
2015111005261110629910070
2015111005261110629910070
2015111005270930119010070
2015111005281060712010070
2015111005351040407710070
2015111005360930929010070
2015111005370941239410070
2015111005370950662910070
2015111005370950662910070
2015111005381110629610070
2015111005381120333710070
2015111005391051109610070
2015111005400950745010070
2015111005400940735910070
2015111005401100927210070
2015111005420981203810070
2015111005420981203810070
2015111006010930524800070
2015111006011060210500070
2015111006020950359600070
2015111006020950359600070
2015111006040931031600070
2015111006061060711700070
2015111006420931233810070
2015111007000941239310070
2015111007190930320310070
2015111007220930827610070
2015111007261130436010070
2015111007280911102110070
2015111007280911102110070
2015111007280931030710070
2015111007281090419910070
2015111007280930428010070
2015111007290930219910070
2015111007311100425210070
2015111007311100425210070
2015111007311060812410070
2015111007311111031210070
2015111007321061212910070
2015111007321061212910070
2015111007321090822210070
2015111007321060611410070
2015111007321111031310070
2015111007321100425110070
2015111007330930115510070
2015111007330940836710070
2015111007351090418810070
2015111007361021005510070
2015111007370930114410070
2015111007370950662210070
2015111007370950662210070
2015111007371080315010070
2015111007381150337210070
2015111007380930928510070
2015111007381090418510070
2015111007390950744610070
2015111007410930219810070
2015111007411090922710070
2015111007411070714310070
2015111007411140436710070
2015111007411140436710070
2015111007412805201510070
2015111007412805201510070
2015111007421140836810070
2015111007420941038310070
2015111007421040107310070
2015111007430960151010070
2015111007430970965110070
2015111007430930115010070
2015111007430931030310070
2015111007431090520110070
2015111007430960353610070
2015111007430960353610070
2015111007440921211710070
2015111007440921211710070
2015111007440931234210070
2015111007440930422310070
2015111007440930422210070
2015111007440940736010070
2015111007440940736010070
2015111007450930827410070
2015111007450931031010070
2015111007460931234410070
2015111007460960856110070
2015111007460960555310070
2015111007460931133510070
2015111007460930928810070
2015111007460930115710070
2015111007460950663010070
2015111007460950663010070
2015111007460930116010070
2015111007460940535510070
2015111007470920605610070
2015111007481100626410070
2015111007481120835410070
2015111007481081016810070
2015111007490930929710070
2015111007490960252110070
2015111007491081117210070
2015111007490931234010070
2015111007500930115910070
2015111007501090419410070
2015111007510920604510070
2015111007510930524210070
2015111007510960454010070
2015111007521081117410070
2015111007520930116410070
2015111007530930117410070
2015111007541081117310070
2015111007541021005610070
2015111007550931031210070
2015111007560930320610070
2015111007560930115610070
2015111007560950543110070
2015111007560921213310070
2015111007560921213310070
2015111007570921212810070
2015111007570940735710070
2015111007570930727210070
2015111007570930727210070
2015111007591061213110070
2015111007591100626610070
2015111007591020303710070
2015111008000941258510070
2015110909461100626110060
2015110909500941038610060
2015110909500941038610060
2015110909500970364410060
2015110910030941038700060
2015110910040950542800060
2015110910040950542800060
2015110913371100626810060
2015110913372704201410060
2015110913370930117010060
2015110913430950949310060
2015110913480960251510060
2015110913510960251910060
2015110913510960251910060
2015110913541091123610060
2015110914011110830800060
2015110914011110830800060
2015110914011110830800060
2015110914030931032700060
2015110914030960856100060
2015110914031120634500060
2015110914040960352700060
2015110914040950949000060
2015110914040950946600060
2015110914040921213000060
2015110917000931234000060
2015110917000931234000060
2015110917001081117400060
2015110917000960151300060
2015110917000930116900060
2015110917011100626300060
2015110917011100626300060
2015110917011111131800060
2015110917010930928800060
2015110917010930928500060
2015110917012805201500060
2015110917012805201500060
2015110917011081117200060
2015110917020930524200060
2015110917020930929300060
2015110917021100626600060
2015110917020930116400060
2015110917021081117300060
2015110917020931030700060
2015110917020930428000060
2015110917031070714300060
2015110917031130436000060
2015110917030960454000060
2015110917030950662800060
2015110917030940736000060
2015110917031090419600060
2015110917030930114400060
2015110917031101228100060
2015110917030911102100060
2015110917030911102100060
2015110917040931233800060
2015110917041090419400060
2015110917040930115900060
2015110917041090621100060
2015110917041070714400060
2015110917040931030900060
2015110917040930421200060
2015110917040980366800060
2015110917041090721700060
2015110917040930115700060
2015110917040930727200060
2015110917050960151000060
2015110917050930827400060
2015110917050931031200060
2015110917052804201400060
2015110917050960252100060
2015110917051110329000060
2015110917051100124300060
2015110917060941038300060
2015110917060930115000060
2015110917060930115000060
2015110917061100626400060
2015110917061120434000060
2015110917060950662200060
2015110917060960555300060
2015110917061100324800060
2015110917070940735700060
2015110917070930523700060
2015110917070930523700060
2015110917071090418500060
2015110917071090418600060
2015110917071090418600060
2015110917071090418600060
2015110917070930421300060
2015110917071150437400060
2015110917070960151100060
2015110917080930928400060
2015110917081090418700060
2015110917081090419200060
2015110917080961056500060
2015110917080960655500060
2015110917080931133200060
2015110917080921213300060
2015110917080920605600060
2015110917101130335800060
2015110917100930662300060
2015110917111120835400060
2015110917120960150900060
2015110917120960150900060
2015110917151090418800060
2015110917160930827600060
2015110917160930827600060
2015110917160930321000060
2015110917170931030600060
2015110917181081016100060
2015110917310951049700060
2015110917331090621300060
2015110917340950543300060
2015110917350981203710060
2015110917357878787800060
2015110917360950945910060
2015110917381120232700060
2015110917391110328900060
2015110917410920605100060
2015110918020950745200060
2015110918030931031000060
2015110918050930117500060
2015110918050930117500060
2015110918050950662700060
2015110918050950662700060
2015110918050950947500060
2015110918050950947500060
2015110918061081218000060
2015110918571090419900060
2015110919020931030300060
2015110919080950948700060
2015110919080950948700060
2015110919240960151200060
2015110919550921212700060
2015110919570921213600060
2015110919570921213600060
2015110919580921211600060
2015110920000921211600060
2015110920001081217900060
2015110920001090621000060
2015110920001120333400060
2015110920000930118900060
2015110920000930524300060
2015110920001110830900060
2015110920001110830900060
2015110920011111031400060
2015110920011111031400060
2015110920010930422300060
2015110920011111031400060
2015110920010930422300060
2015110920021120333200060
2015110920021120333200060
2015110920020921212000060
2015110920020921212000060
2015110920030931032500060
2015110920040930421600060
2015110920370930827500060
2015110921320950543210060
2015110921320950543210060
2015110921350950946310060
2015110921350930115600060
2015110921361120634810060
2015110921361120634810060
2015110921397311201310060
2015110921440930524810060
2015110921450950945810060
2015110921450950945810060
2015110921451060712310060
2015110921470941038710060
2015110921470950542810060
2015110921470950542810060
2015110921480960655910060
2015110921481111232110060
2015110921481111232110060
2015110921581100727000060
2015110922000931030200060
2015110922000970364400060
2015110922001120333100060
2015110922000931233900060
2015110922002704201400060
2015110922000930422100060
2015110922012401201400060
2015110922010960251900060
2015110922010960251900060
2015110922010960251800060
2015110922011100626800060
2015110922010941038600060
2015110922010941038600060
2015110922021120333800060
2015110922021100425500060
2015110922020930118600060
2015110922020930118600060
2015110922020950949300060
2015110922020930524700060
2015110922020930524700060
2015110922020930117000060
2015110922020930117000060
2015110922021020604300060
2015110922031091123600060
2015110922030960251500060
2015110922030940837300060
2015110922030940837300060
2015110922041081117100060
2015110922051060812400060
2015110922210950543100060
2015111005361120735310060
2015111005361120735310060
2015111005370950948610060
2015111005390950948410060
2015111005410951050010060
2015111005410950946910060
2015111005411101228310060
2015111005440930116310060
2015111005440930116310060
2015111005441090318210060
2015111005460930524610060
2015111005480930928310060
2015111005480930928310060
2015111005564110201510060
2015111006000960655800060
2015111006000950946300060
2015111006001120634600060
2015111006001100425600060
2015111006000950946800060
2015111006001060711800060
2015111006001110629800060
2015111006001110629800060
2015111006000921211100060
2015111006000931030500060
2015111006000931030500060
2015111006000981203700060
2015111006001060712300060
2015111006007311201300060
2015111006007311201300060
2015111006001060712200060
2015111006011120634800060
2015111006010950947700060
2015111006010950945800060
2015111006010950945800060
2015111006010950542800060
2015111006010950542800060
2015111006020950945900060
2015111006020980366700060
2015111006020950663100060
2015111006020950663100060
2015111006030930524800060
2015111006030930524800060
2015111006030930524800060
2015111006030941239700060
2015111006051111232100060
2015111006051111232100060
2015111006151060110200060
2015111007111110329010060
2015111007240930827610060
2015111007281130436010060
2015111007301110328910060
2015111007300980366810060
2015111007300971165510060
2015111007300931030710060
2015111007301100124310060
2015111007301100124310060
2015111007301100124310060
2015111007300930428010060
2015111007341111031210060
2015111007341120232710060
2015111007341120232710060
2015111007341090822110060
2015111007341130335810060
2015111007341150337110060
2015111007351020905210060
2015111007361120434010060
2015111007371090418810060
2015111007390930421410060
2015111007390930114410060
2015111007401051009210060
2015111007402804201410060
2015111007410931233910060
2015111007420960150910060
2015111007420960150910060
2015111007430951049710060
2015111007430950662810060
2015111007441140836810060
2015111007440960655510060
2015111007441040107310060
2015111007450960151110060
2015111007450950542610060
2015111007451090419610060
2015111007450930626010060
2015111007450930115010060
2015111007451100224410060
2015111007451111031410060
2015111007451090418610060
2015111007451090418610060
2015111007450931133210060
2015111007461100727010060
2015111007460921213710060
2015111007460931234210060
2015111007460930422310060
2015111007471090419310060
2015111007480960856110060
2015111007480930928810060
2015111007480930928410060
2015111007481020303810060
2015111007480931030910060
2015111007490931233710060
2015111007490961056510060
2015111007490930523710060
2015111007490930523710060
2015111007491090419210060
2015111007501090418710060
2015111007520950543310060
2015111007520930421610060
2015111007520930115910060
2015111007521150437410060
2015111007521090419410060
2015111007530960151310060
2015111007531100425910060
2015111007530930524210060
2015111007530960454010060
2015111007531090520410060
2015111007531090621110060
2015111007540930827510060
2015111007541100626310060
2015111007550930929310060
2015111007571090721710060
2015111007571090721710060
2015111007580940836610060
2015111007580931032510060
2015111007591111201310060
