20151108092922005410080
20151108093022003910080
20151108093022008610080
20151108093022019810080
20151108093222026410080
20151108093422020610080
20151108093422021910080
20151108093522027310080
20151108093522019610080
20151108093522019610080
20151108093522019710080
20151108093522019710080
20151108093722026710080
20151108093722025410080
20151108093722024510080
20151108094522006110080
20151108094522001610080
20151108094522001610080
20151108094522025610080
20151108095022017310080
20151108095022017310080
20151108095022017310080
20151108095222020410080
20151108095322009110080
20151108095522020710080
20151108095922024610080
20151108100022027600080
20151108100022017500080
20151108100022004900080
20151108100022003300080
20151108100022026900080
20151108132922004710080
20151108132922002810080
20151108134722024310080
20151108134722018210080
20151108135322011610080
20151108140022014600080
20151108140022004300080
20151108140022001500080
20151108140022018000080
20151108140022024800080
20151108140022007200080
20151108140022011900080
20151108140022020900080
20151108140122020900080
20151108140122007300080
20151108140122021000080
20151108140122021800080
20151108140122008800080
20151108140122012800080
20151108140122026500080
20151108140122026500080
20151108140222027500080
20151108140222025200080
20151108140222012100080
20151108140422002300080
20151108140522028000080
20151108163722028500080
20151108163722020700080
20151108170322021600080
20151108171922005600080
20151108172122010310080
20151108172622026110080
20151108174722001010080
20151108174722016610080
20151108180022003200080
20151108180022026200080
20151108180122024900080
20151108183622026600080
20151108183622023000080
20151108213122027010080
20151108213122027010080
20151108213322003510080
20151108213322002210080
20151108213422005510080
20151108213422005510080
20151108213422016410080
20151108213522011710080
20151108213522003310080
20151108213622017510080
20151108213622004910080
20151108213722004010080
20151108213722014410080
20151108213822024210080
20151108213822025310080
20151108213822025810080
20151108213922025010080
20151108213922017410080
20151108214222014310080
20151108214222018710080
20151108214222005010080
20151108214422027610080
20151108214522017910080
20151108214522026810080
20151108214522016510080
20151108214622006210080
20151108220022008600080
20151108220022004700080
20151108220022019800080
20151108220022011600080
20151108220022003900080
20151108220022021900080
20151108220022009100080
20151108220022024600080
20151108220022027300080
20151108220022026400080
20151108220022025400080
20151108220022002800080
20151108220022019600080
20151108220022005400080
20151108220022019700080
20151108220022018200080
20151108220022006100080
20151108220022025600080
20151108220122020400080
20151108220122024500080
20151108220122026700080
20151108220322001600080
20151108220322001600080
20151108220522017300080
20151108220522017300080
20151109053522012810080
20151109053622014610080
20151109053622003210080
20151109053722010710080
20151109053722020910080
20151109053722001510080
20151109053722021010080
20151109053822026210080
20151109053922024910080
20151109053922026510080
20151109053922026510080
20151109053922025210080
20151109053922002310080
20151109053922007210080
20151109054122027510080
20151109054222007310080
20151109054222004310080
20151109054222008810080
20151109054222018010080
20151109054522011910080
20151109054522012110080
20151109054522020310080
20151109054522021810080
20151109054622024710080
20151109054622028010080
20151109054622024810080
20151109060022004000080
20151109060022002200080
20151109060022003500080
20151109060022014400080
20151109060022001000080
20151109060022025800080
20151109060022011700080
20151109060022017400080
20151109060022005500080
20151109060022024200080
20151109060022020600080
20151109060022018700080
20151109060022016400080
20151109060022027000080
20151109060022003300080
20151109060022014300080
20151109060122005000080
20151109060122017500080
20151109060122026100080
20151109060122006200080
20151109060122016600080
20151109060122010300080
20151109060222025300080
20151109060322025000080
20151109060422026800080
20151109060422024300080
20151109060522016500080
20151109063522017900080
20151109064922028210080
20151109064922028210080
20151109065822006710080
20151109071822027910080
20151109072022003810080
20151109072022021310080
20151109072322000110080
20151109072622028310080
20151109072822023210080
20151109072822000410080
20151109073122013610080
20151109073122014710080
20151109073122018810080
20151109073622028410080
20151109073622023610080
20151109073622027710080
20151109073622024010080
20151109074122011310080
20151109074122000610080
20151109074222022210080
20151109074222004510080
20151109074222004810080
20151109074222003710080
20151109074222020710080
20151109074222023110080
20151109074222023910080
20151109074222009210080
20151109074322028110080
20151109074322008910080
20151109074322006410080
20151109074322002010080
20151109074322000910080
20151109074322014110080
20151109074322022010080
20151109074422018510080
20151109074422008710080
20151109074422012710080
20151109074522012410080
20151109074522005210080
20151109074522005110080
20151109074722021610080
20151109074722015510080
20151109074822005310080
20151109074822005610080
20151109074822014210080
20151109074822020810080
20151109074922025110080
20151109074922027810080
20151109074922023510080
20151109074922028710080
20151109075222022610080
20151109075222028610080
20151109075222023310080
20151109075222029510080
20151109075322026610080
20151109075322023710080
20151109075422028510080
20151109075522000310080
20151109075622016810080
20151109075622023010080
20151109075722010510080
20151109075822017710080
20151109075922029310080
20151109080022019010080
2015110809230960352200070
2015110809230960352210070
2015110809230960352210070
2015110809361100425510070
2015110809561110830810070
2015110809561110830810070
2015110810030930524800070
2015110813302401201410070
2015110813351100425610070
2015110813360931030210070
2015110813371060711710070
2015110813371091123610070
2015110813380950946810070
2015110813390930422110070
2015110813400970364410070
2015110813411120333110070
2015110813430940837310070
2015110813451060712210070
2015110813501120333810070
2015110813501120333810070
2015110813510981203710070
2015110813542704201410070
2015110814010940837000070
2015110817000930524200070
2015110817000931030700070
2015110817012805201500070
2015110817030960251810070
2015110817110931030600070
2015110817200921211110070
2015110817200950945910070
2015110817497311201310070
2015110818011081217900070
2015110818010950947500070
2015110818020931032700070
2015110818020960352700070
2015110821261110629810070
2015110821261110629810070
2015110821380930524810070
2015110821380930118110070
2015110821380980366710070
2015110821380950947710070
2015110821380950947710070
2015110821380940837010070
2015110821380931031610070
2015110821401120634610070
2015110821410960453810070
2015110821410960453810070
2015110821410960453810070
2015110821431060711810070
2015110821440950949410070
2015110821451120735210070
2015110821470950663110070
2015110821470950663110070
2015110822000970364400070
2015110822001120333100070
2015110822000931030200070
2015110822000950946800070
2015110822002401201400070
2015110822001110830800070
2015110822001110830800070
2015110822010960352200070
2015110822031060711700070
2015110822031060711700070
2015110901441100626100070
2015110905320921213610070
2015110905340950662710070
2015110905340950662710070
2015110905350921212010070
2015110905350921212010070
2015110905350930524310070
2015110905360960352710070
2015110905360921213110070
2015110905370921213010070
2015110905380950949010070
2015110905390931032710070
2015110905390930118910070
2015110905391081217910070
2015110905410930116910070
2015110905411090318410070
2015110905411120333410070
2015110905421110830810070
2015110905421110830810070
2015110905420950947510070
2015110905431070714410070
2015110905460950948710070
2015110905460950948710070
2015110905470940837410070
2015110905470950946610070
2015110906020940837000070
2015110906030960453800070
2015110906050930524800070
2015110906090931031600070
2015110906190950663100070
2015110906200950663100070
2015110906490941239310070
2015110907201090419910070
2015110907210960150910070
2015110907210960150910070
2015110907210960150910070
2015110907270930827610070
2015110907280911102110070
2015110907280911102110070
2015110907280931030710070
2015110907291111031210070
2015110907291100425110070
2015110907291150337210070
2015110907311100425210070
2015110907311100425210070
2015110907320930421410070
2015110907320930421410070
2015110907330930114410070
2015110907331011002910070
2015110907331090822210070
2015110907331080315010070
2015110907341090418810070
2015110907340940836710070
2015110907351111131610070
2015110907370950744610070
2015110907370931234210070
2015110907381130436010070
2015110907391090418510070
2015110907410950663010070
2015110907410950663010070
2015110907410921211710070
2015110907410930928510070
2015110907410940535510070
2015110907411070714310070
2015110907420930219810070
2015110907422805201510070
2015110907431090520110070
2015110907430930929710070
2015110907430921213310070
2015110907430921213310070
2015110907440930827410070
2015110907440930827410070
2015110907440931233810070
2015110907440931234410070
2015110907440931234010070
2015110907440931234010070
2015110907451081016810070
2015110907450941038310070
2015110907451111131810070
2015110907450950662210070
2015110907451140836810070
2015110907451081117210070
2015110907450960252110070
2015110907450930626010070
2015110907461090418710070
2015110907461081117410070
2015110907460930524210070
2015110907461100727010070
2015110907460940736010070
2015110907460940736010070
2015110907460930422310070
2015110907470930422210070
2015110907471090621110070
2015110907470930928810070
2015110907470931031010070
2015110907470960856110070
2015110907470960555310070
2015110907480960454010070
2015110907480930117410070
2015110907501081117310070
2015110907500920604210070
2015110907511060812410070
2015110907521100626410070
2015110907521100224410070
2015110907530931031210070
2015110907530931031210070
2015110907540930320610070
2015110907540930727210070
2015110907550931133510070
2015110907550930115610070
2015110907570950543110070
2015110907581090721710070
2015110907581090721710070
2015110907591111201310070
2015110907591100626610070
2015110908000921212810070
2015110908571120634910070
2015110809380950949310060
2015110809400941038610060
2015110809400941038610060
2015110809491090419610060
2015110810000960655900060
2015110810001060712300060
2015110810001060712300060
2015110810000950949400060
2015110810000950949400060
2015110810010941038700060
2015110810030950542800060
2015110810030950542800060
2015110810030980366700060
2015110810051081016800060
2015110810050930524800060
2015110810050930524800060
2015110810201100626810060
2015110811191100626110060
2015110813310930118610060
2015110813310930118610060
2015110813430960655810060
2015110813440960655810060
2015110813520960251910060
2015110813520960251910060
2015110814000950949000060
2015110814000921213600060
2015110814001120634500060
2015110814001111232300060
2015110814000921211600060
2015110814001090621000060
2015110814000930118900060
2015110814000930524300060
2015110814001090318400060
2015110814000930116900060
2015110814000950662700060
2015110814001081218000060
2015110814001120333400060
2015110814001101228100060
2015110814001120333200060
2015110814001120333200060
2015110814030950946600060
2015110814030940837400060
2015110814030960453800060
2015110814030960453800060
2015110816061090419600060
2015110817020950662800060
2015110817020960454000060
2015110817020930524200060
2015110817020931030700060
2015110817032805201500060
2015110817130931030600060
2015110817141090418600060
2015110817141090418600060
2015110817141090418600060
2015110817281120634810060
2015110817281120634810060
2015110817380930524710060
2015110817390930524710060
2015110817517311201310060
2015110818030921213100060
2015110818030930117500060
2015110818030930117500060
2015110818030921212000060
2015110818030950947500060
2015110818040960352700060
2015110821000960151300060
2015110821000930421300060
2015110821000930421300060
2015110821280950543210060
2015110821280950543210060
2015110821380941239710060
2015110821381120634310060
2015110821381120634310060
2015110821390930524810060
2015110821390930524810060
2015110821390930524810060
2015110821400930118110060
2015110821400930118110060
2015110821410950946310060
2015110821410941038710060
2015110821410950542810060
2015110821410950542810060
2015110821410921212310060
2015110821410950945810060
2015110821410950945810060
2015110821421111232210060
2015110821431060712310060
2015110821470931030510060
2015110821470931030510060
2015110821511111232110060
2015110821511111232110060
2015110822001100626800060
2015110822000930118600060
2015110822000930118600060
2015110822001120333800060
2015110822000960251900060
2015110822000960251900060
2015110822000950945900060
2015110822000950949300060
2015110822001081117100060
2015110822010930524700060
2015110822010930524700060
2015110822011100425500060
2015110822010930422100060
2015110822011060712200060
2015110822011111232000060
2015110822012704201400060
2015110822011100425600060
2015110822030940837300060
2015110822031091123600060
2015110822050941038600060
2015110822050941038600060
2015110905350921211610060
2015110905350950745210060
2015110905380960352710060
2015110905390930117510060
2015110905390930117510060
2015110905411101228110060
2015110905431081218010060
2015110905450950947510060
2015110905521090621010060
2015110906000960655800060
2015110906001120634600060
2015110906001111232200060
2015110906000950543200060
2015110906000950543200060
2015110906000950946300060
2015110906000921212300060
2015110906000931030500060
2015110906001110629800060
2015110906001110629800060
2015110906001111232100060
2015110906001111232100060
2015110906000930118100060
2015110906001120634300060
2015110906001120634300060
2015110906001120735200060
2015110906001060711800060
2015110906000941239700060
2015110906000960251800060
2015110906000981203700060
2015110906000921211100060
2015110906001060110200060
2015110906001120634800060
2015110906001120634800060
2015110906010950949400060
2015110906010950949400060
2015110906017311201300060
2015110906017311201300060
2015110906010950945800060
2015110906010950945800060
2015110906041060712300060
2015110906041060712300060
2015110906040980366700060
2015110906070930524800060
2015110906070930524800060
2015110907061110329010060
2015110907061110329010060
2015110907121110328910060
2015110907290930827610060
2015110907300980366810060
2015110907300931030710060
2015110907300931030710060
2015110907300930219910060
2015110907311100124310060
2015110907311100124310060
2015110907311120232710060
2015110907330930662310060
2015110907341051009210060
2015110907350930114410060
2015110907350930428010060
2015110907350930428010060
2015110907360930428010060
2015110907361090418810060
2015110907400931234210060
2015110907401130436010060
2015110907411120434010060
2015110907412804201410060
2015110907420920605610060
2015110907430930523710060
2015110907430930523710060
2015110907431020303810060
2015110907430931030910060
2015110907430930421610060
2015110907431090419610060
2015110907440931233910060
2015110907440960151210060
2015110907440960151110060
2015110907450951049710060
2015110907460931133210060
2015110907460930928410060
2015110907460930115010060
2015110907460930115010060
2015110907470930115910060
2015110907470960151310060
2015110907470950542610060
2015110907470950543310060
2015110907481090418710060
2015110907481111031410060
2015110907481090418610060
2015110907481090418610060
2015110907480930524210060
2015110907480930321010060
2015110907481150437410060
2015110907481090520410060
2015110907480921213710060
2015110907480930421310060
2015110907480930422310060
2015110907490930928810060
2015110907490930827510060
2015110907490960856110060
2015110907500960454010060
2015110907501100626310060
2015110907501100626310060
2015110907511090419210060
2015110907520930929310060
2015110907520930421210060
2015110907590920605110060
