20151129093522002310080
20151129093922012110080
20151129094122002110080
20151129094222024710080
20151129094522027510080
20151129094622024810080
20151129095622018010080
20151129095922007310080
20151129095922004310080
20151129100022024500080
20151129100022006100080
20151129100022025600080
20151129100522024300080
20151129110522001600080
20151129133422026310080
20151129133422026210080
20151129133522001510080
20151129133522021010080
20151129133722020310080
20151129133822012810080
20151129134022015910080
20151129134122021810080
20151129134122020910080
20151129134122026510080
20151129134122026510080
20151129134222007210080
20151129134222025210080
20151129134222024910080
20151129135022028010080
20151129140022012200080
20151129140022005900080
20151129140022021500080
20151129140022019900080
20151129140022005700080
20151129140022018100080
20151129140022003100080
20151129140022027400080
20151129140022009000080
20151129140022025500080
20151129140022020200080
20151129140022025900080
20151129140022026000080
20151129140022027200080
20151129140022014500080
20151129140022017200080
20151129140022011100080
20151129140222023800080
20151129170022016800080
20151129170022025100080
20151129170122012700080
20151129172422011610080
20151129173522004410080
20151129173522003210080
20151129173522020610080
20151129173522004710080
20151129173522002810080
20151129173522002810080
20151129173522018210080
20151129180322011500080
20151129180322025700080
20151129180322002600080
20151129180422004600080
20151129180522003000080
20151129212922008610080
20151129213122025410080
20151129213622006110080
20151129213622001010080
20151129213622019710080
20151129213622021910080
20151129213622025610080
20151129214122009110080
20151129214122001610080
20151129214122020410080
20151129214122017310080
20151129214122017310080
20151129214222019610080
20151129214322026410080
20151129214322024610080
20151129214322027310080
20151129214622016610080
20151129214622005410080
20151129214722019810080
20151129214922024310080
20151129220022020300080
20151129220022020900080
20151129220022026200080
20151129220022012100080
20151129220022004300080
20151129220022026300080
20151129220122024700080
20151129220122021800080
20151129220122001500080
20151129220122007300080
20151129220222021000080
20151129220222010700080
20151129220222015900080
20151129220222025200080
20151129220222003200080
20151129220222002300080
20151129220222012800080
20151129220222018000080
20151129220322024800080
20151129220422002100080
20151129220422024900080
20151129220822028000080
20151130000222014200080
20151130053022011510080
20151130053122003110080
20151130053122004610080
20151130053522003010080
20151130053522020210080
20151130053622002610080
20151130053622018110080
20151130053622024410080
20151130053622009010080
20151130053622017210080
20151130053722005910080
20151130053722019910080
20151130053722011110080
20151130053822027210080
20151130053822026010080
20151130053922027110080
20151130053922025910080
20151130053922025710080
20151130053922005710080
20151130054022023810080
20151130054022014510080
20151130054322012210080
20151130054322025510080
20151130060022001000080
20151130060022026400080
20151130060022011600080
20151130060022021900080
20151130060022024600080
20151130060022024300080
20151130060022004700080
20151130060022007200080
20151130060022020600080
20151130060022016600080
20151130060022005400080
20151130060022019700080
20151130060022002800080
20151130060022019600080
20151130060022025600080
20151130060022025400080
20151130060022027500080
20151130060022017300080
20151130060022017300080
20151130060022027300080
20151130060122018200080
20151130060122004400080
20151130060122008600080
20151130060122026500080
20151130060122026500080
20151130060122009100080
20151130060222020400080
20151130061322021510080
20151130070022028210080
20151130070222006710080
20151130071722023210080
20151130072322001710080
20151130072422000410080
20151130072422018810080
20151130072522028310080
20151130072722013610080
20151130073222023910080
20151130073422023610080
20151130073422027710080
20151130073422000110080
20151130073422024010080
20151130073422000510080
20151130073522003810080
20151130073522005600080
20151130073722020710080
20151130073722009210080
20151130073722004510080
20151130073722004810080
20151130073822028110080
20151130073822003710080
20151130073822022210080
20151130073922011710080
20151130074022011310080
20151130074022000610080
20151130074122023110080
20151130074322008910080
20151130074422005310080
20151130074412036310080
20151130074522025110080
20151130074522027810080
20151130074522000910080
20151130074522005110080
20151130074522008710080
20151130074622012710080
20151130074822021610080
20151130074822020810080
20151130074822028710080
20151130074922028510080
20151130074922022610080
20151130075022005210080
20151130075322022510080
20151130075422022010080
20151130075422023410080
20151130075522018510080
20151130075522014110080
20151130075522006410080
20151130075522027910080
20151130075522029510080
20151130075522019110080
20151130075522016810080
20151130075622000310080
20151130075622028610080
20151130075622026610080
20151130075622023710080
20151130075622012410080
20151130075722023310080
20151130075822002010080
20151130075822010510080
20151130075822002410080
20151130075822029310080
2015112909270921213610070
2015112909321101228110070
2015112909470950948710070
2015112909470950948710070
2015112909471111232310070
2015112909531120333210070
2015112910010921211100070
2015112910341090419500070
2015112913211090520110070
2015112913290921211610070
2015112913340960251710070
2015112913370950662710070
2015112913370950662710070
2015112913390960352710070
2015112913390950946610070
2015112913400940837410070
2015112913401070714410070
2015112913460950947510070
2015112914010950663200070
2015112914070931031500070
2015112917000930929300070
2015112917000930929300070
2015112917001110629600070
2015112917001110629600070
2015112917010931030700070
2015112917010930524200070
2015112917031140636700070
2015112917031140636700070
2015112917031140636700070
2015112917040930928500070
2015112917041130436000070
2015112917220930116910070
2015112917230930117210070
2015112917230981203710070
2015112917250930524310070
2015112917291081217910070
2015112917330921212010070
2015112917341120333410070
2015112917340930118610070
2015112917340930118610070
2015112917350930118910070
2015112917350950949010070
2015112917350950946810070
2015112917360971266110070
2015112917511060712210070
2015112918050930116300070
2015112918050930116300070
2015112918131120634400070
2015112918131120634400070
2015112918151100927200070
2015112918471150337100070
2015112918480920604500070
2015112919311090419310070
2015112919581061212900070
2015112921280960352210070
2015112921280960352210070
2015112921311060711710070
2015112921311081117110070
2015112921340930524710070
2015112921340930524710070
2015112921342401201410070
2015112921390960251810070
2015112921411100425610070
2015112921421110830810070
2015112921421110830810070
2015112921461120333110070
2015112921470921211110070
2015112921501120333810070
2015112921501120333810070
2015112921511100626810070
2015112922000921211700070
2015112922000921211700070
2015112922001070714400070
2015112922001070714400070
2015112922020930117500070
2015112922020930117500070
2015112922050940837400070
2015113005271110629910070
2015113005271110629910070
2015113005300950947610070
2015113005300930929010070
2015113005310941239410070
2015113005310941239410070
2015113005330950662910070
2015113005330950662910070
2015113005351051109610070
2015113005350950663210070
2015113005350930119010070
2015113005360951050010070
2015113005360930928310070
2015113005360930928310070
2015113005370940735910070
2015113005381120333710070
2015113005390950745010070
2015113005431100927210070
2015113005441110629610070
2015113005450930116310070
2015113005450930116310070
2015113005480981203810070
2015113005480981203810070
2015113006000930118900070
2015113006001111232000070
2015113006010930117200070
2015113006010931030200070
2015113006020950946800070
2015113006020950946800070
2015113006071100626100070
2015113006160960352200070
2015113006400931233810070
2015113007151130436010070
2015113007190930827610070
2015113007210950744610070
2015113007210911102110070
2015113007210911102110070
2015113007220931030710070
2015113007221090419910070
2015113007240930114410070
2015113007261090822210070
2015113007271090822210070
2015113007271011002910070
2015113007281100425110070
2015113007280940836710070
2015113007350920605610070
2015113007360931234210070
2015113007360960151110070
2015113007360931233710070
2015113007360941038310070
2015113007371070714310070
2015113007370960252110070
2015113007371090419010070
2015113007370930827410070
2015113007370930827410070
2015113007381150337210070
2015113007390930219810070
2015113007391090922710070
2015113007390930524210070
2015113007391081117410070
2015113007401111131810070
2015113007400930115010070
2015113007400930115010070
2015113007400930421610070
2015113007410921211710070
2015113007410921211710070
2015113007410931234410070
2015113007420931031010070
2015113007420930928510070
2015113007420960555310070
2015113007420940736010070
2015113007420930626010070
2015113007421100224410070
2015113007420970965110070
2015113007420930320610070
2015113007430930928810070
2015113007431020905010070
2015113007430950662210070
2015113007430950662210070
2015113007430921212810070
2015113007440930116010070
2015113007451140636710070
2015113007451140636710070
2015113007450930662310070
2015113007450930115910070
2015113007461061212910070
2015113007461061212910070
2015113007461111031310070
2015113007460921213710070
2015113007460930421310070
2015113007460930422210070
2015113007460930422310070
2015113007460930422310070
2015113007460931030310070
2015113007491060812410070
2015113007490930115610070
2015113007500950662810070
2015113007510920604510070
2015113007510940735710070
2015113007521100727010070
2015113007521100727010070
2015113007521090822110070
2015113007520921213310070
2015113007520921213310070
2015113007530951150410070
2015113007530930115710070
2015113007531150437410070
2015113007541090721710070
2015113007541090721710070
2015113007550920604210070
2015113007551140836810070
2015113007560930727210070
2015113007560930727210070
2015113007561081016810070
2015113007571081117210070
2015113007570931031210070
2015113007570931031210070
2015113007570941258510070
2015113007570930116410070
2015113007570930117410070
2015113007571020303710070
2015113007590950543110070
2015113007590960454010070
2015113007591081117310070
2015113007590950644210070
2015113008360931234110070
2015112909061090418600060
2015112909061090418600060
2015112909061090418600060
2015112909310930117510060
2015112909310930117510060
2015112909360921213110060
2015112909360921213110060
2015112909551120333210060
2015112910010930422100060
2015112910011060711700060
2015112910011060711700060
2015112910010950945900060
2015112910012704201400060
2015112910011120333800060
2015112910011120333800060
2015112910021100425500060
2015112910020950949300060
2015112910020960251900060
2015112910020960251900060
2015112910361090419500060
2015112910361090419500060
2015112913420930525110060
2015112913420960352710060
2015112913420931032710060
2015112913461020604310060
2015112913480950947510060
2015112914010950662900060
2015112914010950662900060
2015112914011120333100060
2015112914011040407700060
2015112914010940735900060
2015112914010930929000060
2015112914031081217700060
2015112914031081217700060
2015112914030930524600060
2015112914050950745000060
2015112917030941239400060
2015112917030941239400060
2015112917030950948000060
2015112917030931030700060
2015112917030940736000060
2015112917030940736000060
2015112917030930524200060
2015112917061130436000060
2015112917270930117010060
2015112917320960655500060
2015112917320960655500060
2015112917321090318410060
2015112917331090621010060
2015112917351100626110060
2015112917371060611400060
2015112917371060611400060
2015112918000930119000060
2015112918001060712000060
2015112918004110201500060
2015112918001120735300060
2015112918000950947600060
2015112918001110629900060
2015112918001110629900060
2015112918000951050000060
2015112918001090318200060
2015112918000930422300060
2015112918000981203800060
2015112918050930928300060
2015112918070950948400060
2015112918071120333700060
2015112918071101228300060
2015112918071101228300060
2015112918070950946900060
2015112918080950946900060
2015112918080950946700060
2015112918080950946700060
2015112918081060711900060
2015112918491111031300060
2015112918491111031300060
2015112920301090418700060
2015112920571090520100060
2015112921030930115900060
2015112921031111131800060
2015112921362704201410060
2015112921391100626600060
2015112921390940837310060
2015112921410950945910060
2015112921420950949310060
2015112921430960251510060
2015112921431100425510060
2015112921470960251910060
2015112921470960251910060
2015112921480930422110060
2015112921490970364410060
2015112922000930525100060
2015112922000921213600060
2015112922001090621000060
2015112922001111232300060
2015112922000950662700060
2015112922001020604300060
2015112922001081218000060
2015112922000931032700060
2015112922011101228100060
2015112922010921213100060
2015112922010921213100060
2015112922010921213000060
2015112922010950946600060
2015112922010950946600060
2015112922020960251700060
2015112922020960251700060
2015112922021120333200060
2015112922021120333200060
2015112922030960352700060
2015112922040950948700060
2015112922040950948700060
2015112922091090520400060
2015112922090930115700060
2015112922090960151300060
2015112923330930827400060
2015112923330930827400060
2015113000151110830900060
2015113000151110830900060
2015113005371060712010060
2015113005380950948010060
2015113005391120735310060
2015113005391120735310060
2015113005391040407710060
2015113005390940735910060
2015113005414110201510060
2015113005414110201510060
2015113005451090318210060
2015113005451090318210060
2015113005450950946910060
2015113005461081217710060
2015113005461081217710060
2015113005471101228310060
2015113005471101228310060
2015113005480930524610060
2015113006000960655800060
2015113006000960655800060
2015113006002401201400060
2015113006011120333100060
2015113006011120333100060
2015113006010930116900060
2015113006010921211600060
2015113006010950949000060
2015113006010950947500060
2015113006010950947500060
2015113006011110830800060
2015113006010950945900060
2015113006010921212000060
2015113006010981203700060
2015113006011090318400060
2015113006011060712200060
2015113006010940837300060
2015113006010930117000060
2015113006010971266100060
2015113006021081217900060
2015113006020970364400060
2015113006020930118600060
2015113006021120333400060
2015113006020930524300060
2015113006030960251500060
2015113006031081117100060
2015113006051120634500060
2015113006051120634500060
2015113007100960151210060
2015113007121110329010060
2015113007171130436010060
2015113007210930827610060
2015113007231110328910060
2015113007241110329210060
2015113007240980366810060
2015113007240931030710060
2015113007260930114410060
2015113007271061213110060
2015113007290930115510060
2015113007291120232710060
2015113007291111031210060
2015113007300930428010060
2015113007301060611410060
2015113007311100124310060
2015113007311100124310060
2015113007311100124310060
2015113007331120434010060
2015113007341021005510060
2015113007350960655510060
2015113007361051009210060
2015113007380931133210060
2015113007380931133210060
2015113007380930928410060
2015113007381090418510060
2015113007380931233710060
2015113007382804201410060
2015113007410930524210060
2015113007410950542610060
2015113007410931234010060
2015113007421090419610060
2015113007432805201510060
2015113007432805201510060
2015113007440960856110060
2015113007451120835410060
2015113007450930928810060
2015113007451091223910060
2015113007460930321010060
2015113007470930115910060
2015113007480930421310060
2015113007491090520410060
2015113007490930421210060
2015113007490930421410060
2015113007491090418710060
2015113007491140436710060
2015113007530931133510060
2015113007550960151310060
2015113007551100626310060
2015113007550930929310060
2015113007550950663010060
2015113007550931030910060
2015113007551081117510060
2015113007560951049710060
2015113007560951049710060
2015113007570930929710060
2015113007571140836810060
2015113007580931032510060
2015113007591081117210060
2015113007591100425910060
2015113008040950543300060
2015113008040950543300060
2015113008471090419300060
