20151214092522028510080
20151214093922025810080
20151214093922025810080
20151214094722016410080
20151214094722027610080
20151214095022024210080
20151214095422016510080
20151214100522016810080
20151214100522027400080
20151214101022011100080
20151214101022011100080
20151214132922017510080
20151214133022017910080
20151214133022026810080
20151214133822003510080
20151214133822005510080
20151214133822002210080
20151214133922021110080
20151214134022018710080
20151214134022005010080
20151214134022018710080
20151214134122027010080
20151214134722017410080
20151214134722014310080
20151214134722014410080
20151214134722003310080
20151214134722026110080
20151214134822026910080
20151214135022006210080
20151214140022025400080
20151214140022026400080
20151214140022019600080
20151214140022024500080
20151214140122019700080
20151214140222001000080
20151214140222021900080
20151214140222003900080
20151214140322006100080
20151214140322009100080
20151214140422004700080
20151214170022012400080
20151214170022016800080
20151214170022016600080
20151214170022005400080
20151214170022005200080
20151214170122023300080
20151214170122022000080
20151214170122023600080
20151214170122028400080
20151214170222023200080
20151214170222015500080
20151214170222006400080
20151214170322013600080
20151214170322003700080
20151214170322011700080
20151214170322005300080
20151214170322027800080
20151214170322027800080
20151214170322023100080
20151214170322004500080
20151214170422014200080
20151214170422024000080
20151214170422012700080
20151214170422027700080
20151214170522029300080
20151214170522029500080
20151214170522028600080
20151214170522023500080
20151214170622010500080
20151214170722027900080
20151214171122006700080
20151214171422028700080
20151214172022008900080
20151214172922017210080
20151214173322018500080
20151214173422000600080
20151214173522009300080
20151214174622000900080
20151214174622025310080
20151214174822016010080
20151214174922025010080
20151214175122010310080
20151214175122004910080
20151214175622025910080
20151214180022008600080
20151214180022020600080
20151214180022024300080
20151214180022011600080
20151214180022026700080
20151214180022020400080
20151214180022019800080
20151214180022027300080
20151214180022008700080
20151214180122024600080
20151214180122025600080
20151214180122018200080
20151214180222001600080
20151214180222002800080
20151214180222001200080
20151214180222004400080
20151214180522021300080
20151214180522021300080
20151214180522021300080
20151214184822011000080
20151214184822011000080
20151214184822011000080
20151214184922002400080
20151214190122014700080
20151214190122009200080
20151214190222022500080
20151214190322019100080
20151214190422011300080
20151214190922022600080
20151214191622000400080
20151214192022009500080
20151214193922000300080
20151214193922020700080
20151214194222000500080
20151214195612036300080
20151214195822020800080
20151214200022025100080
20151214200022028100080
20151214200022028200080
20151214200122028200080
20151214200222018800080
20151214200222002000080
20151214200322005100080
20151214200422028300080
20151214200422000100080
20151214200522022200080
20151214200722021600080
20151214201222001700080
20151214201822028500080
20151214201922023000080
20151214204022019000080
20151214204022023400080
20151214211522003800080
20151214213222011110080
20151214213222011110080
20151214214122020210080
20151214214122005910080
20151214214122009010080
20151214214122018110080
20151214214122012010080
20151214214122002610080
20151214214122023810080
20151214214222024410080
20151214214322005710080
20151214214322014510080
20151214214422027410080
20151214214422027210080
20151214214422025710080
20151214214522026010080
20151214214522027110080
20151214214522021510080
20151214214922025510080
20151214214922003110080
20151214215022004610080
20151214215022003010080
20151214215222012210080
20151214220022016400080
20151214220022005500080
20151214220022014400080
20151214220022025800080
20151214220022025300080
20151214220022017500080
20151214220022024200080
20151214220022014300080
20151214220022021100080
20151214220022002200080
20151214220122021100080
20151214220122017900080
20151214220122018700080
20151214220122026900080
20151214220122003500080
20151214220222017400080
20151214220222006200080
20151214220222026800080
20151214220222005000080
20151214220222027600080
20151214220522027000080
20151214220622003300080
20151214220622025000080
20151214221722016500080
20151214230322023700080
20151214230522026600080
20151215053222026310080
20151215053522003210080
20151215053522002110080
20151215053622001510080
20151215053622021010080
20151215053722008810080
20151215053722004310080
20151215053922007310080
20151215053922018010080
20151215054022020910080
20151215054022002310080
20151215054222028010080
20151215054322026210080
20151215054422014610080
20151215054422010710080
20151215054522011910080
20151215054722027510080
20151215054922020310080
20151215054922026510080
20151215054922026510080
20151215054922026510080
20151215055122024710080
20151215055122007210080
20151215055122012110080
20151215055122012810080
20151215055222025210080
20151215055222024810080
20151215055622015910080
20151215060022005900080
20151215060022025500080
20151215060022012200080
20151215060022014500080
20151215060022020200080
20151215060022004900080
20151215060022027400080
20151215060022026000080
20151215060022011100080
20151215060022024400080
20151215060022027200080
20151215060122002600080
20151215060122012000080
20151215060122009000080
20151215060122010300080
20151215060122005700080
20151215060222016000080
20151215060322018100080
20151215060322025900080
20151215060322027100080
20151215060322003100080
20151215060422023800080
20151215060422017200080
20151215060422004600080
20151215060522003000080
20151215060522021500080
20151215071122028210080
20151215071322000410080
20151215071422006710080
20151215072622000510080
20151215073022013610080
20151215073222009510080
20151215073222001710080
20151215073222000110080
20151215073222014710080
20151215073222023210080
20151215073222023910080
20151215073222018810080
20151215073722005310080
20151215073822023610080
20151215073822027710080
20151215073822024010080
20151215074022023110080
20151215074022004510080
20151215074022003710080
20151215074022022210080
20151215074022028110080
20151215074022009210080
20151215074122020710080
20151215074222011710080
20151215074222002010080
20151215074222029510080
20151215074222008710080
20151215074222018510080
20151215074222023410080
20151215074322019110080
20151215074322011310080
20151215074322000610080
20151215074322006410080
20151215074322005610080
20151215074322008910080
20151215074422012410080
20151215074422028410080
20151215074422014210080
20151215074412036310080
20151215074522009310080
20151215074722012710080
20151215074822000910080
20151215074822025110080
20151215074822027810080
20151215074822005110080
20151215074922010510080
20151215074922021310080
20151215074922021310080
20151215074922021610080
20151215075422001210080
20151215075422005210080
20151215075422000310080
20151215075422022610080
20151215075422027910080
20151215075422028710080
20151215075422029310080
20151215075522003810080
20151215075622028610080
20151215075622023310080
20151215075722023710080
20151215075822002410080
20151215075822019010080
20151215075822022510080
20151215075822023510080
20151215075922016810080
20151215075922023010080
20151215075922026610080
20151215080022017710080
20151215080022028510080
2015121409060931030510070
2015121409060931030510070
2015121409391060711810070
2015121413361120634610070
2015121413370930524810070
2015121413380950947710070
2015121413380950947710070
2015121413400971266110070
2015121413411120634810070
2015121413411120634810070
2015121413430950949410070
2015121413441120735210070
2015121413460950663110070
2015121413460950663110070
2015121414012704201400070
2015121414030950949300070
2015121416181100626100070
2015121416201120634900070
2015121417000930421200070
2015121417010930428000070
2015121417010960454000070
2015121417010930929300070
2015121417010930421400070
2015121417020931233800070
2015121417020930524200070
2015121417020930116400070
2015121417020931030700070
2015121417021130436000070
2015121417020931234200070
2015121417030921213300070
2015121417030930115900070
2015121417041100626400070
2015121417040950662200070
2015121417040930116000070
2015121417040930422200070
2015121417051140836800070
2015121417050940836700070
2015121417050930115500070
2015121417051100224400070
2015121417051140636700070
2015121417050950663000070
2015121417051090822200070
2015121417061020303800070
2015121417060930219900070
2015121417061120835400070
2015121417061090922700070
2015121417060930928400070
2015121417060930928400070
2015121417060930626000070
2015121417060951150400070
2015121417080941138900070
2015121417081061213100070
2015121417110931030600070
2015121417110931030600070
2015121417141090418800070
2015121417181100425200070
2015121417181100425200070
2015121417210961056500070
2015121417210920604200070
2015121417210920604500070
2015121417220931234100070
2015121417271100626310070
2015121417271100626310070
2015121417281081016810070
2015121417281081016810070
2015121417311080315000070
2015121417330941239710070
2015121417381090620610070
2015121417380921212800070
2015121417381051009200070
2015121417401060812400070
2015121417401060812400070
2015121417431110328810070
2015121417441051109610070
2015121417451120333710070
2015121417470931233900070
2015121417490930116310070
2015121417490930116310070
2015121417500950945810070
2015121417500950945810070
2015121417530960655910070
2015121417530960655910070
2015121417541111232110070
2015121417541111232110070
2015121417560930727210070
2015121417570930727210070
2015121418040931030200070
2015121418100960352200070
2015121418151020905000070
2015121418190930928800070
2015121418251150337100070
2015121418351061212900070
2015121419461130335800070
2015121420010930929700070
2015121420010930929700070
2015121421310950663210070
2015121421341040407710070
2015121421340950947610070
2015121421380930119010070
2015121421390950662910070
2015121421390950662910070
2015121421400940735910070
2015121421430981203810070
2015121421430981203810070
2015121421470930929010070
2015121421491110629610070
2015121421501100927210070
2015121421500951050010070
2015121422002401201400070
2015121422010960453800070
2015121422020931031600070
2015121422030930524800070
2015121422030930524800070
2015121422030930524800070
2015121505241090621110070
2015121505370921211610070
2015121505370930524310070
2015121505380930118910070
2015121505380950949010070
2015121505391120333210070
2015121505391120333210070
2015121505400950947510070
2015121505400950947510070
2015121505420921212010070
2015121505420921212010070
2015121505430930117210070
2015121505431081217910070
2015121505440930116910070
2015121505441090318410070
2015121505440960251710070
2015121505450921213010070
2015121505531111232310070
2015121505530950946610070
2015121506011040407700070
2015121506030950663200070
2015121506031051109600070
2015121506050930116300070
2015121506050930116300070
2015121506050931031500070
2015121506490931233810070
2015121507030941239310070
2015121507151090419910070
2015121507171150337210070
2015121507180930928510070
2015121507230950744610070
2015121507270911102110070
2015121507270911102110070
2015121507270931030710070
2015121507281111131610070
2015121507280930219910070
2015121507281111031210070
2015121507291061212910070
2015121507291061212910070
2015121507291090822210070
2015121507310930929710070
2015121507310930827610070
2015121507331080315010070
2015121507340930827410070
2015121507340930827410070
2015121507351140436710070
2015121507350940836710070
2015121507350931234210070
2015121507360930524210070
2015121507362804201410070
2015121507360940736010070
2015121507360930116410070
2015121507371090520110070
2015121507370920605610070
2015121507370941038310070
2015121507371090520410070
2015121507380931133210070
2015121507382805201510070
2015121507382805201510070
2015121507381070714310070
2015121507390930421310070
2015121507390930115010070
2015121507390930115010070
2015121507400930219810070
2015121507400930626010070
2015121507401100224410070
2015121507400921258810070
2015121507400931030310070
2015121507401090419510070
2015121507401090822110070
2015121507401140636710070
2015121507401140636710070
2015121507411140836810070
2015121507410950662210070
2015121507410950662210070
2015121507410921212810070
2015121507410921212710070
2015121507410930928410070
2015121507410930115910070
2015121507411090419410070
2015121507420960151110070
2015121507421100425910070
2015121507420960856110070
2015121507421120835410070
2015121507420930827510070
2015121507420931031010070
2015121507431090419310070
2015121507431090419010070
2015121507431130436010070
2015121507440930422210070
2015121507440921213710070
2015121507440930422310070
2015121507440930117410070
2015121507440921211710070
2015121507440930929310070
2015121507441100727010070
2015121507440930929310070
2015121507451081117410070
2015121507451091223910070
2015121507450930116010070
2015121507450931234110070
2015121507461081117310070
2015121507470950663010070
2015121507480930421410070
2015121507500950644210070
2015121507501060812410070
2015121507501020905010070
2015121507510920604510070
2015121507520930115610070
2015121507531081117510070
2015121507531090418810070
2015121507530931031210070
2015121507530931031210070
2015121507560920604210070
2015121507560960252110070
2015121507571090922710070
2015121507570921213310070
2015121507570921213310070
2015121507571100626610070
2015121507571090721710070
2015121507571090721710070
2015121507580951150410070
2015121507590930320610070
2015121409360941038710060
2015121409371060712310060
2015121409500950543210060
2015121409500950543210060
2015121410020950948400060
2015121410030950948000060
2015121410040981203800060
2015121410041060711900060
2015121410050930928300060
2015121410050930928300060
2015121410061101228300060
2015121410061101228300060
2015121413391060210510060
2015121413390930524810060
2015121413391111232210060
2015121413410931031610060
2015121413420950946510060
2015121413440950946310060
2015121413460950542810060
2015121413460950542810060
2015121414000930422100060
2015121414000960251800060
2015121414001100425600060
2015121414001120333800060
2015121414001120333800060
2015121414011110830800060
2015121414011110830800060
2015121414020921211100060
2015121414020930118600060
2015121414020930118600060
2015121414031081117100060
2015121414030970364400060
2015121414030970364400060
2015121414040930524700060
2015121414040930524700060
2015121417011111131800060
2015121417011111131800060
2015121417010930827500060
2015121417010931234000060
2015121417010941038300060
2015121417020941038300060
2015121417020960151300060
2015121417020931233700060
2015121417021081117200060
2015121417021090419500060
2015121417021100626600060
2015121417022804201400060
2015121417020930421200060
2015121417021081117400060
2015121417020930523700060
2015121417020930523700060
2015121417020930115600060
2015121417021090419600060
2015121417021081117300060
2015121417030911102100060
2015121417030911102100060
2015121417030930428000060
2015121417030930929300060
2015121417030960454000060
2015121417031070714300060
2015121417031120333100060
2015121417030950662800060
2015121417030931032500060
2015121417031100727000060
2015121417030930114400060
2015121417030930115700060
2015121417040940736000060
2015121417040940736000060
2015121417040930827400060
2015121417040930524200060
2015121417040930115000060
2015121417040930115000060
2015121417040931030700060
2015121417051130436000060
2015121417050930422300060
2015121417050950644200060
2015121417050931031000060
2015121417050980366800060
2015121417050960151000060
2015121417051060712200060
2015121417060930115900060
2015121417060960252100060
2015121417060940735700060
2015121417060960856100060
2015121417071110329000060
2015121417071100324800060
2015121417070930421300060
2015121417071140836800060
2015121417071060611400060
2015121417071060611400060
2015121417070931030300060
2015121417071150437400060
2015121417071090419000060
2015121417080981267700060
2015121417080981267700060
2015121417081090418700060
2015121417080930219800060
2015121417080931133200060
2015121417090950542600060
2015121417091090822100060
2015121417091090721700060
2015121417100960655500060
2015121417101110329200060
2015121417101090419300060
2015121417161090418800060
2015121417170930827600060
2015121417170930827600060
2015121417171090418500060
2015121417181081117500060
2015121417210921213700060
2015121417230920605600060
2015121417240931234100060
2015121417251100425900060
2015121417270930321000060
2015121417281120634310060
2015121417281120634310060
2015121417280940836400060
2015121417291090520400060
2015121417290920605100060
2015121417300950543300060
2015121417301110328900060
2015121417321090621300060
2015121417330951049700060
2015121417330960151200060
2015121417340971266100060
2015121417380940535500060
2015121417401090620610060
2015121417451110328810060
2015121417460950542810060
2015121417460950542810060
2015121417480921212310060
2015121417490931233900060
2015121417501060110200060
2015121418001091123600060
2015121418001091123600060
2015121418001100626800060
2015121418000960655800060
2015121418000940837300060
2015121418000940837300060
2015121418000981203700060
2015121418000960251900060
2015121418000960251900060
2015121418001081016100060
2015121418011111232000060
2015121418010950946800060
2015121418010950946800060
2015121418030950945900060
2015121418070960251500060
2015121418141120232700060
2015121418221100124300060
2015121418221100124300060
2015121418221100124300060
2015121418221090621100060
2015121418271150337100060
2015121418501090419900060
2015121419441111031400060
2015121419441111031400060
2015121419441111031400060
2015121419491130335800060
2015121420000930114500060
2015121420000930114500060
2015121420000930114500060
2015121420171011002900060
2015121421341120735310060
2015121421341120735310060
2015121421361040407710060
2015121421410931031510060
2015121421420950948010060
2015121421454110201510060
2015121421454110201510060
2015121421450930928310060
2015121421450930928310060
2015121421510950946910060
2015121421510950946910060
2015121421521081217710060
2015121421521081217710060
2015121421540930524610060
2015121422001060712300060
2015121422001120634800060
2015121422000950946500060
2015121422000931030500060
2015121422000931030500060
2015121422010950946300060
2015121422010950947700060
2015121422010950947700060
2015121422021110629800060
2015121422021110629800060
2015121422021060711800060
2015121422021120634600060
2015121422021120735200060
2015121422021111232200060
2015121422030950663100060
2015121422030950663100060
2015121422030941038700060
2015121422030941038700060
2015121422030960453800060
2015121422041060210500060
2015121422050930524800060
2015121422050930524800060
2015121422050930524800060
2015121422060950949400060
2015121422060950949400060
2015121505261090621110060
2015121505341100124310060
2015121505341100124310060
2015121505341100124310060
2015121505360950662710060
2015121505390950745210060
2015121505411101228110060
2015121505430930525110060
2015121505430930525110060
2015121505450930117510060
2015121505450930117510060
2015121505460970364410060
2015121505480921213110060
2015121505531020604310060
2015121505551090621010060
2015121506001120634300060
2015121506001120634300060
2015121506001090620600060
2015121506001090620600060
2015121506000950543200060
2015121506000950543200060
2015121506000960655900060
2015121506000960655900060
2015121506001110629600060
2015121506011110328800060
2015121506011110328800060
2015121506011111232100060
2015121506011111232100060
2015121506010950945800060
2015121506010950945800060
2015121506011120735300060
2015121506011120735300060
2015121506010950947600060
2015121506030981203800060
2015121506030981203800060
2015121506034110201500060
2015121506034110201500060
2015121506031040407700060
2015121506030950662900060
2015121506030950662900060
2015121506030921212300060
2015121506041060711900060
2015121506040950542800060
2015121506040950542800060
2015121506050930524600060
2015121506060930119000060
2015121506061100927200060
2015121506060950946700060
2015121506060930727200060
2015121506060930727200060
2015121506190941239700060
2015121506201100626300060
2015121506201100626300060
2015121506391081016800060
2015121506391081016800060
2015121507191110329010060
2015121507251011002910060
2015121507280931233910060
2015121507300931030710060
2015121507300930115510060
2015121507300980366810060
2015121507301110328910060
2015121507301110329210060
2015121507311120232710060
2015121507311120232710060
2015121507311060611410060
2015121507311051009210060
2015121507330930428010060
2015121507331061213110060
2015121507341020303810060
2015121507340930827610060
2015121507341020905210060
2015121507350930114410060
2015121507361081117210060
2015121507370960353610060
2015121507370960353610060
2015121507380931234210060
2015121507381090418510060
2015121507381090419610060
2015121507380930524210060
2015121507380930523710060
2015121507380930523710060
2015121507400931233710060
2015121507400930115710060
2015121507400931030910060
2015121507420950542610060
2015121507421111031410060
2015121507430920605110060
2015121507430931234010060
2015121507440930115910060
2015121507441150437410060
2015121507440960856110060
2015121507440950543310060
2015121507450960555310060
2015121507460930421210060
2015121507461130436010060
2015121507471100727010060
2015121507470930321010060
2015121507480960454010060
2015121507480951049710060
2015121507501100626410060
2015121507570931032510060
2015121508030940836610060
