20151119094222002110080
20151119094322020310080
20151119094322026510080
20151119094322026510080
20151119100022021100080
20151119100022014300080
20151119133322007310080
20151119133322012810080
20151119133522026310080
20151119133722012110080
20151119133822003210080
20151119133822024810080
20151119133822001510080
20151119133922002310080
20151119134022024910080
20151119134122025210080
20151119134122021010080
20151119134222027510080
20151119134322021810080
20151119134322011910080
20151119134622008810080
20151119134622004310080
20151119134922015910080
20151119135022014610080
20151119135022010710080
20151119140022011100080
20151119140022005900080
20151119161022021500080
20151119162122009000080
20151119162122003000080
20151119162322003100080
20151119162422004600080
20151119163022012200080
20151119163022017200080
20151119163022023800080
20151119163022002600080
20151119170022012700080
20151119170022012400080
20151119170022014100080
20151119170022022000080
20151119170022019900080
20151119170022025100080
20151119170022011500080
20151119170022023900080
20151119170022012000080
20151119170022014500080
20151119170022011700080
20151119170022027100080
20151119170022010900080
20151119170022025700080
20151119170022005300080
20151119170022003700080
20151119170022027200080
20151119170022026000080
20151119170022005700080
20151119170022013600080
20151119170022004800080
20151119170022015500080
20151119170022028400080
20151119170022023200080
20151119170022023300080
20151119170022008700080
20151119170022006400080
20151119170122023700080
20151119170122023400080
20151119170122027800080
20151119170122009200080
20151119170122027700080
20151119170222023100080
20151119170222004500080
20151119170222025900080
20151119170222028600080
20151119170222006700080
20151119170222029300080
20151119170322029500080
20151119170322011300080
20151119170422023500080
20151119170622027900080
20151119170722028700080
20151119170922023000080
20151119170922028100080
20151119171122022500080
20151119171922000500080
20151119172022014700080
20151119172122010500080
20151119172122000900080
20151119172722009300080
20151119172812036300080
20151119172822020700080
20151119172822001200080
20151119172922000600080
20151119172922009500080
20151119173022028300080
20151119174422019810080
20151119174622018210080
20151119174622024310080
20151119174722025410080
20151119174822017310080
20151119174822017310080
20151119174822005600080
20151119174822024610080
20151119180022024400080
20151119180022027400080
20151119180022025500080
20151119180122001700080
20151119180122008800080
20151119180122018100080
20151119180222022600080
20151119180222002400080
20151119182922003800080
20151119183222017700080
20151119184022000400080
20151119185122005100080
20151119185222011000080
20151119185722020800080
20151119190322002000080
20151119190322005200080
20151119190422021600080
20151119190822020800080
20151119191822000100080
20151119193322000300080
20151119200122018800080
20151119200322022200080
20151119212022008610080
20151119212022003910080
20151119212722002810080
20151119212722004710080
20151119212722004410080
20151119212722001010080
20151119213122014200080
20151119213122026410080
20151119213122019610080
20151119213122016610080
20151119213622025610080
20151119213622006110080
20151119213722011610080
20151119213822020610080
20151119214022020410080
20151119214022005410080
20151119214022009110080
20151119214122024510080
20151119214122026710080
20151119214422019710080
20151119214422021910080
20151119215022001610080
20151119220022010700080
20151119220022012800080
20151119220022001500080
20151119220022021000080
20151119220022024800080
20151119220022026300080
20151119220022026500080
20151119220022026500080
20151119220022021800080
20151119220122014600080
20151119220122015900080
20151119220222002300080
20151119220222004300080
20151119220322011900080
20151119220322020300080
20151119220322007300080
20151119220422024900080
20151119220422003200080
20151119220622002100080
20151119220622012100080
20151119220622027500080
20151119220622025200080
20151119221522026600080
20151119221622018500080
20151120052922027210080
20151120052922027210080
20151120053622003110080
20151120053622004610080
20151120053722011110080
20151120053722024410080
20151120053722010910080
20151120053822009010080
20151120053822005910080
20151120053822019910080
20151120053922011510080
20151120054122027110080
20151120054122025910080
20151120054122026010080
20151120054122025710080
20151120054122005710080
20151120054322025510080
20151120054322002610080
20151120054322012010080
20151120054322023810080
20151120054322018110080
20151120054422017210080
20151120054422027410080
20151120054822012210080
20151120055022021510080
20151120055722003010080
20151120060022024300080
20151120060022026700080
20151120060022024700080
20151120060022020600080
20151120060022011600080
20151120060022026400080
20151120060022004700080
20151120060022019600080
20151120060022024600080
20151120060022025400080
20151120060022025600080
20151120060022019800080
20151120060022006100080
20151120060022005400080
20151120060022019700080
20151120060022017300080
20151120060022017300080
20151120060022008600080
20151120060022020400080
20151120060022024500080
20151120060122009100080
20151120060122001000080
20151120060122004400080
20151120060222002800080
20151120060222001600080
20151120060222018200080
20151120070222006710080
20151120071422028210080
20151120071522028210080
20151120072022013610080
20151120072122003810080
20151120072622023210080
20151120072722028310080
20151120072722021310080
20151120073022000410080
20151120073122009510080
20151120073222014710080
20151120073222001710080
20151120073222000110080
20151120073322018810080
20151120073622000510080
20151120073622028110080
20151120073722004510080
20151120073722003710080
20151120073722022210080
20151120073822004810080
20151120073822009210080
20151120074022023910080
20151120074022005610080
20151120074022011710080
20151120074122005310080
20151120074122014210080
20151120074112036310080
20151120074222000610080
20151120074222011310080
20151120074222028710080
20151120074322023110080
20151120074322023510080
20151120074322028410080
20151120074322025110080
20151120074522008910080
20151120074522000910080
20151120074622005110080
20151120074622008710080
20151120074722002410080
20151120074722027810080
20151120074822028510080
20151120074822021610080
20151120074922009310080
20151120074922027710080
20151120074922020710080
20151120074922006410080
20151120074922010510080
20151120074922002010080
20151120074922022010080
20151120074922018510080
20151120075022014110080
20151120075022012710080
20151120075022023410080
20151120075022005210080
20151120075022020810080
20151120075022015510080
20151120075022016810080
20151120075022029510080
20151120075122012410080
20151120075122000310080
20151120075122022610080
20151120075222011010080
20151120075222026610080
20151120075222023310080
20151120075222028610080
20151120075222023710080
20151120075322027910080
20151120075522022510080
20151120080022023010080
2015111909410940837410070
2015111909410940837410070
2015111909581081218010070
2015111910001060711800070
2015111913290921213710070
2015111913330960251710070
2015111913330960251710070
2015111913340921213610070
2015111913370930524310070
2015111913380921211610070
2015111913390950947510070
2015111913450930116910070
2015111913451081217910070
2015111913480950946610070
2015111913491090621010070
2015111913491111232310070
2015111914010930116300070
2015111914010930116300070
2015111914010950745000070
2015111914021051109600070
2015111914020940837000070
2015111914020940837000070
2015111914400920605100070
2015111915311120634900070
2015111917000930116000070
2015111917001090419500070
2015111917001110830600070
2015111917002805201500070
2015111917001040407700070
2015111917000930928500070
2015111917001130436000070
2015111917010930928800070
2015111917010931234200070
2015111917010930524200070
2015111917010960454000070
2015111917021061212900070
2015111917021061212900070
2015111917030931030700070
2015111917030930117400070
2015111917030921213300070
2015111917030921213300070
2015111917031091223900070
2015111917030931233800070
2015111917030931030300070
2015111917041100224400070
2015111917041051009200070
2015111917041090418500070
2015111917040950744600070
2015111917040930626000070
2015111917040930422300070
2015111917040930422300070
2015111917050940535500070
2015111917050930422200070
2015111917051090418800070
2015111917061090418700070
2015111917061100425100070
2015111917070930219900070
2015111917070941138900070
2015111917071111031300070
2015111917090960655500070
2015111917100921212800070
2015111917111020905000070
2015111917160930320600070
2015111917170930525200070
2015111917170931233900070
2015111917201090419000070
2015111917210941239300070
2015111917241070714410070
2015111917251090822100070
2015111917251080315000070
2015111917271060611400070
2015111917291090520400070
2015111917290930421300070
2015111917290920604200070
2015111917301140836800070
2015111917311021005600070
2015111917310921213700070
2015111917330920604500070
2015111917411120333410070
2015111917421090318410070
2015111917460921212010070
2015111917460940837310070
2015111917460940837310070
2015111917470930118910070
2015111917491101228110070
2015111917500950948710070
2015111917500950948710070
2015111918020950663200070
2015111918020950663200070
2015111918040981203800070
2015111918041110629900070
2015111918041110629900070
2015111918044110201500070
2015111918044110201500070
2015111918211090621300070
2015111918340930727200070
2015111918340930727200070
2015111919051130335800070
2015111920000950663000070
2015111920000950663000070
2015111920020930929700070
2015111920020930929700070
2015111920160931234100070
2015111921120960352210070
2015111921120960352210070
2015111921330931030210070
2015111921342401201410070
2015111921351060711710070
2015111921360930118610070
2015111921360930118610070
2015111921380930524710070
2015111921380930524710070
2015111921392704201410070
2015111921400930422110070
2015111921410960251810070
2015111921481100425610070
2015111921501091123610070
2015111922010960251700070
2015111922010960251700070
2015111922010940837400070
2015111922010940837400070
2015112005251110629910070
2015112005251110629910070
2015112005290930119010070
2015112005291060712010070
2015112005340941239410070
2015112005350930929010070
2015112005360930928310070
2015112005360950662910070
2015112005360950662910070
2015112005371051109610070
2015112005370981203810070
2015112005370950948410070
2015112005380950947610070
2015112005410940735910070
2015112005440950663210070
2015112005441120333710070
2015112005481100927210070
2015112005490950745010070
2015112005500930116310070
2015112005500930116310070
2015112006011110830800070
2015112006011110830800070
2015112006010931030200070
2015112006011091123600070
2015112006011091123600070
2015112006021060711700070
2015112006022401201400070
2015112006020930117200070
2015112006120960352200070
2015112006280930525210070
2015112006440931233810070
2015112007040941239310070
2015112007160950744610070
2015112007220930827610070
2015112007230921212810070
2015112007291100425210070
2015112007291100425210070
2015112007291061212910070
2015112007291061212910070
2015112007300931030710070
2015112007301090419910070
2015112007301100425110070
2015112007301090822210070
2015112007331111031310070
2015112007341090418510070
2015112007351140436710070
2015112007360931234210070
2015112007361051009210070
2015112007370930421410070
2015112007371070714310070
2015112007370930320310070
2015112007380920604210070
2015112007380940836710070
2015112007381090419010070
2015112007390930115010070
2015112007390930115010070
2015112007390941038310070
2015112007401090419510070
2015112007400930626010070
2015112007401100224410070
2015112007401090418710070
2015112007401040107310070
2015112007400950662210070
2015112007400950662210070
2015112007410940736010070
2015112007410940736010070
2015112007411080315010070
2015112007420930928810070
2015112007422805201510070
2015112007430930219810070
2015112007430931234410070
2015112007430920605610070
2015112007430950662810070
2015112007431091223910070
2015112007450930421310070
2015112007450930422210070
2015112007450930422210070
2015112007450921213710070
2015112007450930422310070
2015112007460941258510070
2015112007460960856110070
2015112007460931031010070
2015112007460960555310070
2015112007471020905010070
2015112007470930115710070
2015112007471100626410070
2015112007470930524210070
2015112007491081117510070
2015112007491081117510070
2015112007490930116010070
2015112007490930929710070
2015112007501081016810070
2015112007510931031210070
2015112007510931031210070
2015112007510950543310070
2015112007510930115910070
2015112007510960454010070
2015112007510931234010070
2015112007511100425910070
2015112007521060812410070
2015112007521140836810070
2015112007520921211710070
2015112007520921211710070
2015112007521090621110070
2015112007521111131810070
2015112007521111131810070
2015112007531090419310070
2015112007530970965110070
2015112007531150337110070
2015112007530930929310070
2015112007530930929310070
2015112007530930117410070
2015112007530930117410070
2015112007540930928510070
2015112007550930115610070
2015112007550950543110070
2015112007550930727210070
2015112007560921213310070
2015112007561120835410070
2015112007560960252110070
2015112007571090721710070
2015112007571090721710070
2015112007580951150410070
2015112007590930320610070
2015112008110931234110070
2015111913420950947510060
2015111913480971266110060
2015111913510921213110060
2015111913510921213010060
2015111913511020604310060
2015111913520930525110060
2015111914000950946900060
2015111914000950946900060
2015111914010950948000060
2015111914010950948600060
2015111914011060711900060
2015111914011120333700060
2015111914010950946700060
2015111914011090318200060
2015111914020930524600060
2015111914030950745000060
2015111914041100927200060
2015111914040930928300060
2015111914040930928300060
2015111914050941239400060
2015111914050941239400060
2015111917010921211700060
2015111917010921211700060
2015111917011101228300060
2015111917011101228300060
2015111917010931234000060
2015111917011081117400060
2015111917021081117300060
2015111917020930114400060
2015111917020930827500060
2015111917021090419500060
2015111917021110830600060
2015111917022805201500060
2015111917021040407700060
2015111917021100626300060
2015111917021100626300060
2015111917020930928500060
2015111917020931233700060
2015111917021070714300060
2015111917021130436000060
2015111917030930115600060
2015111917030930928800060
2015111917031090419600060
2015111917030960151300060
2015111917030930929300060
2015111917030930428000060
2015111917030930524200060
2015111917030950662800060
2015111917031100626400060
2015111917030960454000060
2015111917040940736000060
2015111917040941038300060
2015111917040930421200060
2015111917040930421400060
2015111917041100425900060
2015111917040930115000060
2015111917040930115000060
2015111917040930115700060
2015111917041011002900060
2015111917041100727000060
2015111917041090621100060
2015111917040931030900060
2015111917040981267700060
2015111917050980366800060
2015111917050960151000060
2015111917050960856100060
2015111917050930827400060
2015111917050931030700060
2015111917051120434000060
2015111917050960555300060
2015111917050940735700060
2015111917051120835400060
2015111917051060812400060
2015111917061090822200060
2015111917061090822200060
2015111917061020303800060
2015111917060930115500060
2015111917060951150400060
2015111917061100324800060
2015111917060931031000060
2015111917061110329200060
2015111917060950662200060
2015111917070960151100060
2015111917070911102100060
2015111917070911102100060
2015111917071090418600060
2015111917071090418800060
2015111917071090418600060
2015111917070930421600060
2015111917071110830900060
2015111917071110830900060
2015111917081090418700060
2015111917081061213100060
2015111917081150337100060
2015111917090931133200060
2015111917091090922700060
2015111917090930321000060
2015111917200931233900060
2015111917211081016100060
2015111917220940836700060
2015111917220931030600060
2015111917230931030600060
2015111917270930219800060
2015111917310930421300060
2015111917310950543300060
2015111917311120232700060
2015111917320920605600060
2015111917340930119000060
2015111917340951049700060
2015111917350940836400060
2015111917350961056500060
2015111917371090419300060
2015111917430931032710060
2015111917431120333410060
2015111917430950745210060
2015111917440930117210060
2015111917480941038610060
2015111917480941038610060
2015111917480930117510060
2015111917480930117510060
2015111917501120333210060
2015111917511120333210060
2015111917521081117500060
2015111917541110329000060
2015111918000950947600060
2015111918001110629600060
2015111918020951050000060
2015111918050950662900060
2015111918050950662900060
2015111918050930929000060
2015111918050950948400060
2015111918051060712000060
2015111918061120735300060
2015111918061120735300060
2015111918061120634400060
2015111918061120634400060
2015111918100931031500060
2015111918231090621300060
2015111918281090419200060
2015111918281081117200060
2015111918530931032500060
2015111919001150337200060
2015111919001110328900060
2015111919001110328900060
2015111919020941258500060
2015111920000950543100060
2015111920000950543100060
2015111920311090721700060
2015111920311090721700060
2015111920371150437400060
2015111920370930115900060
2015111920381111131800060
2015111920381111131800060
2015111921040930827600060
2015111921040930827600060
2015111921340950945910060
2015111921411100626810060
2015111921410970364410060
2015111921410970364410060
2015111921520960251510060
2015111921521091123610060
2015111922001081217900060
2015111922000930116900060
2015111922001111232300060
2015111922000921213600060
2015111922000950947500060
2015111922000921211600060
2015111922001090621000060
2015111922000921213100060
2015111922000921213000060
2015111922000930524300060
2015111922000930525100060
2015111922011020604300060
2015111922011081218000060
2015111922020950946600060
2015111922020950946600060
2015111922030971266100060
2015112005384110201510060
2015112005381040407710060
2015112005400951050010060
2015112005400950948010060
2015112005441090318210060
2015112005441090318210060
2015112005451101228310060
2015112005451101228310060
2015112005461110629610060
2015112005461120735310060
2015112005461120735310060
2015112005460950946910060
2015112005500950948610060
2015112005511081217710060
2015112005511081217710060
2015112005520930524610060
2015112006000960251800060
2015112006000960251800060
2015112006001090318400060
2015112006000950745200060
2015112006001120333400060
2015112006000930422100060
2015112006000950948700060
2015112006001101228100060
2015112006000930117500060
2015112006000930117500060
2015112006002704201400060
2015112006010921212000060
2015112006010931032700060
2015112006010930118600060
2015112006010930118600060
2015112006010950945900060
2015112006011100425600060
2015112006010930118900060
2015112006011111232000060
2015112006030941038600060
2015112006030941038600060
2015112006030940837300060
2015112006030940837300060
2015112006041060711700060
2015112006041060110200060
2015112006041070714400060
2015112006051120333200060
2015112006051120333200060
2015112006050960251500060
2015112006171100124300060
2015112006171100124300060
2015112006181100124300060
2015112007061110329010060
2015112007240930827610060
2015112007311111131610060
2015112007311120232710060
2015112007311060611410060
2015112007310980366810060
2015112007311110328910060
2015112007320931030710060
2015112007340931233910060
2015112007350930114410060
2015112007361090419210060
2015112007360930115510060
2015112007361021005510060
2015112007371150337210060
2015112007372804201410060
2015112007370930428010060
2015112007371011002910060
2015112007390930421410060
2015112007410931133210060
2015112007411090418610060
2015112007411090418610060
2015112007411090418610060
2015112007410960353610060
2015112007420960353610060
2015112007421111031410060
2015112007421111031410060
2015112007421090419510060
2015112007420931030310060
2015112007431120434010060
2015112007430930928410060
2015112007440930928810060
2015112007442805201510060
2015112007451090922710060
2015112007450951049710060
2015112007450950542610060
2015112007460930421610060
2015112007461090822110060
2015112007460930827410060
2015112007470930421310060
2015112007471100727010060
2015112007470930422310060
2015112007481110329200060
2015112007480960856110060
2015112007490930523710060
2015112007490930523710060
2015112007491020303810060
2015112007490931233710060
2015112007490930321010060
2015112007500930524210060
2015112007531150437410060
2015112007530960151310060
2015112007530960454010060
2015112007541081117210060
2015112007541090621110060
2015112007540930827510060
2015112007541090520410060
2015112007541081117410060
2015112007560931032510060
