20151105093722001710080
20151105093822027610080
20151105095322016510080
20151105100022026200080
20151105100022003200080
20151105100222022610080
20151105100322011900080
20151105102122017510080
20151105133322027010080
20151105133422017910080
20151105133422004010080
20151105133622026110080
20151105133622026910080
20151105133722016410080
20151105133722011710080
20151105133822004910080
20151105133922003510080
20151105133922005510080
20151105133922002210080
20151105134022010310080
20151105134022005010080
20151105134022024210080
20151105134222017410080
20151105134322014410080
20151105134322025310080
20151105134322025810080
20151105134322025810080
20151105134322026810080
20151105134422025010080
20151105134622021110080
20151105135022016010080
20151105152522026400080
20151105160222024300080
20151105161822018200080
20151105170022016800080
20151105170022012400080
20151105170022002000080
20151105170022014100080
20151105170022022000080
20151105170022025100080
20151105170022023600080
20151105170022028200080
20151105170022013600080
20151105170022025400080
20151105170022023200080
20151105170022028400080
20151105170022021300080
20151105170022027300080
20151105170022026700080
20151105170022015500080
20151105170022003300080
20151105170022023700080
20151105170022008900080
20151105170022004800080
20151105170122004400080
20151105170122027700080
20151105170122023900080
20151105170122027800080
20151105170122002800080
20151105170122026600080
20151105170122006400080
20151105170122004700080
20151105170222024000080
20151105170222023300080
20151105170222023100080
20151105170222009200080
20151105170222001600080
20151105170222012700080
20151105170322004500080
20151105170322023400080
20151105170322011300080
20151105170322022200080
20151105170322028600080
20151105170422023500080
20151105170422029300080
20151105170422023000080
20151105170422029500080
20151105170722028700080
20151105170822028300080
20151105170822028100080
20151105170822005300080
20151105171022005600080
20151105171022010500080
20151105171622002400080
20151105172122011600080
20151105172122024500080
20151105172122016600080
20151105172122021900080
20151105172222009500080
20151105172322006100080
20151105172322025600080
20151105172322020400080
20151105172322025600080
20151105172422006700080
20151105172422008600080
20151105172422020700080
20151105172422019600080
20151105172422024600080
20151105172522001200080
20151105172522008700080
20151105172622000500080
20151105172722005100080
20151105172722009300080
20151105173022000600080
20151105173022017700080
20151105174722006210080
20151105174822010910080
20151105175322021600080
20151105175322022500080
20151105180422003900080
20151105180522005400080
20151105180522019700080
20151105180622019800080
20151105183222009100080
20151105184522000900080
20151105184722011000080
20151105185422019100080
20151105185422000400080
20151105190922018800080
20151105192222000300080
20151105193922003800080
20151105195012036300080
20151105200022003700080
20151105200022018500080
20151105200122005200080
20151105203422022600080
20151105203422000100080
20151105204122020800080
20151105211522027900080
20151105212022014200080
20151105213722003010080
20151105213722005910080
20151105213722019910080
20151105213922004610080
20151105213922025910080
20151105213922025710080
20151105213922003110080
20151105214022027110080
20151105214022027210080
20151105214022025510080
20151105214022011510080
20151105214122011110080
20151105214122020210080
20151105214322027410080
20151105214622021510080
20151105214622005710080
20151105214722023810080
20151105214722012010080
20151105214722014510080
20151105214722017210080
20151105214722018110080
20151105214722002610080
20151105214822024410080
20151105214922012210080
20151105215222026010080
20151105220022021100080
20151105220022004900080
20151105220022003500080
20151105220022004000080
20151105220022025800080
20151105220022011700080
20151105220022005000080
20151105220022027000080
20151105220022026800080
20151105220022014400080
20151105220022026900080
20151105220022026900080
20151105220022026900080
20151105220022016000080
20151105220022025300080
20151105220022005500080
20151105220022024200080
20151105220022027600080
20151105220122025000080
20151105220122016400080
20151105220122010300080
20151105220122026100080
20151105220122017500080
20151105220122002200080
20151105220422017400080
20151105220522001700080
20151105223722016500080
20151105223822016500080
20151106052622003910080
20151106052622008610080
20151106053122025610080
20151106053122006110080
20151106053322004710080
20151106053322001010080
20151106053322002810080
20151106053422004410080
20151106053722019710080
20151106053822021910080
20151106053822025410080
20151106053922020410080
20151106054022005410080
20151106054022011610080
20151106054122020610080
20151106054122019810080
20151106054122001610080
20151106054422009110080
20151106054422019610080
20151106054422027310080
20151106054422024610080
20151106054422026410080
20151106054522016610080
20151106054522026710080
20151106054522024510080
20151106054622024310080
20151106060022012200080
20151106060022005900080
20151106060022018100080
20151106060022003000080
20151106060022011500080
20151106060022006200080
20151106060022025700080
20151106060022020200080
20151106060022014500080
20151106060022027100080
20151106060022023800080
20151106060022002600080
20151106060022027200080
20151106060022024400080
20151106060022003100080
20151106060022025500080
20151106060022019900080
20151106060022004600080
20151106060022026000080
20151106060022025900080
20151106060022010900080
20151106060022005700080
20151106060022017200080
20151106060022021500080
20151106060222012000080
20151106060822027400080
20151106070122006710080
20151106070922028210080
20151106070922028210080
20151106072022000110080
20151106072522023210080
20151106072622003810080
20151106072822023910080
20151106072822027910080
20151106072822021310080
20151106072822000410080
20151106072822000510080
20151106073022009510080
20151106073022028310080
20151106073122023410080
20151106073722023610080
20151106073722024010080
20151106073722027710080
20151106073722004510080
20151106073822003710080
20151106073822004810080
20151106073822022210080
20151106073822005610080
20151106073822009210080
20151106073822013610080
20151106074022000610080
20151106074022011310080
20151106074022029510080
20151106074022023110080
20151106074022008910080
20151106074322002010080
20151106074322006410080
20151106074322009310080
20151106074322008710080
20151106074422018510080
20151106074422022010080
20151106074422012710080
20151106074422010510080
20151106074522005110080
20151106074522000910080
20151106074522005310080
20151106074522028410080
20151106074522014210080
20151106074512036310080
20151106074622023510080
20151106074622025110080
20151106074622027810080
20151106074722028110080
20151106074822012410080
20151106074922019110080
20151106075122023710080
20151106075122023310080
20151106075122023010080
20151106075122026610080
20151106075122022610080
20151106075222028510080
20151106075222028710080
20151106075222020810080
20151106075222021610080
20151106075222015510080
20151106075522000310080
20151106075622016810080
20151106075622005210080
20151106075722022510080
20151106075722029310080
20151106075722011010080
20151106083522017710080
2015110509511110629810070
2015110509511110629810070
2015110509520960655910070
2015110509560930524810070
2015110509560930524810070
2015110509560930524810070
2015110510021120333400070
2015110510180940837010070
2015110513300931031610070
2015110513330950947710070
2015110513330950947710070
2015110513381060210510070
2015110513410950949410070
2015110513420950945810070
2015110513420950945810070
2015110513420980366710070
2015110513431090620610070
2015110513440960453810070
2015110513440960453810070
2015110513440941038710070
2015110513441060711810070
2015110513441060711810070
2015110513450930118110070
2015110513450930118110070
2015110513511120735210070
2015110513521111232110070
2015110513521111232110070
2015110513540950663110070
2015110513540950663110070
2015110513592401201400070
2015110514001110830800070
2015110514001110830800070
2015110514010940837300070
2015110514010940837300070
2015110517000930421400070
2015110517000930524200070
2015110517000930524200070
2015110517001110830600070
2015110517000930929300070
2015110517000930929300070
2015110517000930114400070
2015110517001090419500070
2015110517001090419500070
2015110517000930928800070
2015110517010930929700070
2015110517010940736000070
2015110517010940736000070
2015110517010931030600070
2015110517010931234200070
2015110517020960454000070
2015110517020950662800070
2015110517020931030700070
2015110517031091223900070
2015110517030960150900070
2015110517030960150900070
2015110517030930116000070
2015110517030930827400070
2015110517030930827400070
2015110517041090822200070
2015110517041090822200070
2015110517041120434000070
2015110517040960252100070
2015110517040930422300070
2015110517040930115600070
2015110517050930928500070
2015110517050931234000070
2015110517050931234000070
2015110517052704201400070
2015110517050930320600070
2015110517051111201300070
2015110517051020303800070
2015110517050930422200070
2015110517061061212900070
2015110517060921212800070
2015110517060950744600070
2015110517060921213300070
2015110517060921213300070
2015110517061100425100070
2015110517061060711700070
2015110517070940836600070
2015110517071100224400070
2015110517070930827600070
2015110517080960655500070
2015110517080920604500070
2015110517121130436000070
2015110517191040107300070
2015110517211081016100070
2015110517301150337200070
2015110517311100425200070
2015110517311100425200070
2015110517311120634900070
2015110517320981267700070
2015110517320981267700070
2015110517370930626000070
2015110517400930219900070
2015110517420950745010070
2015110517481110629610070
2015110517480950947610070
2015110517520950543210070
2015110517520950543210070
2015110517530930727210070
2015110517530930727210070
2015110517571100626310070
2015110517571100626310070
2015110518040950946800070
2015110518090960352200070
2015110518101140836800070
2015110518160930525200070
2015110519030931233900070
2015110519271060712200070
2015110519461090419900070
2015110520051111031300070
2015110520091020905000070
2015110521111110629910070
2015110521111110629910070
2015110521330950663210070
2015110521370930929010070
2015110521381040407710070
2015110521390941239410070
2015110521390930119010070
2015110521401060712010070
2015110521411051109610070
2015110521420950948410070
2015110521430951050010070
2015110521440950662910070
2015110521440950662910070
2015110521440940735910070
2015110521471120333710070
2015110521490930116310070
2015110521490930116310070
2015110521550981203810070
2015110521550981203810070
2015110522000931031600070
2015110522010930524800070
2015110522010930524800070
2015110522011110629800070
2015110522030950947700070
2015110522030950947700070
2015110522030940837000070
2015110522030950663100070
2015110522030950663100070
2015110522040930118100070
2015110523051021005600070
2015110605282401201410070
2015110605290930118610070
2015110605290930118610070
2015110605290930118610070
2015110605361081016810070
2015110605361081016810070
2015110605370930928810070
2015110605370940837310070
2015110605380981203710070
2015110605380921211110070
2015110605390960251810070
2015110605390960251810070
2015110605391090621110070
2015110605390930422110070
2015110605390950946810070
2015110605401120333110070
2015110605411081117110070
2015110605411110830810070
2015110605411110830810070
2015110605411110830810070
2015110605421100425610070
2015110605431111232010070
2015110605441060712210070
2015110605471120333810070
2015110605471120333810070
2015110605471091123610070
2015110605490960352210070
2015110605541100626110070
2015110606001040407700070
2015110606011051109600070
2015110606010950663200070
2015110606010930928300070
2015110606020951050000070
2015110606040930116300070
2015110606040930116300070
2015110606040930119000070
2015110606211100927200070
2015110606231100124300070
2015110606320930525210070
2015110606360931233810070
2015110606461150337210070
2015110607040941239310070
2015110607210930827610070
2015110607260941038310070
2015110607270911102110070
2015110607270911102110070
2015110607270931030710070
2015110607271090419910070
2015110607270930219910070
2015110607301100425210070
2015110607301100425210070
2015110607301011002910070
2015110607310930114410070
2015110607321090822210070
2015110607321130436010070
2015110607331111131610070
2015110607341090721610070
2015110607350950744610070
2015110607351090418510070
2015110607360930662310070
2015110607361100425110070
2015110607370960150910070
2015110607370960150910070
2015110607370930827410070
2015110607371061212910070
2015110607371061212910070
2015110607371070714310070
2015110607380940535510070
2015110607390960655510070
2015110607390940735710070
2015110607390950662210070
2015110607391090922710070
2015110607401111031310070
2015110607401090419510070
2015110607401040107310070
2015110607410940736010070
2015110607410940736010070
2015110607411090520110070
2015110607410930929710070
2015110607410931233710070
2015110607411140836810070
2015110607412805201510070
2015110607421120835410070
2015110607420931234410070
2015110607420960252110070
2015110607420960252110070
2015110607430930626010070
2015110607431100224410070
2015110607431051009210070
2015110607431090418710070
2015110607430931030310070
2015110607441090419110070
2015110607441091223910070
2015110607440950543110070
2015110607450931234010070
2015110607451090419410070
2015110607461081117410070
2015110607461100425910070
2015110607460960151110070
2015110607470930422210070
2015110607470960856110070
2015110607470931031010070
2015110607470960555310070
2015110607480930524210070
2015110607480930421410070
2015110607480930421210070
2015110607481100626410070
2015110607480960454010070
2015110607490930928510070
2015110607491081117310070
2015110607500931234110070
2015110607500930116010070
2015110607500951150410070
2015110607500951150410070
2015110607501150337110070
2015110607500931133510070
2015110607520960151310070
2015110607520930422310070
2015110607520930422310070
2015110607530921213310070
2015110607540921213310070
2015110607540931031210070
2015110607541080315010070
2015110607551081117510070
2015110607560930320610070
2015110607571111201310070
2015110607580920605110070
2015110608000930115610070
2015110608260931234210070
2015110608400930219810070
2015110509531110629810060
2015110509580930524810060
2015110509580930524810060
2015110509580930524810060
2015110510000931032700060
2015110510100950948700060
2015110510100950948700060
2015110513341060712310060
2015110513400921212310060
2015110513420950946310060
2015110513420950946310060
2015110513421111232210060
2015110513441120634310060
2015110513441120634310060
2015110513457311201310060
2015110513457311201310060
2015110513451120634810060
2015110513451120634810060
2015110513451090620610060
2015110513530931030510060
2015110514000970364400060
2015110514000970364400060
2015110514000960251500060
2015110514001081117100060
2015110514001081117100060
2015110514000960353600060
2015110514000960353600060
2015110514020941038600060
2015110514020941038600060
2015110514031100425600060
2015110517012805201500060
2015110517012805201500060
2015110517010921211700060
2015110517010930421400060
2015110517020930114400060
2015110517020960151300060
2015110517021081117200060
2015110517020930827500060
2015110517021100727000060
2015110517021090419600060
2015110517021090419500060
2015110517021090419400060
2015110517021090419400060
2015110517021090621100060
2015110517020930928800060
2015110517020930115700060
2015110517020930428000060
2015110517020930421200060
2015110517031081117300060
2015110517030960251800060
2015110517030960251800060
2015110517040960454000060
2015110517040950662800060
2015110517041100626600060
2015110517041120333100060
2015110517040931030700060
2015110517040960151000060
2015110517041011002900060
2015110517050931031000060
2015110517050960856100060
2015110517051100324800060
2015110517051090419000060
2015110517050931030900060
2015110517051110329000060
2015110517050930523700060
2015110517050930523700060
2015110517061120434000060
2015110517060960252100060
2015110517060960252100060
2015110517060940735700060
2015110517060970965100060
2015110517060930115600060
2015110517060930421600060
2015110517061120835400060
2015110517070930928400060
2015110517071090418500060
2015110517071111201300060
2015110517071111232000060
2015110517070931234400060
2015110517071090418800060
2015110517071110329200060
2015110517070931030300060
2015110517080911102100060
2015110517080911102100060
2015110517081110830900060
2015110517081110830900060
2015110517081150437400060
2015110517081060110200060
2015110517080940535500060
2015110517091051009200060
2015110517091090418700060
2015110517091130335800060
2015110517090941138900060
2015110517090961056500060
2015110517090930827600060
2015110517091111131800060
2015110517091081117500060
2015110517102804201400060
2015110517110930219800060
2015110517111061213100060
2015110517131100425900060
2015110517130920605600060
2015110517141130436000060
2015110517200931233800060
2015110517211090419200060
2015110517240931234100060
2015110517251090721600060
2015110517250940836400060
2015110517290921213700060
2015110517290930421300060
2015110517301090520400060
2015110517300950543300060
2015110517310931032500060
2015110517310930421200060
2015110517340920604200060
2015110517341090621300060
2015110517360960151100060
2015110517471100927210060
2015110517471100927210060
2015110517520950948010060
2015110517540950543210060
2015110517540950543210060
2015110517580930928310060
2015110517580930928310060
2015110517591100124310060
2015110517591100124310060
2015110517591100124310060
2015110518040960655800060
2015110518040960655800060
2015110518050930117000060
2015110518050930117000060
2015110518471090721700060
2015110518481090721700060
2015110519020941038300060
2015110519021110328900060
2015110519021110328900060
2015110519370930321000060
2015110519540930422100060
2015110519540971165500060
2015110520000921211100060
2015110520000950945900060
2015110520001100626800060
2015110520001120333800060
2015110520001091123600060
2015110520010981203700060
2015110520011120232700060
2015110520020930118600060
2015110520020930118600060
2015110520020931030200060
2015110520021100425500060
2015110520020960251900060
2015110520020960251900060
2015110520020950949300060
2015110520030930114500060
2015110520030930114500060
2015110520031090418600060
2015110520031090418600060
2015110520030951049700060
2015110520071100626100060
2015110520101111031400060
2015110520101111031400060
2015110520101111031400060
2015110520260941258500060
2015110521371120735310060
2015110521371120735310060
2015110521390950948610060
2015110521401040407710060
2015110521411101228310060
2015110521411090318210060
2015110521480950946710060
2015110521480950946710060
2015110521491081217710060
2015110521491081217710060
2015110521520930524610060
2015110521540931031510060
2015110521560950946910060
2015110521560950946910060
2015110521574110201510060
2015110522010950946300060
2015110522011111232200060
2015110522011060712300060
2015110522011120634300060
2015110522011120634300060
2015110522011120634300060
2015110522010931030500060
2015110522010931030500060
2015110522011120634800060
2015110522011120634800060
2015110522010950949400060
2015110522010950949400060
2015110522010960655900060
2015110522011120735200060
2015110522011060711800060
2015110522011090620600060
2015110522010950945800060
2015110522010950945800060
2015110522021111232100060
2015110522021111232100060
2015110522021150337100060
2015110522021060210500060
2015110522020950543200060
2015110522020950543200060
2015110522020980366700060
2015110522020960453800060
2015110522030930524800060
2015110522030930524800060
2015110522030930524800060
2015110522030930524800060
2015110522031110629800060
2015110522031110629800060
2015110522050921212300060
2015110522060930118100060
2015110522060930118100060
2015110523070960151200060
2015110605290941038610060
2015110605300941038610060
2015110605371100626810060
2015110605380931030210060
2015110605380950945910060
2015110605380930117010060
2015110605390930928810060
2015110605421120333110060
2015110605432704201410060
2015110605450970364410060
2015110605450970364410060
2015110605490960251910060
2015110605490960251910060
2015110605491091123610060
2015110605501100425510060
2015110605500950949310060
2015110605550960251510060
2015110605561060711710060
2015110606000950948600060
2015110606000930727200060
2015110606000950948400060
2015110606000950946900060
2015110606000950946900060
2015110606007311201300060
2015110606007311201300060
2015110606000950947600060
2015110606010950745000060
2015110606011110629900060
2015110606011110629900060
2015110606014110201500060
2015110606011110629600060
2015110606011060712000060
2015110606010940735900060
2015110606011101228300060
2015110606011081217700060
2015110606010950948000060
2015110606011120333700060
2015110606010950946700060
2015110606011120735300060
2015110606011120634400060
2015110606011120634400060
2015110606021090318200060
2015110606021060711900060
2015110606020950662900060
2015110606020950662900060
2015110606021040407700060
2015110606030930929000060
2015110606040931031500060
2015110606040981203800060
2015110606060941239400060
2015110606060941239400060
2015110606241100626300060
2015110606241100626300060
2015110606251100124300060
2015110606251100124300060
2015110607201110329010060
2015110607240930827610060
2015110607290980366810060
2015110607290931030710060
2015110607321090822110060
2015110607330930114410060
2015110607340930115510060
2015110607341130436010060
2015110607350930428010060
2015110607372804201410060
2015110607371120434010060
2015110607381110328910060
2015110607381111031210060
2015110607391120232710060
2015110607390950662810060
2015110607401090419610060
2015110607401110329210060
2015110607421090419510060
2015110607420930321010060
2015110607421040107310060
2015110607420960353610060
2015110607420960353610060
2015110607430930115710060
2015110607430930523710060
2015110607430930523710060
2015110607431021005510060
2015110607440930928410060
2015110607441090419310060
2015110607440950542610060
2015110607450970965110060
2015110607451111031410060
2015110607451061213110060
2015110607451090418610060
2015110607451090418610060
2015110607451090418610060
2015110607450951049710060
2015110607461100727010060
2015110607460930115910060
2015110607470950543310060
2015110607471090721710060
2015110607471090721710060
2015110607470930116410060
2015110607481111131810060
2015110607481111131810060
2015110607481150437410060
2015110607481090520410060
2015110607490921213710060
2015110607490961056510060
2015110607490960856110060
2015110607490930421310060
2015110607490930827510060
2015110607491020303810060
2015110607500930524210060
2015110607501090419210060
2015110607500930421210060
2015110607500960454010060
2015110607500930421610060
2015110607510921211710060
2015110607520920605610060
2015110607540960151310060
2015110607560920604210060
2015110607570941258510060
2015110607590940836610060
2015110608021090418810060
