20151201094022022610080
20151201094022025510080
20151201094922010910080
20151201095522025910080
20151201100022025600080
20151201100022027300080
20151201100122001600080
20151201121322004800080
20151201121522014100080
20151201133122027210080
20151201133222011110080
20151201133222003010080
20151201133522011510080
20151201133822005710080
20151201134122027410080
20151201134122004610080
20151201134222009010080
20151201134322019910080
20151201134322014510080
20151201134422012210080
20151201134422027110080
20151201134422020210080
20151201134422021510080
20151201134622002610080
20151201134722024410080
20151201134722018110080
20151201134722012010080
20151201134722017210080
20151201134922026010080
20151201134922025710080
20151201142822019000080
20151201163222017900080
20151201170022012400080
20151201170022003800080
20151201170022016400080
20151201170022025300080
20151201170022013600080
20151201170022023200080
20151201170022022000080
20151201170022005500080
20151201170022028400080
20151201170022021300080
20151201170022023000080
20151201170022014200080
20151201170022010300080
20151201170022006400080
20151201170022023700080
20151201170022029300080
20151201170022023300080
20151201170022023600080
20151201170022012700080
20151201170022003700080
20151201170122005100080
20151201170122022200080
20151201170122005300080
20151201170122028600080
20151201170122024200080
20151201170122023100080
20151201170122026600080
20151201170122009200080
20151201170122024000080
20151201170222017400080
20151201170222008700080
20151201170222011700080
20151201170222023500080
20151201170222023400080
20151201170322027600080
20151201170322027700080
20151201170322023900080
20151201170322004500080
20151201170322002000080
20151201170322015500080
20151201170622006700080
20151201170722028100080
20151201170722027800080
20151201170822010500080
20151201170922027900080
20151201170922028200080
20151201172022014700080
20151201172122022500080
20151201172122014700080
20151201172922009300080
20151201173022016500080
20151201173122005910080
20151201174522001510080
20151201175222023810080
20151201180022003500080
20151201180022004000080
20151201180022002200080
20151201180022027000080
20151201180022025100080
20151201180022021100080
20151201180022014300080
20151201180522014400080
20151201180622006200080
20151201180622026800080
20151201180622003300080
20151201180622005000080
20151201180622017500080
20151201180622018700080
20151201180622025800080
20151201180822025000080
20151201185522000400080
20151201185822000500080
20151201190022026900080
20151201190012036300080
20151201190022005200080
20151201190022028700080
20151201190122011300080
20151201190222000900080
20151201190222008900080
20151201190322001700080
20151201190422029500080
20151201190422009500080
20151201190522028500080
20151201190622020700080
20151201190622005600080
20151201190722022600080
20151201191122011000080
20151201191122002400080
20151201193022028300080
20151201194422019100080
20151201194422000100080
20151201195522020800080
20151201195622018800080
20151201200822000300080
20151201213422026310080
20151201213722026210080
20151201213722012810080
20151201213722003210080
20151201213722002110080
20151201213722021010080
20151201213922020310080
20151201214022024710080
20151201214022008810080
20151201214022004310080
20151201214022028010080
20151201214022024910080
20151201214322020910080
20151201214422002310080
20151201214422002310080
20151201214422027510080
20151201214622010710080
20151201214622014610080
20151201214722026510080
20151201214722026510080
20151201214822024810080
20151201215022011910080
20151201215022021810080
20151201215422018010080
20151201215422007310080
20151201215622015910080
20151201220022012200080
20151201220022002600080
20151201220022018100080
20151201220022025700080
20151201220022021500080
20151201220022012000080
20151201220022005700080
20151201220022025900080
20151201220022020200080
20151201220022011100080
20151201220022019900080
20151201220022026000080
20151201220022011500080
20151201220022017200080
20151201220022027200080
20151201220022009000080
20151201220022010900080
20151201220022025500080
20151201220122027400080
20151201220122003000080
20151201220122004600080
20151201220122004600080
20151201220122027100080
20151201220222024400080
20151202052922027010080
20151202052922027010080
20151202053422026110080
20151202053422026910080
20151202053522025310080
20151202053522025810080
20151202053622003510080
20151202053622005510080
20151202053622002210080
20151202053622017510080
20151202053722014310080
20151202053722014410080
20151202053822004010080
20151202053822017910080
20151202053822024210080
20151202054022016410080
20151202054022003310080
20151202054122004910080
20151202054122027610080
20151202054322016510080
20151202054322021110080
20151202054422010310080
20151202054422006210080
20151202054422005010080
20151202054422018710080
20151202054422017410080
20151202054822026810080
20151202054822025010080
20151202054822016010080
20151202060022005900080
20151202060022026300080
20151202060022012800080
20151202060022026500080
20151202060022026500080
20151202060022011900080
20151202060022014500080
20151202060022020300080
20151202060022026200080
20151202060022014600080
20151202060022021000080
20151202060022008800080
20151202060022010700080
20151202060022024900080
20151202060022024700080
20151202060022002300080
20151202060122021800080
20151202060122024800080
20151202060122020900080
20151202060122018000080
20151202060222027500080
20151202060222003200080
20151202060222023800080
20151202060222001500080
20151202060222004300080
20151202060322002100080
20151202060422007300080
20151202061422028000080
20151202061522015900080
20151202065822028210080
20151202070622006710080
20151202071122027910080
20151202072222023210080
20151202072322028310080
20151202072422013610080
20151202072522000410080
20151202072522000110080
20151202072622028110080
20151202072922014710080
20151202072922009510080
20151202072922001710080
20151202072922018810080
20151202073222023610080
20151202073222027710080
20151202073222021310080
20151202073222024010080
20151202073222011010080
20151202073522003710080
20151202073522022210080
20151202073522004810080
20151202073522004510080
20151202073822020710080
20151202073822009210080
20151202073822011710080
20151202073822008710080
20151202073922000510080
20151202073922011310080
20151202073922023910080
20151202074022005310080
20151202074022028410080
20151202074022014210080
20151202074012036310080
20151202074222023110080
20151202074222000910080
20151202074222005110080
20151202074222008910080
20151202074322014110080
20151202074322002010080
20151202074322009310080
20151202074422022010080
20151202074422018510080
20151202074422019110080
20151202074422023410080
20151202074522012410080
20151202074622025110080
20151202074622029510080
20151202074622023510080
20151202074622027810080
20151202074622022610080
20151202074622005610080
20151202074722012710080
20151202074722015510080
20151202074722020810080
20151202074722021610080
20151202074822028510080
20151202074922028610080
20151202074922026610080
20151202074922023710080
20151202074922023310080
20151202075022000310080
20151202075022022510080
20151202075222005210080
20151202075222019010080
20151202075222028710080
20151202075422010510080
20151202075622002410080
20151202075822023010080
20151202075822029310080
2015120109130960655910070
2015120109380940735910070
2015120109480941239410070
2015120109490930929010070
2015120109511051109610070
2015120109530950948010070
2015120109551110629910070
2015120109551110629910070
2015120110030931030200070
2015120113300960352710070
2015120113311040407710070
2015120113340930119010070
2015120113350950947610070
2015120113380950745010070
2015120113380950663210070
2015120113380950662910070
2015120113380950662910070
2015120113420950948410070
2015120113420951050010070
2015120113441100927210070
2015120113451114201310070
2015120113470930116310070
2015120113470930116310070
2015120113530930928310070
2015120113540981203810070
2015120113540981203810070
2015120114011111232100070
2015120114011111232100070
2015120114010931031600070
2015120114021060210500070
2015120114050930118100070
2015120114050930118100070
2015120114380950949400070
2015120115081120634900070
2015120117000930928500070
2015120117002805201500070
2015120117002805201500070
2015120117000931234000070
2015120117000931233700070
2015120117001081117400070
2015120117001081117200070
2015120117000921211700070
2015120117000950644200070
2015120117000930428000070
2015120117000930928800070
2015120117000930928800070
2015120117000930929300070
2015120117000930929300070
2015120117010930727200070
2015120117021100425900070
2015120117020930115000070
2015120117020930115000070
2015120117020931234200070
2015120117020940736000070
2015120117020930115700070
2015120117021081117300070
2015120117021090621100070
2015120117020930421200070
2015120117021090419500070
2015120117021090419500070
2015120117020930116000070
2015120117031110830600070
2015120117030950662200070
2015120117040911102100070
2015120117040930116400070
2015120117040931030700070
2015120117040930117400070
2015120117041120735200070
2015120117041100626400070
2015120117040960252100070
2015120117040930422200070
2015120117041090822200070
2015120117040921213300070
2015120117051100224400070
2015120117051120835400070
2015120117051100425200070
2015120117051100425200070
2015120117061090621300070
2015120117060960150900070
2015120117060960150900070
2015120117060930929700070
2015120117060950744600070
2015120117071020905000070
2015120117090960655500070
2015120117101090418800070
2015120117111111031300070
2015120117161140636700070
2015120117161140636700070
2015120117170941138900070
2015120117190931030600070
2015120117241061212900070
2015120117271100425100070
2015120117280940836700070
2015120117290961056500070
2015120117300921213700070
2015120117300930421300070
2015120117310981267700070
2015120117310921211610070
2015120117320921212700070
2015120117340940535500070
2015120117370920604200070
2015120117440971266110070
2015120118011110830500070
2015120118060930422300070
2015120118131130436000070
2015120118160920604500070
2015120118210930524200070
2015120118350930626000070
2015120118540931233900070
2015120119510950663000070
2015120119520920605100070
2015120120000940837000070
2015120120021140836800070
2015120120061150337100070
2015120121301090419900070
2015120121340921213610070
2015120121360960251710070
2015120121360930524310070
2015120121360950662710070
2015120121360950662710070
2015120121370950745210070
2015120121370940837410070
2015120121370940837410070
2015120121380950949010070
2015120121391120333210070
2015120121391101228110070
2015120121401120333210070
2015120121410950946610070
2015120121431070714410070
2015120121440930118910070
2015120121450950947510070
2015120121450931032710070
2015120121461081217910070
2015120121460930117210070
2015120121460921212010070
2015120121460921212010070
2015120121461111232310070
2015120121470930116910070
2015120121471090318410070
2015120121530950948710070
2015120121530950948710070
2015120121561120333410070
2015120122000940735900070
2015120122021051109600070
2015120122020950663200070
2015120122040950947600070
2015120122050930119000070
2015120122050930116300070
2015120122050930116300070
2015120205380950663110070
2015120205380950663110070
2015120205380980366710070
2015120205390960453810070
2015120205400940837010070
2015120205401060711810070
2015120205410931031610070
2015120205421110328810070
2015120205421090620610070
2015120205431060210510070
2015120205440950945810070
2015120205440950945810070
2015120205440950945810070
2015120205441120735210070
2015120205450960655910070
2015120205460950949410070
2015120205461111232110070
2015120205461111232110070
2015120205461120634610070
2015120205491110830510070
2015120206000930118900070
2015120206000930117500070
2015120206010930117500070
2015120206040960251700070
2015120206040960251700070
2015120206140930525210070
2015120206520931233810070
2015120207020941239310070
2015120207190930827610070
2015120207190950744610070
2015120207201090419910070
2015120207260920605610070
2015120207270911102110070
2015120207270911102110070
2015120207270930662310070
2015120207271090822210070
2015120207270931030710070
2015120207270930219910070
2015120207270930219910070
2015120207301061212910070
2015120207301061212910070
2015120207311100425110070
2015120207311150337110070
2015120207311111131610070
2015120207320940836710070
2015120207341130436010070
2015120207341150337210070
2015120207340931234210070
2015120207341111031310070
2015120207350930928510070
2015120207352805201510070
2015120207361070714310070
2015120207371081016810070
2015120207381100224410070
2015120207381090418710070
2015120207380930626010070
2015120207381090520410070
2015120207390941038310070
2015120207390931030310070
2015120207390930115010070
2015120207390930115010070
2015120207390930524210070
2015120207401090419510070
2015120207411090419010070
2015120207410940736010070
2015120207410940736010070
2015120207410930928810070
2015120207420940535510070
2015120207420950663010070
2015120207420931233710070
2015120207421090922710070
2015120207420930219810070
2015120207430930929710070
2015120207430960555310070
2015120207430930421210070
2015120207440951150410070
2015120207440951150410070
2015120207440930421310070
2015120207440930422310070
2015120207440930422210070
2015120207440930827410070
2015120207467878787810070
2015120207461120835410070
2015120207460931234410070
2015120207460940735710070
2015120207460960252110070
2015120207460960252110070
2015120207460950662210070
2015120207461140636710070
2015120207460930115910070
2015120207461100626410070
2015120207471020905010070
2015120207471090419410070
2015120207470950543310070
2015120207470930116010070
2015120207470930421410070
2015120207471100425910070
2015120207471111131810070
2015120207471111131810070
2015120207471111131810070
2015120207481081117410070
2015120207481140836810070
2015120207481090621110070
2015120207481100425210070
2015120207481100425210070
2015120207490930117410070
2015120207490930116410070
2015120207490920605110070
2015120207500960454010070
2015120207510921212810070
2015120207521081117310070
2015120207530931031210070
2015120207540921213310070
2015120207540921213310070
2015120207550950543110070
2015120207551100626610070
2015120207560941258510070
2015120207571120634910070
2015120207570930115610070
2015120207570930727210070
2015120207570931133510070
2015120207581020303710070
2015120208001061213110070
2015120208000950644210070
2015120208030931234110070
2015120208171021005610070
2015120109360931031510060
2015120109411120333710060
2015120110010960251800060
2015120110010950945900060
2015120110010960251900060
2015120110010960251900060
2015120110011110830800060
2015120110011110830800060
2015120110020950947500060
2015120110020950947500060
2015120110021100626800060
2015120110020960251500060
2015120110030941038600060
2015120110030941038600060
2015120110031081117100060
2015120110031081117100060
2015120110051060712200060
2015120113320960352710060
2015120113331040407710060
2015120113361060712010060
2015120113371090318210060
2015120113371090318210060
2015120113391101228310060
2015120113391101228310060
2015120113410950946910060
2015120113441120735310060
2015120113441120735310060
2015120113461060711910060
2015120113461081217710060
2015120113500930524610060
2015120113511110629610060
2015120113574110201510060
2015120113574110201510060
2015120114000950946300060
2015120114000950946300060
2015120114000950946500060
2015120114000950543200060
2015120114000950543200060
2015120114001120634600060
2015120114001120634800060
2015120114001120634300060
2015120114001120634300060
2015120114001060712300060
2015120114001060712300060
2015120114001090620600060
2015120114001090620600060
2015120114000950947700060
2015120114000950947700060
2015120114001110328800060
2015120114001110328800060
2015120114001110328800060
2015120114001110328800060
2015120114011110629800060
2015120114011110629800060
2015120114020950542800060
2015120114020950542800060
2015120114030921212300060
2015120114030921212300060
2015120114040931030500060
2015120114040931030500060
2015120114040941038700060
2015120114040941239700060
2015120114040950663100060
2015120114050950663100060
2015120117020931234000060
2015120117020931234000060
2015120117020931234000060
2015120117020931234000060
2015120117031100626300060
2015120117030950662800060
2015120117040941038300060
2015120117040930114400060
2015120117041091223900060
2015120117041091223900060
2015120117040930421400060
2015120117040930421200060
2015120117042804201400060
2015120117041090419500060
2015120117051111131800060
2015120117051100727000060
2015120117050931030900060
2015120117051100324800060
2015120117050960151000060
2015120117050960856100060
2015120117050980366800060
2015120117060951150400060
2015120117060951150400060
2015120117060911102100060
2015120117060911102100060
2015120117060930116400060
2015120117060931030700060
2015120117060960555300060
2015120117060930115500060
2015120117061120232700060
2015120117061120434000060
2015120117070970965100060
2015120117070940735700060
2015120117071090418500060
2015120117071150437400060
2015120117071110329200060
2015120117070931031000060
2015120117080930421600060
2015120117081051009200060
2015120117081061213100060
2015120117081090621300060
2015120117080931030300060
2015120117080950542600060
2015120117081090418600060
2015120117081090418600060
2015120117097878787800060
2015120117091110830900060
2015120117091110830900060
2015120117090931234400060
2015120117091090418700060
2015120117101081117500060
2015120117100931133200060
2015120117121090418800060
2015120117190940836400060
2015120117200960151300060
2015120117220931030600060
2015120117230930928400060
2015120117241090520400060
2015120117280920605600060
2015120117311011002900060
2015120117311090419000060
2015120117320930421300060
2015120117330981267700060
2015120117341111232200060
2015120117340960151100060
2015120117341110328900060
2015120117350951049700060
2015120117360930219800060
2015120117391020303800060
2015120117451110329000060
2015120117501081016100060
2015120118030950945800060
2015120118030950945800060
2015120118060960454000060
2015120118061070714300060
2015120118090960453800060
2015120118090960453800060
2015120118151130436000060
2015120118231100124300060
2015120118231100124300060
2015120118230930524200060
2015120118251060611400060
2015120118280960655900060
2015120118540930827600060
2015120118540930827600060
2015120118560931233900060
2015120119040950543300060
2015120119040930827500060
2015120119040930115600060
2015120119061100626600060
2015120119101090721700060
2015120119101090721700060
2015120120000950543100060
2015120120010950543100060
2015120120010950543100060
2015120120011090419400060
2015120120011090419400060
2015120120011090419600060
2015120120011090419600060
2015120120041140836800060
2015120120050931234100060
2015120120081150337100060
2015120120081081016800060
2015120120081150337200060
2015120120160941258500060
2015120121441090621010060
2015120121470950947510060
2015120121470921213110060
2015120121470921213110060
2015120121490930525110060
2015120121490930117510060
2015120121490930117510060
2015120121531020604310060
2015120121581081218010060
2015120121590921213010060
2015120122000950948000060
2015120122014110201500060
2015120122010950946900060
2015120122011120634400060
2015120122011120634400060
2015120122011120333700060
2015120122010950948400060
2015120122010930524600060
2015120122010950745000060
2015120122030981203800060
2015120122030981203800060
2015120122030950662900060
2015120122030950662900060
2015120122031040407700060
2015120122031120735300060
2015120122031120735300060
2015120122030951050000060
2015120122031060712000060
2015120122041110629900060
2015120122041110629900060
2015120122041090318200060
2015120122041100927200060
2015120122040930929000060
2015120122041101228300060
2015120122041101228300060
2015120122051060711900060
2015120122051110629600060
2015120122050950946700060
2015120122050950946700060
2015120122050930928300060
2015120122050931031500060
2015120122060941239400060
2015120205320930118110060
2015120205320930118110060
2015120205390941239710060
2015120205410950947710060
2015120205410950947710060
2015120205410950542810060
2015120205410950542810060
2015120205420921212310060
2015120205421120634310060
2015120205421120634310060
2015120205430950946310060
2015120205431120634810060
2015120205431120634810060
2015120205441110328810060
2015120205441090620610060
2015120205441111232210060
2015120205440941038710060
2015120205440950946510060
2015120205451060712310060
2015120205470931030510060
2015120205470931030510060
2015120206010930525100060
2015120206010921213600060
2015120206010921213600060
2015120206010930116900060
2015120206010950949000060
2015120206011081217900060
2015120206011090318400060
2015120206011111232300060
2015120206021090621000060
2015120206021101228100060
2015120206020950745200060
2015120206021120333200060
2015120206021120333200060
2015120206021020604300060
2015120206020950662700060
2015120206021070714400060
2015120206030930117200060
2015120206031081218000060
2015120206030940837400060
2015120206030940837400060
2015120206030950946600060
2015120206030950946600060
2015120206030921211600060
2015120206030971266100060
2015120206030930524300060
2015120206030960352700060
2015120206040950948700060
2015120206051120634500060
2015120206051120634500060
2015120207141110329010060
2015120207160931233910060
2015120207210930827610060
2015120207290980366810060
2015120207290930662310060
2015120207290931030710060
2015120207310930114410060
2015120207321120232710060
2015120207321120232710060
2015120207321110329210060
2015120207331110328910060
2015120207330930320310060
2015120207340930428010060
2015120207340930115510060
2015120207351051009210060
2015120207361130436010060
2015120207361090418510060
2015120207371020303810060
2015120207381021005510060
2015120207391120434010060
2015120207391100124310060
2015120207391100124310060
2015120207390960655510060
2015120207402804201410060
2015120207401090418810060
2015120207401090418610060
2015120207401090418610060
2015120207411090520410060
2015120207410931133210060
2015120207421040107310060
2015120207420930524210060
2015120207431090419510060
2015120207430930928410060
2015120207431090419610060
2015120207430930928810060
2015120207440930115710060
2015120207440960151210060
2015120207440931030910060
2015120207450931233710060
2015120207450950542610060
2015120207450960856110060
2015120207450931031010060
2015120207450960151110060
2015120207450930421210060
2015120207461090822110060
2015120207460921213710060
2015120207460930421310060
2015120207460930422310060
2015120207470930321010060
2015120207481100727010060
2015120207481081117210060
2015120207480931234010060
2015120207491090419310060
2015120207491090419410060
2015120207500930827510060
2015120207501100626310060
2015120207500930421610060
2015120207510960151310060
2015120207520930929310060
2015120207521150437410060
2015120207520960454010060
2015120207531091223910060
2015120207540920604310060
2015120207561081117510060
2015120208050931234110060
