20151224091622012710080
20151224092422026410080
20151224094022019710080
20151224094522016610080
20151224095422001610080
20151224095422001610080
20151224095522004410080
20151224095922009110080
20151224100022012200080
20151224100022005900080
20151224100022009000080
20151224100022011100080
20151224100022011100080
20151224100022025900080
20151224100022018100080
20151224133522024610080
20151224133622020410080
20151224133622027310080
20151224134322001010080
20151224134322004710080
20151224134322002810080
20151224134622006110080
20151224134622025610080
20151224134722003910080
20151224134722008610080
20151224134722025410080
20151224134722017310080
20151224134722017310080
20151224135022011610080
20151224135122026710080
20151224135122020610080
20151224135122018210080
20151224135122020610080
20151224135122020610080
20151224135222021910080
20151224135222024510080
20151224135222024310080
20151224135922019810080
20151224140122014600080
20151224140122020900080
20151224140222026200080
20151224140222024700080
20151224140222003200080
20151224140222001500080
20151224140322018000080
20151224140322026500080
20151224140322026500080
20151224140322024800080
20151224140322011900080
20151224140422024900080
20151224140422002300080
20151224140422002300080
20151224140522025200080
20151224140522020300080
20151224140522028000080
20151224140522010700080
20151224140622012100080
20151224140622007300080
20151224141422027500080
20151224142322007200080
20151224142722008800080
20151224163122006400080
20151224170022003700080
20151224170522023900080
20151224173322014410080
20151224173322025810080
20151224173322025810080
20151224174122005510080
20151224174422016410080
20151224174422010310080
20151224180022012700080
20151224180022027800080
20151224180222021800080
20151224180222021800080
20151224180422015900080
20151224180522002100080
20151224180522026310080
20151224190022012800080
20151224193322001700080
20151224200022028100080
20151224201322014200080
20151224213422027010080
20151224213522003510080
20151224213522002210080
20151224213822003310080
20151224213922004910080
20151224214022025310080
20151224214122026810080
20151224214122025010080
20151224214122017510080
20151224214222017910080
20151224214222004010080
20151224214322024210080
20151224214322027610080
20151224214422016010080
20151224214422006210080
20151224214522017410080
20151224214622026110080
20151224214622026910080
20151224214722018710080
20151224214822005010080
20151224214822014310080
20151224220022008600080
20151224220022020600080
20151224220022004700080
20151224220022011600080
20151224220022024300080
20151224220022019800080
20151224220022002800080
20151224220022026400080
20151224220022026700080
20151224220022001000080
20151224220022003900080
20151224220022025400080
20151224220022009100080
20151224220022016600080
20151224220022020400080
20151224220022027300080
20151224220122026700080
20151224220122001600080
20151224220122018200080
20151224220122019700080
20151224220122004400080
20151224220122025600080
20151224220322006100080
20151224220422024500080
20151224220622024600080
20151225053722007310080
20151225053722018010080
20151225053922020310080
20151225053922024710080
20151225053922012110080
20151225054022024810080
20151225054022024810080
20151225054122026310080
20151225054122026210080
20151225054122003210080
20151225054122002110080
20151225054122014610080
20151225054122007210080
20151225054122020910080
20151225054122002310080
20151225054122002310080
20151225054122026510080
20151225054122026510080
20151225054222021010080
20151225054222021010080
20151225054222025210080
20151225054222025210080
20151225054222010710080
20151225054422021810080
20151225054422021810080
20151225054722028010080
20151225054922012810080
20151225055022004310080
20151225055022027510080
20151225055022015910080
20151225055422008810080
20151225060022018700080
20151225060022004900080
20151225060022021900080
20151225060022016400080
20151225060022025300080
20151225060022014300080
20151225060022005000080
20151225060122003300080
20151225060122006200080
20151225060122003300080
20151225060122026800080
20151225060222005500080
20151225060222017300080
20151225060222017300080
20151225060222017300080
20151225060222027000080
20151225060222017900080
20151225060222025000080
20151225060322026900080
20151225060322010300080
20151225060322026100080
20151225060322017500080
20151225060422014400080
20151225060422017400080
20151225060422002200080
20151225060522027600080
20151225060522025800080
20151225060722016000080
20151225073722009210080
20151225074222024010080
20151225074522012710080
20151225074522018510080
20151225084322008910080
2015122409411120333810070
2015122409411120333810070
2015122409511060712210070
2015122409541100425510070
2015122410011110629900070
2015122410011110629900070
2015122410014110201500070
2015122410014110201500070
2015122410030941239400070
2015122410030941239400070
2015122413371110830810070
2015122413371110830810070
2015122413430930118610070
2015122413430930118610070
2015122413450950946810070
2015122413460931030210070
2015122413491110830610070
2015122413500940837310070
2015122413500940837310070
2015122413511111232010070
2015122413530930422110070
2015122413530960655810070
2015122413541100425910070
2015122413540960655510070
2015122413540960251910070
2015122413540960251910070
2015122414000930118900070
2015122414000930116900070
2015122414000950662700070
2015122414000950662700070
2015122414000950745200070
2015122414001111232300070
2015122414001020604300070
2015122414000950745200070
2015122414000921213600070
2015122414000921213600070
2015122414000930525100070
2015122414000930525100070
2015122414000950948700070
2015122414000950948700070
2015122414010930524300070
2015122414030971266100070
2015122414030960251700070
2015122414030960251700070
2015122414240950663200070
2015122417000930928500070
2015122417000930428000070
2015122417000930428000070
2015122417001070714300070
2015122417010941038300070
2015122417010941038300070
2015122417010940736000070
2015122417010931234000070
2015122417022805201500070
2015122417022805201500070
2015122417081090418800070
2015122417140931234100070
2015122417311090620610070
2015122417381100425610070
2015122417442704201410070
2015122417541110830510070
2015122417540960655910070
2015122417551091123610070
2015122417551091123610070
2015122418001081217900070
2015122418001120333400070
2015122418000950949000070
2015122418000921212000070
2015122418000921212000070
2015122418001090621000070
2015122418001081218000070
2015122418000950947500070
2015122418000921213000070
2015122418000921213100070
2015122418000921213100070
2015122418000921211600070
2015122418030930117200070
2015122419010930115600070
2015122419010930115600070
2015122420000930929700070
2015122420000930929700070
2015122420040921211700070
2015122421351110629810070
2015122421351110629810070
2015122421350980366710070
2015122421360950663110070
2015122421360950663110070
2015122421370940837010070
2015122421370930118110070
2015122421370930118110070
2015122421390931031610070
2015122421410930524810070
2015122421410930524810070
2015122421410930524810070
2015122421410950946310070
2015122421410950945810070
2015122421410950945810070
2015122421421120735210070
2015122421421060712310070
2015122421431060210510070
2015122421430931030510070
2015122421430931030510070
2015122421460950949410070
2015122421460950949410070
2015122421470941038710070
2015122421471120634610070
2015122421481120634810070
2015122421481120634810070
2015122421480941239710070
2015122422002401201400070
2015122422001060712200070
2015122422001111232000070
2015122422001100626800070
2015122422000930422100070
2015122422000950949300070
2015122422000950946800070
2015122422000931030200070
2015122422000930118600070
2015122422000930118600070
2015122422000960251900070
2015122422010960251900070
2015122422011100425500070
2015122422011100425600070
2015122422011060711700070
2015122422011120333800070
2015122422011120333800070
2015122422010950946600070
2015122422010950946600070
2015122422010950946600070
2015122422010950946600070
2015122422011110830600070
2015122422020960655500070
2015122422021070714400070
2015122422021110830810070
2015122422021110830800070
2015122422021110830800070
2015122505330960251710070
2015122505330960251710070
2015122505351120333410070
2015122505350950949010070
2015122505370970364410070
2015122505370960352710070
2015122505371120333110070
2015122505380921213010070
2015122505390921213110070
2015122505390921213110070
2015122505390930525110070
2015122505390930525110070
2015122505390921212010070
2015122505390921212010070
2015122505400930118910070
2015122505420950948710070
2015122505420950948710070
2015122505420950947510070
2015122505420950947510070
2015122505440921213610070
2015122505450950745210070
2015122505450930524310070
2015122505460930117210070
2015122505460921211610070
2015122505471081217910070
2015122505480930116910070
2015122505481120333110070
2015122505480940837410070
2015122505480940837410070
2015122506001120634300070
2015122506001120634300070
2015122506000960655800070
2015122506000950946300070
2015122506000950946300070
2015122506000931030500070
2015122506000930118100070
2015122506000930118100070
2015122506000950946500070
2015122506000921212300070
2015122506001120735200070
2015122506001120634800070
2015122506000941038700070
2015122506001110830500070
2015122506002704201400070
2015122506001111232200070
2015122506001090620600070
2015122506000941239700070
2015122506000950949400070
2015122506001060712300070
2015122506001110328800070
2015122506001110328800070
2015122506000960655900070
2015122506000960655900070
2015122506000950663100070
2015122506000950663100070
2015122506011091123600070
2015122506011091123600070
2015122506010980366700070
2015122506030930524800070
2015122506030930524800070
2015122506030930524800070
2015122506030930524800070
2015122506070931031600070
2015122506511100626100070
2015122507340940736010070
2015122507340940736010070
2015122507401081016810070
2015122507420960454010070
2015122507440921211710070
2015122507450930827410070
2015122507450930827410070
2015122507540930928510070
2015122410000950948000060
2015122410000950945800060
2015122410000950945800060
2015122410000950945800060
2015122410001120333700060
2015122410001120333700060
2015122413331060711710060
2015122413331060711710060
2015122413341100626810060
2015122413450941038610060
2015122413450941038610060
2015122413450960251510060
2015122413480950949310060
2015122413481110830610060
2015122414010960352700060
2015122414010960352700060
2015122414010931032700060
2015122414021120634500060
2015122414021120634500060
2015122417000941038300060
2015122417020960454000060
2015122417061060611400060
2015122417061060611400060
2015122417071090418800060
2015122417071090418800060
2015122417130931234100060
2015122417301120634310060
2015122417301120634310060
2015122417301090620610060
2015122417300950946510060
2015122417310930117010060
2015122417430921212310060
2015122417432704201410060
2015122417591100626110060
2015122418010930117500060
2015122418010930117500060
2015122420030921211700060
2015122421350950542810060
2015122421350950542810060
2015122421371110328810060
2015122421371110328810060
2015122421400930524810060
2015122421400930524810060
2015122421400930524810060
2015122421410950543210060
2015122421410950543210060
2015122421420960453810060
2015122421420960453810060
2015122422001100425900060
2015122422020941038600060
2015122422020941038600060
2015122422020960251500060
2015122505341081218010060
2015122505341090621010060
2015122505360950662710060
2015122505360950662710060
2015122505370960352710060
2015122505390921212010060
2015122505390921212010060
2015122505401101228110060
2015122505400930117510060
2015122505400930117510060
2015122505450931032710060
2015122505461020604310060
2015122505470971266110060
2015122505501111232310060
2015122506000930117000060
2015122506000930117000060
2015122506010950542800060
2015122506010950542800060
2015122506020930524800060
2015122506020930524800060
2015122506020930524800060
2015122506020930524800060
2015122507340930428010060
2015122507391081016810060
2015122507410960454010060
2015122507440930929310060
2015122507450930929310060
