20151203092022020710080
20151203093622025310080
20151203094422027610080
20151203094422026110080
20151203094622003510080
20151203094622010310080
20151203095922026910080
20151203100022001500080
20151203100822028000080
20151203131422027010080
20151203131422027010080
20151203133222005510080
20151203133222002210080
20151203133522026810080
20151203133722025010080
20151203134122016410080
20151203134122021110080
20151203134122025810080
20151203134122025810080
20151203134222018710080
20151203134222017510080
20151203134222014400080
20151203134222005010080
20151203134222017410080
20151203134322003310080
20151203134322024210080
20151203134422014410080
20151203134422014410080
20151203134422004010080
20151203134622016010080
20151203135622005010080
20151203140022011600080
20151203140022005400080
20151203140022025600080
20151203140022019600080
20151203140122006100080
20151203140122020600080
20151203140122016600080
20151203140222001000080
20151203140222021900080
20151203140222024500080
20151203140322020400080
20151203140522024600080
20151203170022012700080
20151203170022021300080
20151203170022012400080
20151203170022022000080
20151203170022021300080
20151203170022018500080
20151203170022003800080
20151203170022011700080
20151203170022015500080
20151203170022016800080
20151203170022023600080
20151203170022003900080
20151203170022024000080
20151203170122014200080
20151203170122011300080
20151203170222014100080
20151203170222013600080
20151203170322023200080
20151203170322028400080
20151203170322025100080
20151203170422023500080
20151203170522008700080
20151203170522023300080
20151203170522027800080
20151203170622004500080
20151203170622029500080
20151203170622006700080
20151203170722002800080
20151203170722029300080
20151203170922023900080
20151203171022028300080
20151203171022028200080
20151203171322018200080
20151203171622010500080
20151203172322005300080
20151203172422001200080
20151203172722018800080
20151203172912036300080
20151203172922000600080
20151203173022005100080
20151203173022004700080
20151203173122008900080
20151203173322006210080
20151203173822017910080
20151203174122004910080
20151203174422005710080
20151203174522005600080
20151203175022025910080
20151203175522028500080
20151203180022017300080
20151203180022001600080
20151203180022017300080
20151203180022004400080
20151203180022026700080
20151203180022025400080
20151203180022019800080
20151203180022027300080
20151203180022019700080
20151203180022026400080
20151203180022009500080
20151203180322009100080
20151203180422014700080
20151203180622000500080
20151203180722023100080
20151203190022027900080
20151203190022011000080
20151203190322028600080
20151203190422022200080
20151203190422028700080
20151203191222000400080
20151203193222020700080
20151203194422002400080
20151203195122023400080
20151203195122000900080
20151203195722019000080
20151203195722019100080
20151203200022004800080
20151203200022027700080
20151203200022006400080
20151203200022002000080
20151203200022009200080
20151203200022028100080
20151203200022026600080
20151203200122009300080
20151203201022021600080
20151203201422020800080
20151203201922000100080
20151203201922001700080
20151203205222000300080
20151203210022005200080
20151203210022003700080
20151203210022022600080
20151203212722027210080
20151203212722027210080
20151203213222019910080
20151203213222005910080
20151203213422003110080
20151203213822014510080
20151203213822027110080
20151203213822011510080
20151203213822003010080
20151203213822025710080
20151203214022025510080
20151203214022011110080
20151203214022021510080
20151203214222027410080
20151203214422023810080
20151203214422012010080
20151203214422017210080
20151203214422018110080
20151203214522002610080
20151203214522024410080
20151203215322026010080
20151203220022005000080
20151203220022004000080
20151203220022017400080
20151203220022003500080
20151203220022005500080
20151203220022014400080
20151203220022021100080
20151203220022025800080
20151203220022026800080
20151203220022010300080
20151203220022002200080
20151203220022016400080
20151203220022025300080
20151203220022026100080
20151203220022027600080
20151203220022024200080
20151203220022027000080
20151203220022018700080
20151203220122003300080
20151203220122026900080
20151203220122017500080
20151203220122023000080
20151203220122025000080
20151203220422023700080
20151203220622016000080
20151204052922006110080
20151204053022025610080
20151204053422004710080
20151204053422002810080
20151204053422001010080
20151204053422025410080
20151204053422004410080
20151204053522003910080
20151204053722020410080
20151204053922019710080
20151204054022001610080
20151204054022019610080
20151204054022026410080
20151204054022024610080
20151204054022027310080
20151204054122009110080
20151204054122011610080
20151204054222020610080
20151204054522026710080
20151204054522024510080
20151204054522005410080
20151204054522019810080
20151204054922016610080
20151204055022018210080
20151204060022005900080
20151204060022019900080
20151204060022003000080
20151204060022017900080
20151204060022005700080
20151204060022025700080
20151204060022012000080
20151204060022006200080
20151204060022004900080
20151204060022027200080
20151204060022025500080
20151204060022023800080
20151204060022014500080
20151204060022018110080
20151204060022018100080
20151204060022017200080
20151204060022027100080
20151204060022011500080
20151204060122026000080
20151204060122021500080
20151204060122025900080
20151204060122027400080
20151204060522002600080
20151204065622006710080
20151204071122028210080
20151204071322009510080
20151204071722023210080
20151204072222013610080
20151204072222001710080
20151204072322018810080
20151204072322014710080
20151204072422000410080
20151204072622023910080
20151204072822028310080
20151204072822000110080
20151204073322027710080
20151204073322023610080
20151204073422024010080
20151204073422003710080
20151204073522028110080
20151204073522009210080
20151204073522004810080
20151204073522022210080
20151204073522004510080
20151204073522027910080
20151204073522021310080
20151204073722023010080
20151204073822005610080
20151204073922011710080
20151204073922005310080
20151204074022028410080
20151204074022014210080
20151204074122011310080
20151204074122000610080
20151204074122023110080
20151204074222000510080
20151204074322025110080
20151204074422023510080
20151204074422027810080
20151204074422000910080
20151204074422005110080
20151204074422008910080
20151204074422002010080
20151204074522009310080
20151204074522022010080
20151204074522018510080
20151204074522014110080
20151204074522023410080
20151204074522008710080
20151204074522029510080
20151204074622019110080
20151204074622012710080
20151204074722006410080
20151204074822028710080
20151204074822011010080
20151204074822003810080
20151204074922012410080
20151204074922028610080
20151204074922023310080
20151204074922026610080
20151204074922023710080
20151204074922001210080
20151204075022000310080
20151204075022028510080
20151204075022020710080
20151204075122005210080
20151204075122021610080
20151204075122020810080
20151204075122015510080
20151204075122002410080
20151204075222022610080
20151204075522022510080
20151204075522005210080
20151204075722019010080
20151204075822029310080
20151204080022010510080
2015120309371090620610070
2015120309460980366710070
2015120309570960453810070
2015120309570960453810070
2015120310041120333400070
2015120313381060711810070
2015120313400931031610070
2015120313420941038710070
2015120313421060210510070
2015120313421111232210070
2015120313421110328810070
2015120313421110328810070
2015120313420940837010070
2015120313431120634610070
2015120313431120735210070
2015120313440960655910070
2015120313440941239710070
2015120313450950945810070
2015120313450950945810070
2015120313480930118110070
2015120313480930118110070
2015120313491110830510070
2015120314010950946800070
2015120314021060712200070
2015120314022401201400070
2015120314210960352200070
2015120317001081117400070
2015120317000921211710070
2015120317000921211700070
2015120317001081117300070
2015120317000930929300070
2015120317000930929300070
2015120317002805201500070
2015120317002805201500070
2015120317001100425500070
2015120317001120333100070
2015120317001120333800070
2015120317001120333800070
2015120317010930116400070
2015120317010960251900070
2015120317010931030700070
2015120317010930320600070
2015120317010930422300070
2015120317010930422300070
2015120317020950949300070
2015120317020930116000070
2015120317030930827600070
2015120317031100425900070
2015120317030930524200070
2015120317030940735700070
2015120317040930117400070
2015120317041100626400070
2015120317040931234200070
2015120317040950663000070
2015120317040930428000070
2015120317051090822200070
2015120317050930626000070
2015120317050921213300070
2015120317050921213300070
2015120317050930422200070
2015120317050941138900070
2015120317050950662200070
2015120317060940836700070
2015120317061100425200070
2015120317060931234400070
2015120317060950744600070
2015120317060950744600070
2015120317060960252100070
2015120317071090822100070
2015120317071090418700070
2015120317071051009200070
2015120317080930421300070
2015120317081100425100070
2015120317080930219900070
2015120317110931030600070
2015120317130930320300070
2015120317280921213710070
2015120317280921213700070
2015120317280921213700070
2015120317330930928810070
2015120317331090621110070
2015120317370950662910070
2015120317370950662910070
2015120317381020905000070
2015120317391110629910070
2015120317391110629910070
2015120317411140636700070
2015120317411140636700070
2015120317511140836800070
2015120318050920604200070
2015120318070920604500070
2015120318100940837300070
2015120318100940837300070
2015120318200931233900070
2015120318251060711700070
2015120319030930929700070
2015120319280961056500070
2015120319410931233800070
2015120319520930928500070
2015120320000930114400070
2015120320001090419400070
2015120320301100224400070
2015120320301100224400070
2015120320301100224400070
2015120321321040407710070
2015120321340930929010070
2015120321350930119010070
2015120321370941239410070
2015120321370940735910070
2015120321381100927210070
2015120321390950947610070
2015120321410950948010070
2015120321410950948410070
2015120321420930116310070
2015120321420930116310070
2015120321420951050010070
2015120321431110629610070
2015120321440930928310070
2015120321440930928310070
2015120321440950663210070
2015120321440981203810070
2015120321481120333710070
2015120322001111232100070
2015120322001111232100070
2015120322010980366700070
2015120322030930118100070
2015120322030930118100070
2015120322030940837000070
2015120322030960453800070
2015120323000930421400070
2015120323000930421400070
2015120323021090419500070
2015120323021090419500070
2015120405190960352210070
2015120405190960352210070
2015120405300930118610070
2015120405300930118610070
2015120405330931030210070
2015120405340950946810070
2015120405340930524710070
2015120405340930524710070
2015120405391110830810070
2015120405391110830810070
2015120405390960251810070
2015120405410940837310070
2015120405430981203710070
2015120405431081117110070
2015120405451100425610070
2015120405452704201410070
2015120405451100425510070
2015120405451060712210070
2015120405451091123610070
2015120405461120333110070
2015120405531120333810070
2015120405531120333810070
2015120405570930727210070
2015120405570930727210070
2015120406010950663200070
2015120406011040407700070
2015120406021051109600070
2015120406020951050000070
2015120406340931233810070
2015120406481081016810070
2015120406551090621100070
2015120406550930928800070
2015120407130950744610070
2015120407130950744610070
2015120407161090419910070
2015120407161130436010070
2015120407210911102110070
2015120407210911102110070
2015120407210931030710070
2015120407210930428010070
2015120407210930219910070
2015120407231100425210070
2015120407231100425210070
2015120407231090419410070
2015120407230930114410070
2015120407230930827610070
2015120407230950662810070
2015120407260930115510070
2015120407260940836710070
2015120407270920604210070
2015120407290930662310070
2015120407290920605610070
2015120407311100425110070
2015120407330930320610070
2015120407341150337210070
2015120407341070714310070
2015120407350931234210070
2015120407361090418510070
2015120407371051009210070
2015120407370960252110070
2015120407380930115010070
2015120407380930115010070
2015120407381090419510070
2015120407381100224410070
2015120407382805201510070
2015120407380970965110070
2015120407380920605110070
2015120407380930626010070
2015120407391040107310070
2015120407390921212810070
2015120407390940736010070
2015120407390940736010070
2015120407400930219810070
2015120407401090922710070
2015120407400941038310070
2015120407401090419010070
2015120407400931234410070
2015120407421020905010070
2015120407421091223910070
2015120407431090520410070
2015120407430930115710070
2015120407430930421410070
2015120407430950663010070
2015120407430940535510070
2015120407440930827410070
2015120407440930827410070
2015120407440930421310070
2015120407450930422210070
2015120407461090822210070
2015120407461090822210070
2015120407460930116010070
2015120407471140836810070
2015120407471120835410070
2015120407471140636710070
2015120407471140636710070
2015120407471081117210070
2015120407481100425910070
2015120407480930524210070
2015120407480960454010070
2015120407481150437410070
2015120407480950543310070
2015120407481100727010070
2015120407480921211710070
2015120407480921211710070
2015120407490930116410070
2015120407490960555310070
2015120407491081117310070
2015120407491081117410070
2015120407501090822110070
2015120407501100626410070
2015120407500960151210070
2015120407510930928510070
2015120407510920604510070
2015120407510940735710070
2015120407510930117410070
2015120407520951150410070
2015120407520951150410070
2015120407530950644210070
2015120407530930115610070
2015120407541150337110070
2015120407560921213310070
2015120407560950543110070
2015120407561100626610070
2015120407571110830610070
2015120407591090418810070
2015120408000931234110070
2015120309391120634310060
2015120309391120634310060
2015120309391090620610060
2015120310001020604300060
2015120310001120634500060
2015120310001120634500060
2015120313401110629810060
2015120313401110629810060
2015120313450950542810060
2015120313450950542810060
2015120313451060712310060
2015120313451060712310060
2015120313450950949410060
2015120313460921212310060
2015120313460950946310060
2015120313460950946310060
2015120313460931030510060
2015120313491111232110060
2015120313491111232110060
2015120313500930116310060
2015120313500930116310060
2015120313500950947710060
2015120313500950947710060
2015120313511120634810060
2015120313511120634810060
2015120313511120634810060
2015120313540950543210060
2015120313540950543210060
2015120314001100425600060
2015120314002704201400060
2015120314010930422100060
2015120314010950945900060
2015120314010960655800060
2015120314010960655800060
2015120314011111232000060
2015120314010930118600060
2015120314010930118600060
2015120314011060110200060
2015120314021100626800060
2015120314021081117100060
2015120314021081117100060
2015120314040970364400060
2015120314040970364400060
2015120314050960251800060
2015120314050931030200060
2015120315181100626100060
2015120317011081117400060
2015120317011081117300060
2015120317021081117200060
2015120317021081117200060
2015120317021070714300060
2015120317030950662800060
2015120317030940736000060
2015120317030960251900060
2015120317030931030700060
2015120317031100626600060
2015120317030950644200060
2015120317040960454000060
2015120317041100727000060
2015120317041111131800060
2015120317041111131800060
2015120317042804201400060
2015120317042804201400060
2015120317041110830600060
2015120317050930115000060
2015120317050930115000060
2015120317050931031200060
2015120317050930827600060
2015120317050980366800060
2015120317051011002900060
2015120317051130436000060
2015120317050930115700060
2015120317050930115600060
2015120317050941038300060
2015120317050930827400060
2015120317050930827400060
2015120317050930524200060
2015120317050960151000060
2015120317050911102100060
2015120317050911102100060
2015120317060911102100060
2015120317060931030900060
2015120317060971165500060
2015120317060981267700060
2015120317060981267700060
2015120317060930115500060
2015120317070921212800060
2015120317070960555300060
2015120317071090419000060
2015120317070960150900060
2015120317070960150900060
2015120317081090621300060
2015120317081061213100060
2015120317080930421600060
2015120317081090922700060
2015120317081110329200060
2015120317080930523700060
2015120317080930523700060
2015120317080940535500060
2015120317081020303800060
2015120317081091223900060
2015120317081150437400060
2015120317091090418700060
2015120317090931133200060
2015120317091090418800060
2015120317101090721700060
2015120317100951150400060
2015120317120940836400060
2015120317140931030600060
2015120317150930219800060
2015120317311081016100060
2015120317321100124310060
2015120317321100124310060
2015120317321100124310060
2015120317350930928810060
2015120317360931031000060
2015120317360920605600060
2015120317400950946510060
2015120317490931031510060
2015120317490931031510060
2015120317531140836800060
2015120318010921211100060
2015120318010930524700060
2015120318010930524700060
2015120318020931234000060
2015120318051120232700060
2015120318070930117000060
2015120318120960151100060
2015120318120930116300060
2015120318121110329000060
2015120318271110328900060
2015120318330930727200060
2015120318330930727200060
2015120318431090419300060
2015120318527878787800060
2015120319001081016800060
2015120319001081016800060
2015120319000941038600060
2015120319000941038600060
2015120319001100626300060
2015120319001100626300060
2015120319030930928400060
2015120319041120835400060
2015120319061090520400060
2015120319240960151200060
2015120319241021005600060
2015120319241150337200060
2015120320000950543300060
2015120320000930827500060
2015120320000930421200060
2015120320010960251500060
2015120320021090419400060
2015120320020930114400060
2015120320061081117500060
2015120320061150337100060
2015120320110931234100060
2015120320300920605100060
2015120321050951049700060
2015120321151090419900060
2015120321351040407710060
2015120321390950745010060
2015120321391060712010060
2015120321401060711910060
2015120321411081217710060
2015120321411081217710060
2015120321431090318210060
2015120321431090318210060
2015120321431051109610060
2015120321441101228310060
2015120321441101228310060
2015120321450950946910060
2015120321450950946910060
2015120321460930524610060
2015120321510950948610060
2015120321511120735310060
2015120321511120735310060
2015120321524110201510060
2015120321524110201510060
2015120322001111232200060
2015120322001120634300060
2015120322001120634300060
2015120322000950946300060
2015120322001060711800060
2015120322001110830500060
2015120322001120735200060
2015120322001120634600060
2015120322000931030500060
2015120322000921212300060
2015120322000950947700060
2015120322011090620600060
2015120322011090620600060
2015120322011110629800060
2015120322011110629800060
2015120322020941239700060
2015120322020950949400060
2015120322020950945800060
2015120322020950945800060
2015120322021060712300060
2015120322021120634800060
2015120322021120634800060
2015120322030931031600060
2015120322030950542800060
2015120322030950542800060
2015120322031110328800060
2015120322031110328800060
2015120322030950946500060
2015120322041060210500060
2015120323030931032500060
2015120323030931032500060
2015120323051090419500060
2015120323051090419500060
2015120405370941038610060
2015120405370941038610060
2015120405391100626810060
2015120405410930117010060
2015120405410960251510060
2015120405460950949310060
2015120405470921211110060
2015120405472704201410060
2015120405470930422110060
2015120405471091123610060
2015120405481100626110060
2015120405481100626110060
2015120405490960251910060
2015120405490960251910060
2015120405530970364410060
2015120405530970364410060
2015120406004110201500060
2015120406001060712000060
2015120406001110629600060
2015120406001110629900060
2015120406001110629900060
2015120406001120634400060
2015120406001120634400060
2015120406000950948400060
2015120406000950543200060
2015120406000950543200060
2015120406001120735300060
2015120406001090318200060
2015120406000960655900060
2015120406000950946900060
2015120406001101228300060
2015120406001101228300060
2015120406010950947600060
2015120406010930524600060
2015120406010950745000060
2015120406010950946700060
2015120406011081217700060
2015120406011081217700060
2015120406020930116300060
2015120406020930116300060
2015120406020941038700060
2015120406031040407700060
2015120406030930928300060
2015120406030930928300060
2015120406030931031500060
2015120406040950662900060
2015120406040950662900060
2015120406050930119000060
2015120406111060711900060
2015120406571090621100060
2015120406570930928800060
2015120407151110329010060
2015120407160931233910060
2015120407181130436010060
2015120407231111131610060
2015120407230980366810060
2015120407230931030710060
2015120407260930114410060
2015120407261090419410060
2015120407260930827610060
2015120407260950662810060
2015120407291011002910060
2015120407310930662310060
2015120407321120434010060
2015120407321120232710060
2015120407331110329210060
2015120407331060611410060
2015120407341140436710060
2015120407341140436710060
2015120407362804201410060
2015120407391020303810060
2015120407401110328910060
2015120407401090419510060
2015120407401090419510060
2015120407401021005510060
2015120407402805201510060
2015120407410920605110060
2015120407410930928410060
2015120407421090419010060
2015120407431090419610060
2015120407431090419310060
2015120407430931133210060
2015120407430930421610060
2015120407441100324810060
2015120407450930421210060
2015120407450930523710060
2015120407450930523710060
2015120407450930523710060
2015120407450930523710060
2015120407460931233710060
2015120407460931030910060
2015120407470921213710060
2015120407491140836810060
2015120407490930115910060
2015120407500930524210060
2015120407500960454010060
2015120407507878787810060
2015120407500930827510060
2015120407510941258510060
2015120407520931032510060
2015120407521090721710060
2015120407521090721710060
2015120407520930929310060
2015120407520930929310060
2015120407530931031210060
2015120407531081117510060
2015120407571061213110060
2015120408120960151300060
2015120408351110830900060
2015120408351110830900060
