20151202132922011110080
20151202133022003010080
20151202133122005710080
20151202133222011510080
20151202133222024410080
20151202133222002610080
20151202133322018110080
20151202133322017210080
20151202133622004610080
20151202133722003110080
20151202133722020210080
20151202133722027210080
20151202133822012010080
20151202134122009010080
20151202134122019910080
20151202134122026010080
20151202134122025710080
20151202134122027110080
20151202134222025910080
20151202134222010910080
20151202134622027410080
20151202135122025510080
20151202140022004000080
20151202140022027000080
20151202140022021100080
20151202140322016500080
20151202140522021510080
20151202160922024200080
20151202161122006200080
20151202161122016000080
20151202161122017500080
20151202161222014400080
20151202161222017900080
20151202161222003500080
20151202161522014300080
20151202161522026100080
20151202161622005000080
20151202161622010300080
20151202161622018700080
20151202161622026900080
20151202162022026800080
20151202162022025800080
20151202162022025300080
20151202163022027600080
20151202163022016400080
20151202163722003300080
20151202163922004900080
20151202170022011700080
20151202170022012400080
20151202170022014100080
20151202170022013600080
20151202170022023000080
20151202170022017400080
20151202170022027700080
20151202170022023200080
20151202170022028400080
20151202170022023100080
20151202170022004800080
20151202170022023300080
20151202170022006400080
20151202170022008700080
20151202170022003700080
20151202170122028600080
20151202170122027800080
20151202170122004500080
20151202170122002000080
20151202170122023700080
20151202170122023500080
20151202170122023400080
20151202170122005200080
20151202170122029300080
20151202170122026600080
20151202170222023600080
20151202170422029500080
20151202170422010500080
20151202170522006700080
20151202170822028300080
20151202171422028700080
20151202171522027900080
20151202172022014700080
20151202172222014510080
20151202172822009300080
20151202173122000900080
20151202173722019000080
20151202174522005910080
20151202174522023810080
20151202175322019100080
20151202180022005500080
20151202180022023900080
20151202180022002200080
20151202180422001700080
20151202183022025000080
20151202185622009500080
20151202185712036300080
20151202190022012700080
20151202190022025100080
20151202190022005300080
20151202190022028200080
20151202190022022200080
20151202190122020700080
20151202190122001210080
20151202190122001200080
20151202190222011300080
20151202190622021600080
20151202191222011000080
20151202191322002400080
20151202191322000500080
20151202191522000400080
20151202193022022500080
20151202193222028500080
20151202193322000100080
20151202193422008900080
20151202195322000300080
20151202200022022600080
20151202200022020800080
20151202200022005600080
20151202200022005100080
20151202200022022000080
20151202200022024000080
20151202200022009200080
20151202200022018800080
20151202203022021300080
20151202210022028100080
20151202210022014200080
20151202210022018500080
20151202213322026310080
20151202213522028010080
20151202213522024910080
20151202213522026510080
20151202213522024810080
20151202213722003210080
20151202213722002110080
20151202213822021010080
20151202213922001510080
20151202214022024710080
20151202214022004310080
20151202214022020310080
20151202214022020910080
20151202214222012810080
20151202214222002310080
20151202214322027510080
20151202214422015910080
20151202214722014610080
20151202214722010710080
20151202215022002310080
20151202215022021810080
20151202215022011910080
20151202215122007310080
20151202215122018010080
20151202220022017200080
20151202220022020200080
20151202220022018100080
20151202220022009000080
20151202220022003000080
20151202220022019900080
20151202220022025500080
20151202220022025700080
20151202220022011500080
20151202220022027200080
20151202220022027100080
20151202220022024400080
20151202220022011100080
20151202220022003100080
20151202220022026000080
20151202220022027400080
20151202220022005700080
20151202220022025900080
20151202220122010900080
20151202220122012000080
20151202220122014500080
20151202220322021500080
20151203035122005310080
20151203052422000410080
20151203053222020410080
20151203053322025610080
20151203053422006110080
20151203053422003910080
20151203053422025410080
20151203053822021910080
20151203054022019710080
20151203054022018210080
20151203054122011610080
20151203054122020610080
20151203054222005410080
20151203054222019810080
20151203054322019610080
20151203054322027310080
20151203054322016610080
20151203054322024610080
20151203054322024510080
20151203054322026710080
20151203054422017310080
20151203054422017310080
20151203054422001610080
20151203054422004710080
20151203054422004410080
20151203054422001010080
20151203054522002810080
20151203054722009110080
20151203054822026410080
20151203060022005900080
20151203060022015900080
20151203060022002100080
20151203060022010700080
20151203060022026300080
20151203060022020900080
20151203060022021800080
20151203060022024700080
20151203060022021000080
20151203060022026500080
20151203060022026500080
20151203060022024900080
20151203060022024800080
20151203060022023800080
20151203060122002600080
20151203060122014600080
20151203060122018000080
20151203060122012800080
20151203060322011900080
20151203060422020300080
20151203060422004300080
20151203060422007300080
20151203060522002300080
20151203063122027500080
20151203070122006710080
20151203070822003200080
20151203071622028210080
20151203071622028210080
20151203071722023210080
20151203072122027910080
20151203072122009510080
20151203072522000110080
20151203072622013610080
20151203072822014710080
20151203072822005610080
20151203072922001710080
20151203072922018810080
20151203073022028110080
20151203073122023610080
20151203073222027710080
20151203073222024010080
20151203073522028310080
20151203073622009210080
20151203073622000510080
20151203073722003710080
20151203073722022210080
20151203073822004510080
20151203073822004810080
20151203074022028410080
20151203074022014210080
20151203074012036310080
20151203074122003810080
20151203074122023110080
20151203074122008910080
20151203074222011010080
20151203074222016810080
20151203074222023910080
20151203074422021310080
20151203074422010510080
20151203074422002010080
20151203074422009310080
20151203074422014110080
20151203074522011710080
20151203074522018510080
20151203074522023410080
20151203074522008710080
20151203074522025110080
20151203074522022010080
20151203074522023510080
20151203074522027810080
20151203074522000610080
20151203074622005110080
20151203074622000910080
20151203074622011310080
20151203074622006410080
20151203074622026610080
20151203074622028610080
20151203074622023710080
20151203074622012710080
20151203074622023310080
20151203074822012410080
20151203074923500010080
20151203074922028510080
20151203074922022610080
20151203075122021600080
20151203075122000310080
20151203075222019010080
20151203075222023010080
20151203075222028710080
20151203075222020810080
20151203075222015510080
20151203075222019110080
20151203075322005210080
20151203075622002410080
20151203075822029310080
2015120209320940735910070
2015120209341120333710070
2015120209351110629610070
2015120209471110629810070
2015120209471110629810070
2015120209501100927210070
2015120213310950745010070
2015120213311110629910070
2015120213311110629910070
2015120213330950947610070
2015120213360930119010070
2015120213360941239410070
2015120213360941239410070
2015120213370930929010070
2015120213371114201310070
2015120213381060712010070
2015120213380950662910070
2015120213380950662910070
2015120213390950663210070
2015120213391051109610070
2015120213400950948410070
2015120213411040407710070
2015120213410951050010070
2015120213410930116310070
2015120213410930116310070
2015120213450930928310070
2015120213450930928310070
2015120214001110629800070
2015120214001110629800070
2015120214000950949400070
2015120214000950949400070
2015120214000950663110070
2015120214000950663100070
2015120214000950663100070
2015120214010950663100070
2015120214020940837000070
2015120214040960453800070
2015120214040960453800070
2015120214050930118100070
2015120217000930421200070
2015120217001090419500070
2015120217001090419400070
2015120217000930116000070
2015120217002805201500070
2015120217000930114400070
2015120217000930928800070
2015120217000930524200070
2015120217010960454000070
2015120217010921211700070
2015120217010921211700070
2015120217020931234200070
2015120217030931030700070
2015120217040950663000070
2015120217040960252100070
2015120217040930422200070
2015120217041081117300070
2015120217040930422300070
2015120217040940735700070
2015120217041130436000070
2015120217041091223900070
2015120217050930117400070
2015120217051090822200070
2015120217051100626400070
2015120217050930115500070
2015120217051100224400070
2015120217050940836700070
2015120217051020303800070
2015120217060950744600070
2015120217061100425100070
2015120217060960655500070
2015120217061061212900070
2015120217060921212800070
2015120217060930626000070
2015120217070961056500070
2015120217071110830600070
2015120217070930929700070
2015120217080941138900070
2015120217120921213300070
2015120217121020905000070
2015120217130930525200070
2015120217140930320600070
2015120217151140636700070
2015120217151140636700070
2015120217200931030600070
2015120217270950543300070
2015120217340921213700070
2015120217351111131600070
2015120217370940535500070
2015120217451100425200070
2015120217451100425200070
2015120217460920604200070
2015120217510941239300070
2015120218050980366700070
2015120218300931233900070
2015120218361060812400070
2015120218431090419900070
2015120219050930928500070
2015120220041140836800070
2015120221360960251710070
2015120221360921213610070
2015120221360921211610070
2015120221370950745210070
2015120221380940837410070
2015120221380940837410070
2015120221380930524310070
2015120221380960352710070
2015120221400950662710070
2015120221400950662710070
2015120221411070714410070
2015120221410930118910070
2015120221420950947510070
2015120221420950947510070
2015120221430930117210070
2015120221431090621010070
2015120221440950946610070
2015120221451090318410070
2015120221450950949010070
2015120221450930116910070
2015120221451111232310070
2015120221531120333410070
2015120221530950948710070
2015120222010940735900070
2015120222011051109600070
2015120222020950663200070
2015120222020950947600070
2015120222050930116300070
2015120222050930116300070
2015120223320931234100070
2015120305180960352210070
2015120305180960352210070
2015120305330931030210070
2015120305342401201410070
2015120305350930524710070
2015120305350930524710070
2015120305380930118610070
2015120305380930118610070
2015120305401100425610070
2015120305410930422110070
2015120305431081117110070
2015120305460940837310070
2015120305461120333810070
2015120305480960251910070
2015120305480960251910070
2015120305501060712210070
2015120305550930117010070
2015120306000930117500070
2015120306000930117500070
2015120306010950946600070
2015120306010950946600070
2015120306020930118900070
2015120306020960352700070
2015120306021090318400070
2015120306020971266100070
2015120306020950948700070
2015120306030930117200070
2015120306040960251700070
2015120306040960251700070
2015120306040940837400070
2015120306040940837400070
2015120306110930525210070
2015120307110921212810070
2015120307130931233810070
2015120307161130436010070
2015120307170950744610070
2015120307200930827610070
2015120307200960150910070
2015120307200960150910070
2015120307200960150910070
2015120307260911102110070
2015120307260911102110070
2015120307271111131610070
2015120307270930115510070
2015120307270931030710070
2015120307271090419910070
2015120307270930662310070
2015120307290930114410070
2015120307300920605610070
2015120307321090822210070
2015120307320930320310070
2015120307320940836710070
2015120307331051009210070
2015120307341070714310070
2015120307361150337210070
2015120307360930320610070
2015120307390930626010070
2015120307400931030310070
2015120307401090922710070
2015120307400930219810070
2015120307401090419510070
2015120307410930115010070
2015120307410930115010070
2015120307421090419010070
2015120307420960252110070
2015120307420960252110070
2015120307420921213710070
2015120307420930421310070
2015120307420960151110070
2015120307420930422210070
2015120307420930422310070
2015120307432805201510070
2015120307430940736010070
2015120307431020905010070
2015120307431090419310070
2015120307430950663010070
2015120307430950663010070
2015120307431021005610070
2015120307440931031010070
2015120307440960856110070
2015120307440960555310070
2015120307450931234210070
2015120307451090418710070
2015120307451100224410070
2015120307450930116010070
2015120307451091223910070
2015120307451090418510070
2015120307460930929710070
2015120307460920604510070
2015120307460941038310070
2015120307471111131810070
2015120307471111131810070
2015120307471100425110070
2015120307470930115910070
2015120307471100727010070
2015120307471100425910070
2015120307470960454010070
2015120307481140636710070
2015120307481140636710070
2015120307481090520410070
2015120307481081117410070
2015120307481140836810070
2015120307480930524210070
2015120307481100626410070
2015120307480930116410070
2015120307490950543310070
2015120307510930117410070
2015120307510921213310070
2015120307521081117310070
2015120307530930115610070
2015120307540930928510070
2015120307541100626610070
2015120307540951150410070
2015120307551060812410070
2015120307550940735710070
2015120307550931031210070
2015120307571020303710070
2015120307570941258510070
2015120307580930727210070
2015120307580950644210070
2015120308001120835410070
2015120308331120634910070
2015120209370930524610060
2015120209530950946910060
2015120209530950946910060
2015120209541081217710060
2015120209541081217710060
2015120209550941038610060
2015120209550941038610060
2015120209570950948610060
2015120210021120333400060
2015120210020921213100060
2015120210020950947500060
2015120210020921213000060
2015120210030921212000060
2015120210030921212000060
2015120210030931032700060
2015120213401120735310060
2015120213401120735310060
2015120213410931031510060
2015120213431040407710060
2015120213440981203810060
2015120213440981203810060
2015120213464110201510060
2015120213464110201510060
2015120213460950948010060
2015120213541090318210060
2015120213541101228310060
2015120213541101228310060
2015120214011090620600060
2015120214011120634600060
2015120214011090620600060
2015120214011111232200060
2015120214010921212300060
2015120214010960655900060
2015120214010950947700060
2015120214011110830500060
2015120214010950946300060
2015120214010931030500060
2015120214011120634300060
2015120214011120634300060
2015120214020941038600060
2015120214020941038600060
2015120214021060711800060
2015120214021120735200060
2015120214020941239700060
2015120214021120634800060
2015120214021111232100060
2015120214021111232100060
2015120214020941038700060
2015120214021060712300060
2015120214021060712300060
2015120214020950945800060
2015120214020950945800060
2015120214020950945800060
2015120214030950946500060
2015120214040931031600060
2015120214050950542800060
2015120214050950542800060
2015120217020930827500060
2015120217020930929300060
2015120217020930421200060
2015120217021090419500060
2015120217021090419400060
2015120217022805201500060
2015120217020930114400060
2015120217021100626300060
2015120217021100626300060
2015120217020930928800060
2015120217021111131800060
2015120217021111131800060
2015120217022804201400060
2015120217020930524200060
2015120217031060210500060
2015120217030960454000060
2015120217030950662800060
2015120217030930428000060
2015120217030930428000060
2015120217030931233800060
2015120217030930116400060
2015120217030941038300060
2015120217031081117400060
2015120217030940736000060
2015120217030930727200060
2015120217041090520400060
2015120217040930115000060
2015120217040930115000060
2015120217040931233700060
2015120217041081117200060
2015120217040930115600060
2015120217050950644200060
2015120217050981267700060
2015120217050981267700060
2015120217050931030900060
2015120217050980366800060
2015120217050951150400060
2015120217050951150400060
2015120217050911102100060
2015120217050911102100060
2015120217050931030700060
2015120217060960856100060
2015120217061110329000060
2015120217061150337200060
2015120217061100324800060
2015120217061081117300060
2015120217061090621100060
2015120217061130436000060
2015120217071020905200060
2015120217071120434000060
2015120217071120835400060
2015120217071061213100060
2015120217070950662200060
2015120217071090922700060
2015120217071100626600060
2015120217081090418800060
2015120217081100124300060
2015120217081100124300060
2015120217080930421600060
2015120217081090418700060
2015120217081150437400060
2015120217081090418600060
2015120217081090621300060
2015120217080930115900060
2015120217080970965100060
2015120217091110329200060
2015120217091111031300060
2015120217100931234400060
2015120217100930219800060
2015120217100931133200060
2015120217200951049700060
2015120217220931030600060
2015120217231100727000060
2015120217231100727000060
2015120217231081016100060
2015120217240930320300060
2015120217281070714300060
2015120217291090419000060
2015120217290930928400060
2015120217301100425900060
2015120217340931031000060
2015120217340930219900060
2015120217341120232700060
2015120217350920605600060
2015120217360931030300060
2015120217360930662300060
2015120217371120634900060
2015120217400960555300060
2015120217410940836400060
2015120217451110328900060
2015120217480941258500060
2015120218511090822100060
2015120218521021005600060
2015120220000930115700060
2015120220000930421300060
2015120220010930827400060
2015120220010930827400060
2015120220061140836800060
2015120220071081117500060
2015120220070930827600060
2015120220070930827600060
2015120220301140436700060
2015120220320960151200060
2015120221230960151300060
2015120221230960151300060
2015120221321101228110060
2015120221321120333210060
2015120221321120333210060
2015120221400960352710060
2015120221410971266110060
2015120221420921213010060
2015120221420921213110060
2015120221480930525110060
2015120221481020604310060
2015120221500930117510060
2015120221500930117510060
2015120221551081218010060
2015120222000950948000060
2015120222001120634400060
2015120222001120634400060
2015120222000950662900060
2015120222000950662900060
2015120222001040407700060
2015120222010950946900060
2015120222010950946900060
2015120222010981203800060
2015120222014110201500060
2015120222014110201500060
2015120222011100927200060
2015120222010950948400060
2015120222011060712000060
2015120222020950948600060
2015120222021081217700060
2015120222021110629600060
2015120222030950745000060
2015120222041060711900060
2015120222041090318200060
2015120222040950946700060
2015120222041101228300060
2015120222041101228300060
2015120222041120333700060
2015120222040930929000060
2015120222040931031500060
2015120222040930928300060
2015120222040930928300060
2015120222040930119000060
2015120222050951050000060
2015120222050930524600060
2015120222050941239400060
2015120223330931234000060
2015120223330931234000060
2015120223340931234100060
2015120305320950945910060
2015120305361100626810060
2015120305370941038610060
2015120305370941038610060
2015120305430921211110060
2015120305430950949310060
2015120305431100425510060
2015120305461120333110060
2015120305460970364410060
2015120305460960251510060
2015120305481111232010060
2015120305571100626110060
2015120306001090621000060
2015120306001111232300060
2015120306000921213600060
2015120306000921213600060
2015120306000930116900060
2015120306001120735300060
2015120306001120735300060
2015120306001081218000060
2015120306001081218000060
2015120306000921211600060
2015120306000921213000060
2015120306000950949000060
2015120306010950947500060
2015120306010950947500060
2015120306010930525100060
2015120306021070714400060
2015120306020950662700060
2015120306020931032700060
2015120306030930524300060
2015120306030921213100060
2015120306031110629900060
2015120306031110629900060
2015120306030950745200060
2015120306031101228100060
2015120306040960352700060
2015120306041090318400060
2015120306041120333200060
2015120306041120333200060
2015120307151110329010060
2015120307180931233910060
2015120307181130436010060
2015120307220930827610060
2015120307290980366810060
2015120307290971165510060
2015120307290930219910060
2015120307290931030710060
2015120307290930662310060
2015120307310930114410060
2015120307321111031210060
2015120307321120232710060
2015120307321060611410060
2015120307321060611410060
2015120307320930428010060
2015120307341011002910060
2015120307361110329210060
2015120307371021005510060
2015120307381110328910060
2015120307391120434010060
2015120307392804201410060
2015120307400930928410060
2015120307400960655510060
2015120307400920604310060
2015120307410970965110060
2015120307420960151210060
2015120307420950662210060
2015120307420950662210060
2015120307421090419510060
2015120307420930827410060
2015120307420930827410060
2015120307441040107310060
2015120307440930523710060
2015120307440930523710060
2015120307441090419610060
2015120307450930421210060
2015120307450931133210060
2015120307450931234410060
2015120307451020303810060
2015120307450930115710060
2015120307450931030910060
2015120307460940535510060
2015120307461090822110060
2015120307467878787810060
2015120307471100626310060
2015120307470951049710060
2015120307480930421410060
2015120307480930321010060
2015120307480930827510060
2015120307490960151310060
2015120307500960454010060
2015120307501081117210060
2015120307500931234010060
2015120307501150437410060
2015120307500930524210060
2015120307511090418810060
2015120307511081016810060
2015120307510930421610060
2015120307521090721710060
2015120307521090721710060
2015120307530930929310060
2015120307531061213110060
2015120307561081117510060
2015120307570931032510060
2015120307580920605110060
