20151106095922026910080
20151106095922026910080
20151106101522022500080
20151106132722027010080
20151106133222001710080
20151106133222017410080
20151106133322003510080
20151106133322005510080
20151106133322002210080
20151106133322026110080
20151106133422016410080
20151106133422004910080
20151106133422011710080
20151106133822017510080
20151106133922010310080
20151106133922004010080
20151106133922018710080
20151106133922005010080
20151106134122024210080
20151106134222014310080
20151106134222027610080
20151106134422017910080
20151106134522016010080
20151106134522014410080
20151106134622004010080
20151106134822016510080
20151106134822016510080
20151106135022026810080
20151106135022025310080
20151106135022025010080
20151106135022025810080
20151106135122021110080
20151106140022008600080
20151106140022001000080
20151106140022004700080
20151106140022021900080
20151106140022024300080
20151106140022019800080
20151106140022006100080
20151106140022016600080
20151106140022025400080
20151106140022025600080
20151106140022020600080
20151106140022005400080
20151106140022024500080
20151106140022020400080
20151106140022011600080
20151106140022026700080
20151106140122003900080
20151106140122019600080
20151106140122001600080
20151106140122024600080
20151106140122002800080
20151106150722005100080
20151106170022012400080
20151106170022002000080
20151106170022012700080
20151106170022018500080
20151106170022024000080
20151106170022028400080
20151106170022016800080
20151106170022004800080
20151106170022026600080
20151106170022013600080
20151106170022009500080
20151106170022003700080
20151106170022015500080
20151106170122023700080
20151106170122023200080
20151106170122006400080
20151106170122027700080
20151106170122005200080
20151106170122023900080
20151106170222021300080
20151106170222004500080
20151106170222022000080
20151106170222027800080
20151106170322023600080
20151106170322023500080
20151106170322009200080
20151106170322010500080
20151106170422023300080
20151106170522029300080
20151106170622027900080
20151106170622023000080
20151106170722028100080
20151106170822006700080
20151106170822025100080
20151106170922008900080
20151106171022029500080
20151106171022028200080
20151106171922028300080
20151106172622008700080
20151106172622023400080
20151106173022014200080
20151106173022023100080
20151106173122009300080
20151106173222011300080
20151106173222000400080
20151106173322003800080
20151106173322005600080
20151106174122028500080
20151106175222006210080
20151106180022001200080
20151106180022001210080
20151106180222004400080
20151106180322009100080
20151106180422019700080
20151106180422027300080
20151106180422026400080
20151106182122019100080
20151106184822000600080
20151106185722000500080
20151106190022028700080
20151106190022022200080
20151106190022005300080
20151106190522021600080
20151106191822011000080
20151106200422000900080
20151106200422022600080
20151106200922000300080
20151106205122000100080
20151106211022020800080
20151106213222027210080
20151106213422025910080
20151106213422025710080
20151106213422027110080
20151106213522011110080
20151106213522010910080
20151106213822003010080
20151106213822020210080
20151106214022005910080
20151106214022019910080
20151106214122025510080
20151106214122005710080
20151106214122014510080
20151106214122017210080
20151106214122012010080
20151106214222002610080
20151106214222018110080
20151106214222023810080
20151106214322021510080
20151106214822027410080
20151106215122026010080
20151106215322004610080
20151106215322003110080
20151106215622024410080
20151106215622011510080
20151106220022021100080
20151106220022004000080
20151106220022026900080
20151106220022026900080
20151106220022010300080
20151106220022005500080
20151106220022004900080
20151106220022003500080
20151106220022027600080
20151106220022014400080
20151106220022026800080
20151106220022016400080
20151106220022017900080
20151106220022025300080
20151106220022005000080
20151106220022026100080
20151106220022014300080
20151106220022027000080
20151106220022025800080
20151106220022016500080
20151106220022024200080
20151106220022017400080
20151106220022018700080
20151106220022017500080
20151106220122011700080
20151106220122002200080
20151106220122016000080
20151106220122025000080
20151106220422001700080
20151107053022028010080
20151107053322026310080
20151107053322026210080
20151107053522003210080
20151107053522002110080
20151107053622001510080
20151107053722021010080
20151107053722024910080
20151107053722025210080
20151107053722026510080
20151107053722026510080
20151107053822007210080
20151107053822027510080
20151107053822014610080
20151107053922002310080
20151107054122007310080
20151107054122018010080
20151107054122024710080
20151107054222012110080
20151107054222020910080
20151107054222024810080
20151107054422008810080
20151107054422004310080
20151107054822011910080
20151107054822021810080
20151107055622020310080
20151107060022005900080
20151107060022003000080
20151107060022019900080
20151107060022006200080
20151107060022018100080
20151107060022025700080
20151107060022020200080
20151107060022027200080
20151107060022002600080
20151107060022011100080
20151107060022023800080
20151107060022027100080
20151107060022017200080
20151107060022021500080
20151107060022014500080
20151107060022025500080
20151107060022005700080
20151107060022010900080
20151107060122003100080
20151107060322026000080
20151107060322011500080
20151107060322004600080
20151107060722027400080
20151107060822024400080
20151107071922014210080
20151107073222023410080
20151107073222022010080
20151107073622027910080
20151107073722018510080
20151107073722008710080
20151107073722021310080
20151107073722002010080
20151107074322004810080
20151107074622005210080
20151107074822008910080
20151107075022023110080
20151107075122028110080
20151107075222023610080
20151107075222003810080
20151107075722023910080
20151107081322001210080
2015110613301090620610070
2015110613311060712310070
2015110613311060712310070
2015110613380930524810070
2015110613380930524810070
2015110613400950945810070
2015110613400950945810070
2015110613410960453810070
2015110613410960453810070
2015110613420950947710070
2015110613420950947710070
2015110613420950663110070
2015110613420950663110070
2015110613421120735210070
2015110613430950949410070
2015110613430950949410070
2015110613440950542810070
2015110613440950542810070
2015110613441111232110070
2015110613441111232110070
2015110613440931030510070
2015110613440931030510070
2015110613440980366710070
2015110613460940837010070
2015110613501110629810070
2015110613501110629810070
2015110613520941038710070
2015110614001110830800070
2015110614001110830800070
2015110614010950946800070
2015110614012401201400070
2015110614022704201400070
2015110614020931030200070
2015110614021081117100070
2015110614031081117100070
2015110614031120333100070
2015110614070960352200070
2015110614141060711700070
2015110617001111131800070
2015110617001081117400070
2015110617002805201500070
2015110617002804201400070
2015110617000930524200070
2015110617000930524200070
2015110617001090621100070
2015110617001110830600070
2015110617000950945900070
2015110617001100727000070
2015110617000930421400070
2015110617000930116400070
2015110617000931030700070
2015110617000931030700070
2015110617010921211700070
2015110617010940736000070
2015110617010940736000070
2015110617010930421200070
2015110617010930421200070
2015110617011091223900070
2015110617010930428000070
2015110617020930928800070
2015110617020930928800070
2015110617021011002900070
2015110617020930928800070
2015110617020930114400070
2015110617020930827400070
2015110617020931031200070
2015110617030931234200070
2015110617031090419500070
2015110617030930929700070
2015110617030930422300070
2015110617030930116000070
2015110617031100224400070
2015110617031111201300070
2015110617040960555300070
2015110617040981267700070
2015110617040981267700070
2015110617041100626400070
2015110617050921213300070
2015110617050921213300070
2015110617051020303800070
2015110617050950744600070
2015110617051061212900070
2015110617051100425100070
2015110617050960151100070
2015110617051100425200070
2015110617051100425200070
2015110617050930626000070
2015110617071090418800070
2015110617070950662800070
2015110617090930421300070
2015110617110931030600070
2015110617121150337200070
2015110617130941138900070
2015110617210930422200070
2015110617230961056500070
2015110617240920604200070
2015110617291081117300070
2015110617291110629910070
2015110617291110629910070
2015110617300950947610070
2015110617310930662300070
2015110617330960655500070
2015110617360940535500070
2015110617411120333710070
2015110618011111031200070
2015110618040921211100070
2015110618461111031300070
2015110618490931233800070
2015110618521100626100070
2015110619140941239300070
2015110619510930928500070
2015110619550960454000070
2015110620001090419900070
2015110620001140836800070
2015110620010931234000070
2015110620010931234000070
2015110620050930115900070
2015110621010930827500070
2015110621340930119010070
2015110621351060712010070
2015110621361040407710070
2015110621380941239410070
2015110621401060711910070
2015110621400940735910070
2015110621411051109610070
2015110621410950662910070
2015110621410950662910070
2015110621410950663210070
2015110621420950948410070
2015110621421110629610070
2015110621420950948010070
2015110621450950745010070
2015110621510930929010070
2015110621510930928310070
2015110621510930928310070
2015110621520981203810070
2015110621520981203810070
2015110622000950949400070
2015110622010940837000070
2015110622020980366700070
2015110622030930524800070
2015110622040950663100070
2015110622050950663100070
2015110622081130436000070
2015110705340921213610070
2015110705340950662710070
2015110705341120333210070
2015110705351101228110070
2015110705360950949010070
2015110705360960352710070
2015110705360930524310070
2015110705370921212010070
2015110705370921212010070
2015110705390931032710070
2015110705410930118910070
2015110705411120333410070
2015110705410930116910070
2015110705411090318410070
2015110705420950947510070
2015110705460940837410070
2015110705460950946610070
2015110705461070714410070
2015110705471081217910070
2015110705480950948710070
2015110705551081218010070
2015110706001120835410070
2015110706010930116300070
2015110706010930116300070
2015110706030951050000070
2015110706040930119000070
2015110706130940735900070
2015110706460941038310070
2015110707021120634400070
2015110707021120634400070
2015110707021110629900070
2015110707021110629900070
2015110707270930115710070
2015110707270931233710070
2015110707301090419010070
2015110707330930428010070
2015110707340930928510070
2015110707340930928510070
2015110707371070714310070
2015110707390931031010070
2015110707422805201510070
2015110707422805201510070
2015110707451081117310070
2015110707451081117410070
2015110707450930421210070
2015110707460930827410070
2015110707460930827410070
2015110707570930115610070
2015110708110931030310070
2015110708381090520110070
2015110609420931031610060
2015110610030930524600060
2015110613331090620610060
2015110613330930118110060
2015110613330930118110060
2015110613361111232210060
2015110613400930524810060
2015110613400930524810060
2015110613430941239710060
2015110613451120634310060
2015110613451120634310060
2015110613451111232110060
2015110613461060711810060
2015110613460960655910060
2015110613461120634810060
2015110613461120634810060
2015110613500950946310060
2015110613510921212310060
2015110614001100425600060
2015110614001111232000060
2015110614010941038600060
2015110614010941038600060
2015110614010960251800060
2015110614010981203700060
2015110614011100425500060
2015110614010930117000060
2015110614010930117000060
2015110614010930422100060
2015110614020930118600060
2015110614020930118600060
2015110614021120333800060
2015110614021120333800060
2015110614020960251900060
2015110614020960251900060
2015110614030940837300060
2015110614030940837300060
2015110614040950949300060
2015110614161060110200060
2015110617021090621100060
2015110617030931233700060
2015110617031091223900060
2015110617030930428000060
2015110617030911102100060
2015110617030911102100060
2015110617040930114400060
2015110617040980366800060
2015110617040960151000060
2015110617050931031000060
2015110617051090419600060
2015110617050960353600060
2015110617050960353600060
2015110617050921213700060
2015110617050950662200060
2015110617051090922700060
2015110617050970965100060
2015110617050940735700060
2015110617050960856100060
2015110617061090419200060
2015110617060930115500060
2015110617060950542600060
2015110617061120835400060
2015110617060931030300060
2015110617061090721700060
2015110617061080315000060
2015110617061120434000060
2015110617061120434000060
2015110617061110329200060
2015110617060941038300060
2015110617071110328900060
2015110617071100626600060
2015110617071090418500060
2015110617070950543100060
2015110617071090822200060
2015110617070951150400060
2015110617071100324800060
2015110617071081117500060
2015110617071090419100060
2015110617070930421600060
2015110617081090418700060
2015110617081081016100060
2015110617091090418600060
2015110617091090418600060
2015110617091090418800060
2015110617090930219900060
2015110617091090419300060
2015110617100930219800060
2015110617110930421300060
2015110617130931030600060
2015110617131100425900060
2015110617161061213100060
2015110617240930827600060
2015110617240930827600060
2015110617250921212800060
2015110617300920604400060
2015110617301090520400060
2015110617300950543300060
2015110617330951049700060
2015110617400920605600060
2015110617531090318210060
2015110617531090318210060
2015110617580920605100060
2015110618021091123600060
2015110618021091123600060
2015110618061100626800060
2015110618060960655800060
2015110618060921211100060
2015110618061120232700060
2015110618061060712200060
2015110618300931233900060
2015110618410931234100060
2015110618490930321000060
2015110619021150337100060
2015110619021150337100060
2015110619091140436700060
2015110619090960251500060
2015110619101060812400060
2015110619161110329000060
2015110619161110329000060
2015110619171090621300060
2015110619341111031400060
2015110619341111031400060
2015110619341111031400060
2015110619421051009200060
2015110619570930523700060
2015110619570930523700060
2015110619570960454000060
2015110619570970364400060
2015110620040930114500060
2015110620040930114500060
2015110620050930928400060
2015110620070930115900060
2015110620071150437400060
2015110620130960151300060
2015110621030930827500060
2015110621031090419400060
2015110621040930115700060
2015110621071130335800060
2015110621071110830900060
2015110621071110830900060
2015110621200941258500060
2015110621320930115600060
2015110621320930115600060
2015110621421081217710060
2015110621421101228310060
2015110621421100927210060
2015110621430950946910060
2015110621430950946710060
2015110621430950946710060
2015110621451120735310060
2015110621451120735310060
2015110621450951050010060
2015110621450930524610060
2015110621470930116310060
2015110621470930116310060
2015110621520931031510060
2015110621554110201510060
2015110622001120634300060
2015110622001120634300060
2015110622001111232200060
2015110622010950946300060
2015110622010941239700060
2015110622010941239700060
2015110622011060711800060
2015110622011060711800060
2015110622010960655900060
2015110622011090620600060
2015110622010931030500060
2015110622011060712300060
2015110622011090620600060
2015110622011120735200060
2015110622011111232100060
2015110622011111232100060
2015110622011110629800060
2015110622011110629800060
2015110622017311201300060
2015110622017311201300060
2015110622020941038700060
2015110622021120634800060
2015110622020950947700060
2015110622020950542800060
2015110622020950542800060
2015110622031070714300060
2015110622040921212300060
2015110622040930524800060
2015110622040930524800060
2015110622040930524800060
2015110622050930524800060
2015110622050931031600060
2015110622050960453800060
2015110622060930118100060
2015110622060930118100060
2015110622101130436000060
2015110705360950745210060
2015110705371120333210060
2015110705380921211610060
2015110705380960352710060
2015110705410930117510060
2015110705410930117510060
2015110705410930117210060
2015110705440950947510060
2015110705440921213110060
2015110705450971266110060
2015110705461100124310060
2015110705461100124310060
2015110705461100124310060
2015110705471090621010060
2015110705521111232310060
2015110706000950948400060
2015110706000950948400060
2015110706001120333700060
2015110706000981203800060
2015110706000950948600060
2015110706004110201500060
2015110706001060711900060
2015110706001100927200060
2015110706010950946900060
2015110706010950947600060
2015110706010950945800060
2015110706010950945800060
2015110706020930524600060
2015110706021120835410060
2015110706021060712000060
2015110706020950662900060
2015110706020950662900060
2015110706021081217700060
2015110706021081217700060
2015110706021101228300060
2015110706021101228300060
2015110706030930929000060
2015110706031090318200060
2015110706031120735300060
2015110706031120735300060
2015110706041110629600060
2015110706040950946700060
2015110706040930928300060
2015110706080941239400060
2015110706080941239400060
2015110706291100626310060
2015110706291100626310060
2015110707370930827510060
2015110707470930421210060
2015110707471081117410060
2015110707471081117310060
2015110707480931032510060
2015110707511090419610060
2015110707530930421610060
2015110707571090721710060
2015110707571090721710060
