20151114092622004010080
20151114092622016410080
20151114092722004910080
20151114095222016510080
20151114100022026300080
20151114100022021000080
20151114100022026200080
20151114102222025810080
20151114102222025810080
20151114133422017510080
20151114133522005010080
20151114133522017910080
20151114133722003310080
20151114134122026110080
20151114134122026910080
20151114134222006210080
20151114134222014310080
20151114134322003510080
20151114134322002210080
20151114134422005510080
20151114134422027610080
20151114134422026810080
20151114134422025310080
20151114134522025010080
20151114134522018710080
20151114134722017410080
20151114135322021110080
20151114140022006100080
20151114140022004700080
20151114140022025600080
20151114140022020600080
20151114140022021900080
20151114140022002800080
20151114140022001000080
20151114140022024500080
20151114140122009100080
20151114140122012700080
20151114140122018200080
20151114140222024600080
20151114163022024300080
20151114170022003700080
20151114170022004500080
20151114170022023100080
20151114170022023900080
20151114170022008700080
20151114170122016800080
20151114170222023400080
20151114170522028100080
20151114170522028300080
20151114170522028200080
20151114170922002610080
20151114171322000410080
20151114171322011310080
20151114172122014110080
20151114172222014410080
20151114172822027900080
20151114174322027010080
20151114174922025510080
20151114175322027410080
20151114175322021510080
20151114180022026700080
20151114180022026400080
20151114180022027300080
20151114180022024000080
20151114180122025710080
20151114180222016600080
20151114180222025400080
20151114180322005400080
20151114180322003900080
20151114180422008600080
20151114180422001600080
20151114180422019800080
20151114180422017300080
20151114180422017300080
20151114180422019600080
20151114180422019600080
20151114180522011600080
20151114180722004400080
20151114181122020400080
20151114181122020400080
20151114184122000900080
20151114191722000400080
20151114191722011300080
20151114200022023300080
20151114200022023600080
20151114212322014200080
20151114213622011110080
20151114213622010910080
20151114213722027210080
20151114213822005710080
20151114213822014510080
20151114213822025910080
20151114213822027110080
20151114213822011510080
20151114213822026010080
20151114214022023810080
20151114214022012010080
20151114214022017210080
20151114214022018110080
20151114214122024410080
20151114214322003110080
20151114214322004610080
20151114214422003010080
20151114214522005910080
20151114214522009010080
20151114214522019910080
20151114220022017400080
20151114220022002200080
20151114220022017900080
20151114220022005000080
20151114220022016400080
20151114220022012210080
20151114220022017500080
20151114220022014300080
20151114220022005500080
20151114220022021100080
20151114220022010300080
20151114220022027600080
20151114220022004000080
20151114220022026800080
20151114220122018700080
20151114220122025300080
20151114220122006200080
20151114220122026100080
20151114220222003500080
20151114220322025000080
20151114220322004900080
20151114220422016500080
20151114220422026900080
20151114221122025800080
20151114221122025800080
20151115000922003300080
20151115013022014100080
20151115053422006110080
20151115053422025610080
20151115053522001010080
20151115053522004710080
20151115053522002810080
20151115053522025410080
20151115053522004410080
20151115053622009110080
20151115053722020410080
20151115053822020410080
20151115053822021910080
20151115053922003910080
20151115053922008610080
20151115054022017310080
20151115054022017310080
20151115054122001610080
20151115054222024310080
20151115054222016610080
20151115054422011610080
20151115054422020610080
20151115054622005410080
20151115054622024510080
20151115054722019810080
20151115054722026710080
20151115054722019610080
20151115054722027310080
20151115054722026410080
20151115054822018210080
20151115055322024610080
20151115060022012200080
20151115060022005900080
20151115060022018100080
20151115060022026000080
20151115060022025700080
20151115060022025900080
20151115060022011500080
20151115060022004600080
20151115060022017200080
20151115060022003100080
20151115060022009000080
20151115060022014500080
20151115060022021500080
20151115060022005700080
20151115060022023800080
20151115060022003000080
20151115060022027200080
20151115060022027100080
20151115060122011100080
20151115060122011100080
20151115060522014400080
20151115060522027000080
20151115060622002600080
20151115060622027400080
20151115060622012000080
20151115062422025500080
20151115062522024400080
20151115072622025110080
20151115073522001710080
20151115073822021310080
20151115074322005110080
20151115074322027710080
20151115074522005610080
2015111409450930118110070
2015111409511111232110070
2015111409511111232110070
2015111409587311201310070
2015111409587311201310070
2015111410020971266100070
2015111413210950543210070
2015111413210950543210070
2015111413331060210510070
2015111413380980366710070
2015111413380950947710070
2015111413380950947710070
2015111413390950663110070
2015111413390950663110070
2015111413400950945810070
2015111413400950945810070
2015111413410950542810070
2015111413410950542810070
2015111413420960655910070
2015111413420950946510070
2015111413420931030510070
2015111413420931030510070
2015111413421090620610070
2015111413430930524810070
2015111413430930524810070
2015111413451120735210070
2015111413501110830510070
2015111413531120634610070
2015111413531120634610070
2015111414010940837300070
2015111414170960352200070
2015111414211060711700070
2015111415031130436000070
2015111415451100425600070
2015111417000930116000070
2015111417000930116000070
2015111417001081117200070
2015111417001081117200070
2015111417000930928500070
2015111417000930428000070
2015111417000930428000070
2015111417000930929300070
2015111417000930929300070
2015111417000960454000070
2015111417000930523700070
2015111417000930523700070
2015111417000930929700070
2015111417000930929700070
2015111417011100124300070
2015111417011100124300070
2015111417011100124300070
2015111417010960353600070
2015111417010960353600070
2015111417010950543300070
2015111417011090419400070
2015111417011090419400070
2015111417010941038600070
2015111417010941038600070
2015111417010950359800070
2015111417020930115000070
2015111417020930115000070
2015111417030930115000070
2015111417030931031200070
2015111417030931031200070
2015111417050930115900070
2015111417261110629910070
2015111417261110629910070
2015111417580941239410070
2015111417580941239410070
2015111418042401201400070
2015111420061130335800070
2015111420061130335800070
2015111421310930119010070
2015111421321060712010070
2015111421341040407710070
2015111421350950745010070
2015111421360950947610070
2015111421391120333710070
2015111421401051109610070
2015111421400950663210070
2015111421410950948410070
2015111421410930929010070
2015111421420950662910070
2015111421420950662910070
2015111421451110629610070
2015111421510930928310070
2015111421510930928310070
2015111421510981203810070
2015111421560930116310070
2015111421560930116310070
2015111421581081217710070
2015111421581081217710070
2015111421590930524610070
2015111421591100927210070
2015111422001120333100070
2015111422000980366700070
2015111422011060210500070
2015111422030930524800070
2015111422030950663100070
2015111422030950663100070
2015111505330930118610070
2015111505330930118610070
2015111505350930524710070
2015111505350930524710070
2015111505350950946810070
2015111505381081117110070
2015111505390960352210070
2015111505390960352210070
2015111505410940837310070
2015111505410960251810070
2015111505420981203710070
2015111505431100425510070
2015111505431100425610070
2015111505441100626110070
2015111505441060712210070
2015111505441120333810070
2015111505441120333810070
2015111505450921211110070
2015111505450930422110070
2015111505451120333110070
2015111505510960251910070
2015111505510960251910070
2015111505551060711710070
2015111506021051109600070
2015111506021040407700070
2015111506030930119000070
2015111506030940837000070
2015111506030940837000070
2015111507300940736010070
2015111507300940736010070
2015111507311090419010070
2015111507312401201400070
2015111507380930524210070
2015111507421081016810070
2015111507421081016810070
2015111507421081016810070
2015111507482805201510070
2015111507482805201510070
2015111507520931030710070
2015111409470930118110060
2015111409480950949410060
2015111410010950949000060
2015111410010921213000060
2015111410020930524300060
2015111410030950948700060
2015111410030950948700060
2015111410040960352700060
2015111410040960352700060
2015111410040931030310060
2015111413361111232210060
2015111413361111232210060
2015111413380941239710060
2015111413381120634310060
2015111413381120634310060
2015111413401060712310060
2015111413421120634810060
2015111413421120634810060
2015111413441090620610060
2015111413450930524810060
2015111413450930524810060
2015111413480950946310060
2015111413490921212310060
2015111414000960655800060
2015111414000960655800060
2015111414000930422100060
2015111414000930118600060
2015111414000930118600060
2015111414001081117100060
2015111414001081117100060
2015111414001100626800060
2015111414001111232000060
2015111414020950946600060
2015111414020950946600060
2015111414021110830800060
2015111414020970364400060
2015111414020981203700060
2015111414020921211100060
2015111414020950946800060
2015111414021120333800060
2015111414021060712200060
2015111414021100425500060
2015111414030960251900060
2015111414030960251900060
2015111414030950945900060
2015111414231060110200060
2015111414301100626100060
2015111415051130436000060
2015111416370931030300060
2015111417041111131800060
2015111417041111131800060
2015111417052804201400060
2015111417052804201400060
2015111417060931031000060
2015111417070930115900060
2015111417100930421400060
2015111417460931031510060
2015111418040930524700060
2015111418040930524700060
2015111418060930117000060
2015111418060930117000060
2015111418090960251800060
2015111421431120735310060
2015111421431120735310060
2015111421471101228310060
2015111421471090318210060
2015111421470950946910060
2015111421470950948610060
2015111421544110201510060
2015111422000941239700060
2015111422000941239700060
2015111422001111232200060
2015111422000950946300060
2015111422001110629800060
2015111422001110629800060
2015111422001120634300060
2015111422001120634300060
2015111422001111232100060
2015111422001111232100060
2015111422000931030500060
2015111422001120634600060
2015111422001120735200060
2015111422000960655900060
2015111422001110830500060
2015111422000950949400060
2015111422001090620600060
2015111422001090620600060
2015111422007311201300060
2015111422007311201300060
2015111422000950945800060
2015111422000950945800060
2015111422000921212300060
2015111422000941038700060
2015111422010941038700060
2015111422010950947700060
2015111422010950947700060
2015111422011120634800060
2015111422011120634800060
2015111422010930118100060
2015111422010930118100060
2015111422011060712300060
2015111422030950542800060
2015111422030950542800060
2015111422050930524800060
2015111422050930524800060
2015111423310921211700060
2015111423310921211700060
2015111500061090419000060
2015111505361100626810060
2015111505390930117010060
2015111505410950945910060
2015111505420960251510060
2015111505430970364410060
2015111505430970364410060
2015111505460950949310060
2015111505470960655810060
2015111505470960655810060
2015111506000950543200060
2015111506000950543200060
2015111506000950948000060
2015111506001110629600060
2015111506000950948400060
2015111506000950947600060
2015111506001060712000060
2015111506001110629900060
2015111506001110629900060
2015111506004110201500060
2015111506000950946900060
2015111506000950946500060
2015111506001120735300060
2015111506001120735300060
2015111506000950662900060
2015111506000950662900060
2015111506001081217700060
2015111506011060711900060
2015111506011100927200060
2015111506010981203800060
2015111506011120634400060
2015111506011120634400060
2015111506020950946700060
2015111506020930524600060
2015111506030930929000060
2015111506030950745000060
2015111506041101228300060
2015111506041101228300060
2015111506041040407700060
2015111506040930928300060
2015111506040930928300060
2015111506060931031500060
2015111506170941239400060
2015111506170941239400060
2015111507321070714310060
2015111507400930524210060
2015111507540931030710060
