20151204094822003510080
20151204094822010310080
20151204095322016510080
20151204100022020200080
20151204100022024400080
20151204100022003100080
20151204100922011100080
20151204100922011100080
20151204132622016410080
20151204133222024210080
20151204133322005510080
20151204133322002210080
20151204133522014310080
20151204133522026910080
20151204133522026110080
20151204133922018710080
20151204133922027610080
20151204133922005010080
20151204133922017410080
20151204134022026810080
20151204134022025010080
20151204134022025810080
20151204134022025810080
20151204134122004010080
20151204134322027010080
20151204134522021110080
20151204134522016010080
20151204170022012400080
20151204170022018200080
20151204170022013600080
20151204170022023200080
20151204170022028400080
20151204170022003900080
20151204170022026700080
20151204170022026400080
20151204170022004700080
20151204170022026900080
20151204170022025400080
20151204170022022000080
20151204170022002800080
20151204170022024000080
20151204170022023700080
20151204170022019700080
20151204170022023600080
20151204170022004500080
20151204170022011700080
20151204170122004800080
20151204170122009200080
20151204170222027800080
20151204170222004400080
20151204170222002000080
20151204170222004400080
20151204170222008900080
20151204170222011300080
20151204170322005200080
20151204170322026600080
20151204170422029300080
20151204170422006700080
20151204170622025100080
20151204170622023900080
20151204170822028200080
20151204170822028200080
20151204170822027900080
20151204171022028300080
20151204171422028700080
20151204171822023100080
20151204171922010500080
20151204172122014700080
20151204172322017910080
20151204173022005400080
20151204173022011600080
20151204173022019800080
20151204173022016600080
20151204173022020400080
20151204173022019600080
20151204173022024500080
20151204173022020600080
20151204173222003310080
20151204173322004910080
20151204173322006100080
20151204173322025510080
20151204173522025600080
20151204173722006210080
20151204173722024600080
20151204173922002400080
20151204174522003800080
20151204175222005100080
20151204180022001000080
20151204180022009100080
20151204180122027300080
20151204180222001600080
20151204185122000600080
20151204185122005600080
20151204185222023300080
20151204185522019000080
20151204190022022500080
20151204190022001200080
20151204190022027700080
20151204190022015500080
20151204190022012700080
20151204190022006400080
20151204190222023500080
20151204190622000500080
20151204190822011000080
20151204190822022600080
20151204190922028500080
20151204191322018800080
20151204191522021600080
20151204191822000400080
20151204193022023400080
20151204193022008700080
20151204193022000300080
20151204194422009300080
20151204200022028100080
20151204200022003700080
20151204200022029500080
20151204200122000900080
20151204200422001700080
20151204203722020700080
20151204204022000100080
20151204211622020800080
20151204212922011110080
20151204212922027210080
20151204212922003110080
20151204212922004610080
20151204213322011510080
20151204213622021300080
20151204213622021300080
20151204213722019910080
20151204213722005910080
20151204213922005710080
20151204214022014510080
20151204214222012010080
20151204214222023810080
20151204214222018110080
20151204214222002610080
20151204214222017210080
20151204214322021510080
20151204214422020210080
20151204214422027410080
20151204214622025910080
20151204214622025710080
20151204214622027110080
20151204214822026010080
20151204215822024410080
20151204220022004000080
20151204220022025800080
20151204220022017400080
20151204220022002200080
20151204220022018700080
20151204220022003500080
20151204220022014300080
20151204220022005500080
20151204220022017900080
20151204220022027000080
20151204220022021100080
20151204220022026800080
20151204220022014400080
20151204220022010300080
20151204220022016000080
20151204220022017500080
20151204220022024200080
20151204220022026100080
20151204220022027600080
20151204220022016400080
20151204220422014200080
20151204220622025000080
20151204220622018500080
20151204220622016500080
20151205030022028610080
20151205030022028600080
20151205030022022200080
20151205033022005300080
20151205052822001510080
20151205053222007310080
20151205053222018010080
20151205053222026310080
20151205053322026210080
20151205053522002110080
20151205053522021010080
20151205053722010710080
20151205053722014610080
20151205053722003210080
20151205053822012810080
20151205054122020910080
20151205054122002310080
20151205054122021810080
20151205054322028010080
20151205054322024910080
20151205054422007210080
20151205054422026510080
20151205054422026510080
20151205054422024710080
20151205054622020310080
20151205054622024810080
20151205054622027510080
20151205054822004310080
20151205054922012110080
20151205055022008810080
20151205055122015910080
20151205060022005900080
20151205060022019900080
20151205060022006200080
20151205060022004900080
20151205060022027200080
20151205060022018100080
20151205060022005000080
20151205060022002600080
20151205060022012000080
20151205060022003100080
20151205060022026000080
20151205060022020200080
20151205060022005700080
20151205060022011100080
20151205060022027100080
20151205060022021500080
20151205060022011500080
20151205060022003300080
20151205060022025500080
20151205060022025700080
20151205060022025900080
20151205060022027400080
20151205060122017200080
20151205060122014500080
20151205060822024400080
20151205072722028210080
20151205073022005610080
20151205073322018510080
20151205073822014210080
20151205074222006410080
20151205074222008710080
20151205074222002010080
20151205074322022010080
20151205074722027910080
20151205074722028310080
20151205074722024010080
20151205075522023610080
20151205075522021300080
20151205075522003810080
20151205080822023110080
20151205081622023000080
20151205083222014100080
20151205085022001210080
20151205085222028510080
2015120409480940837010070
2015120409491120634910070
2015120410000940735900070
2015120410000940735900070
2015120410010981203800070
2015120410011120333700070
2015120410031100626900070
2015120413021100124300070
2015120413021100124300070
2015120413021100124300070
2015120413320950947710070
2015120413320950947710070
2015120413360950945810070
2015120413360950945810070
2015120413361110629810070
2015120413361110629810070
2015120413370950663110070
2015120413370950663110070
2015120413370980366710070
2015120413390941239710070
2015120413391090620610070
2015120413391110328810070
2015120413421060210510070
2015120413421060712310070
2015120413421060712310070
2015120413421111232110070
2015120413421111232110070
2015120413430930524810070
2015120413430930524810070
2015120413441120735210070
2015120413450930118110070
2015120413450930118110070
2015120413490960453810070
2015120413490960453810070
2015120414030960352200070
2015120414031120333100070
2015120417000931234000070
2015120417000930928500070
2015120417001081117300070
2015120417002805201500070
2015120417000930929300070
2015120417000930116000070
2015120417000930524200070
2015120417000930428000070
2015120417001111232000070
2015120417000930421400070
2015120417010950662800070
2015120417010960454000070
2015120417010940736000070
2015120417010930116400070
2015120417011070714300070
2015120417011110830600070
2015120417022704201400070
2015120417020931030700070
2015120417020931234200070
2015120417030930422300070
2015120417030930422300070
2015120417041100425200070
2015120417041100425200070
2015120417040921211700070
2015120417040960252100070
2015120417040930320600070
2015120417041060711700070
2015120417040950663000070
2015120417040930117400070
2015120417041091223900070
2015120417050950946800070
2015120417051100224400070
2015120417051100626400070
2015120417050921213300070
2015120417060950543100070
2015120417060921212800070
2015120417070930219900070
2015120417081020905000070
2015120417111140636710070
2015120417111140636700070
2015120417111140636700070
2015120417130921212700070
2015120417131090822200070
2015120417141130436000070
2015120417150931030600070
2015120417170920604500070
2015120417221090418800070
2015120417230920604200070
2015120417310950543300070
2015120417311100425100070
2015120417340930422200070
2015120417340950543210070
2015120417340950543210070
2015120417350930626000070
2015120417361120634610070
2015120417511110629910070
2015120417511110629910070
2015120417530960655910070
2015120418001110830800070
2015120418001110830800070
2015120418141060110200070
2015120418160930662300070
2015120418251051009200070
2015120418250940836700070
2015120418361090419900070
2015120418561021005610070
2015120419001150337100070
2015120419290931233900070
2015120420010930114400070
2015120420021090419500070
2015120420421150337200070
2015120420420920605100070
2015120421300930929010070
2015120421311040407710070
2015120421330950947610070
2015120421360941239410070
2015120421380950663210070
2015120421380940735910070
2015120421390950662910070
2015120421390950662910070
2015120421390950745010070
2015120421390950745010070
2015120421401051109610070
2015120421400950948410070
2015120421410951050010070
2015120421420930116310070
2015120421420930116310070
2015120421420930119010070
2015120421431060712010070
2015120421481110629610070
2015120421490930928310070
2015120421490930928310070
2015120421500981203810070
2015120421500981203810070
2015120421501100927210070
2015120421570941258500070
2015120422010931031600070
2015120422021060210500070
2015120422020980366700070
2015120422020960453800070
2015120422020960453800070
2015120422020930118100070
2015120422020930118100070
2015120422030950663100070
2015120422030950663100070
2015120422050930524800070
2015120422050930524800070
2015120422050940837000070
2015120503051070714410070
2015120505321120333410070
2015120505330921213610070
2015120505330940837410070
2015120505330940837410070
2015120505340950745210070
2015120505340950745210070
2015120505350921211610070
2015120505360930524310070
2015120505361090318410070
2015120505361120333210070
2015120505371101228110070
2015120505380921212010070
2015120505380921212010070
2015120505390950949010070
2015120505390960352710070
2015120505400930116910070
2015120505400921213010070
2015120505411081217910070
2015120505411120333110070
2015120505420930118910070
2015120505440950948710070
2015120505440950948710070
2015120505450950947510070
2015120505450950947510070
2015120505501111232310070
2015120505581120634510070
2015120505581120634510070
2015120506010950663200070
2015120506011051109600070
2015120506020930116300070
2015120506020930116300070
2015120507290931233710070
2015120507320911102110070
2015120507320911102110070
2015120507331081117210070
2015120507350930929710070
2015120507350931234010070
2015120507390930115710070
2015120507390930928510070
2015120507400930928510070
2015120507410931031010070
2015120507410930115010070
2015120507410930115010070
2015120507410930827510070
2015120507410960454010070
2015120507421090419510070
2015120507540931031210070
2015120507540931031210070
2015120507571090721710070
2015120507571090721710070
2015120508001011002910070
2015120409411060711810060
2015120409441120634810060
2015120409441120634810060
2015120409441120634810060
2015120409520921212310060
2015120410021100927200060
2015120410020950948000060
2015120410020950948600060
2015120410040930929000060
2015120410080941239400060
2015120411440930421600060
2015120413391111232210060
2015120413410950542810060
2015120413410950542810060
2015120413411090620610060
2015120413411110328810060
2015120413430950946510060
2015120413431120634310060
2015120413431120634310060
2015120413440950946310060
2015120413440950949410060
2015120413440950949410060
2015120413440931031610060
2015120413460930524810060
2015120413460930524810060
2015120413470931030510060
2015120413470931030510060
2015120414001120333800060
2015120414001120333800060
2015120414020960251500060
2015120414020930524700060
2015120414020930524700060
2015120414021081117100060
2015120414021081117100060
2015120414030940837300060
2015120414030940837300060
2015120414030970364400060
2015120414030970364400060
2015120416470920605600060
2015120417011081117400060
2015120417010930929700060
2015120417010930929700060
2015120417011100626300060
2015120417020931233700060
2015120417020930524200060
2015120417021081117200060
2015120417021100727000060
2015120417020941038300060
2015120417020941038300060
2015120417030940736000060
2015120417030911102100060
2015120417030911102100060
2015120417030960251800060
2015120417031111131800060
2015120417031111131800060
2015120417031090419600060
2015120417042804201400060
2015120417041011002900060
2015120417040930115600060
2015120417041100425900060
2015120417040931030700060
2015120417040930827500060
2015120417040930827400060
2015120417040931233800060
2015120417040930115900060
2015120417050930523700060
2015120417050930523700060
2015120417050980366800060
2015120417050930118600060
2015120417050930118600060
2015120417050930115000060
2015120417050930115000060
2015120417051060712200060
2015120417050940735700060
2015120417050960151000060
2015120417061100425500060
2015120417060931030200060
2015120417060981267700060
2015120417060981267700060
2015120417061090922700060
2015120417060931030900060
2015120417060921213700060
2015120417061140836800060
2015120417060921211100060
2015120417060960252100060
2015120417061100626600060
2015120417060951150400060
2015120417060960555300060
2015120417061091123600060
2015120417061091223900060
2015120417070970965100060
2015120417071120434000060
2015120417070930219800060
2015120417071100224400060
2015120417071020905200060
2015120417070930115500060
2015120417070931133200060
2015120417071090621300060
2015120417081061213100060
2015120417081020303800060
2015120417080931234400060
2015120417081120835400060
2015120417080960151100060
2015120417081150437400060
2015120417090940535500060
2015120417100950644200060
2015120417101100626100060
2015120417100930928400060
2015120417111081016100060
2015120417141110329200060
2015120417161090418500060
2015120417161130436000060
2015120417170931030600060
2015120417221110328900060
2015120417241090418800060
2015120417261110329000060
2015120417300961056500060
2015120417301090419000060
2015120417311090419300060
2015120417331090520400060
2015120417330930827600060
2015120417330930827600060
2015120417350930727200060
2015120417350930727200060
2015120417360950543210060
2015120417360950543210060
2015120417360951049700060
2015120417450931234100060
2015120417540941038710060
2015120418000960251900060
2015120418000960251900060
2015120418000960655800060
2015120418000960655800060
2015120418010930422100060
2015120418011100425600060
2015120418011100626800060
2015120418040981203700060
2015120418040931031000060
2015120418060930117000060
2015120418060930117000060
2015120418091120232700060
2015120418100941038600060
2015120418100941038600060
2015120418450960151200060
2015120418487878787800060
2015120419021090721700060
2015120419021090721700060
2015120419031150337100060
2015120420021081016800060
2015120420021081016800060
2015120420031090419400060
2015120420030930114400060
2015120420041090419500060
2015120420040931032500060
2015120420070930421300060
2015120421421101228310060
2015120421421101228310060
2015120421430950948010060
2015120421440950948610060
2015120421481120333710060
2015120421491090318210060
2015120421490950946910060
2015120421490950946910060
2015120421521060711910060
2015120421534110201510060
2015120421534110201510060
2015120421570930524610060
2015120422000950946500060
2015120422001111232200060
2015120422001090620600060
2015120422000931030500060
2015120422001120634800060
2015120422001110328800060
2015120422001110328800060
2015120422000960655900060
2015120422001111232100060
2015120422001111232100060
2015120422000950949400060
2015120422001110830500060
2015120422000950947700060
2015120422000950947700060
2015120422000950946300060
2015120422011060711800060
2015120422011120735200060
2015120422011060712300060
2015120422010950945800060
2015120422010950945800060
2015120422010950945800060
2015120422010950945800060
2015120422010950543200060
2015120422010950543200060
2015120422010921212300060
2015120422021120634300060
2015120422021120634300060
2015120422021110629800060
2015120422021110629800060
2015120422030941239700060
2015120422031060812400060
2015120422050941038700060
2015120422060950542800060
2015120422060950542800060
2015120422070930524800060
2015120422070930524800060
2015120422350930421600060
2015120500000930421200060
2015120500000930421200060
2015120500001081117500060
2015120500001081117500060
2015120505341081218010060
2015120505370950662710060
2015120505370950662710060
2015120505390930525110060
2015120505410930117510060
2015120505410930117510060
2015120505410930117210060
2015120505410960352710060
2015120505410970364410060
2015120505420921213110060
2015120505451020604310060
2015120505521090621010060
2015120506000950948000060
2015120506000950948600060
2015120506000950948400060
2015120506000950946700060
2015120506001090318200060
2015120506001110629900060
2015120506001110629900060
2015120506001120333700060
2015120506001120634600060
2015120506001120634600060
2015120506001101228300060
2015120506001060712000060
2015120506010950946900060
2015120506010950946900060
2015120506014110201500060
2015120506010940735900060
2015120506010981203800060
2015120506011081217700060
2015120506011081217700060
2015120506010950662900060
2015120506010950662900060
2015120506011040407700060
2015120506011110629600060
2015120506010950947600060
2015120506010951050000060
2015120506021100927200060
2015120506021120634400060
2015120506021120634400060
2015120506021060711900060
2015120506040930119000060
2015120506050950745000060
2015120506070941239400060
2015120506090931031500060
2015120506090930524600060
2015120507351081117210060
2015120507370931234010060
2015120507380930428010060
2015120507430930827510060
2015120507440960454010060
2015120507441090419510060
