20151227092022020710080
20151227093422026210080
20151227093422026210080
20151227094422026310080
20151227095922026510080
20151227095922026510080
20151227095922004310080
20151227095922024910080
20151227095922008810080
20151227100022016600080
20151227100022004400080
20151227100022003900080
20151227100722009100080
20151227131322021600080
20151227132722003210080
20151227133222002310080
20151227133222002310080
20151227134322021010080
20151227134322001510080
20151227134322027510080
20151227134422011910080
20151227134422014610080
20151227134422021810080
20151227134422021810080
20151227134722010710080
20151227134922025210080
20151227134922007310080
20151227134922018010080
20151227134922020910080
20151227134922012110080
20151227134922024810080
20151227135022020310080
20151227135622012810080
20151227135722015910080
20151227140022012200080
20151227140022003000080
20151227140022020200080
20151227140022017200080
20151227140022025900080
20151227140022027100080
20151227140022025700080
20151227140022003100080
20151227140022025500080
20151227140022019900080
20151227140022011100080
20151227140022018100080
20151227140022026000080
20151227140122021500080
20151227140122005700080
20151227140122023800080
20151227140522004600080
20151227140622020700080
20151227170022018500080
20151227170222021300080
20151227170222021300080
20151227170622027700080
20151227170822024000080
20151227174322026410080
20151227174622028010080
20151227175222002110080
20151227175222024710080
20151227180122010900080
20151227180222027200080
20151227180322024400080
20151227200022004500080
20151227201122023600080
20151227210822011000080
20151227213122009110080
20151227213322011610080
20151227213322025410080
20151227213422003910080
20151227213422020410080
20151227213822017310080
20151227213822017310080
20151227214122025610080
20151227214122006110080
20151227214122004710080
20151227214122001010080
20151227214122004410080
20151227214222002810080
20151227214222026710080
20151227214322027310080
20151227214322019610080
20151227214322024610080
20151227214322018210080
20151227214722005410080
20151227214822019810080
20151227220022010700080
20151227220022020900080
20151227220022026200080
20151227220022021800080
20151227220022021800080
20151227220122007310080
20151227220122007300080
20151227220122007300080
20151227220122018000080
20151227220322024800080
20151227220322012100080
20151227220322025200080
20151227220322025200080
20151227220322008800080
20151227220422014600080
20151227220422002300080
20151227220522004300080
20151227220522028000080
20151227220822012800080
20151227220822003200080
20151227221122026300080
20151227221322026500080
20151227221322026500080
20151227221422024900080
20151227223022014200080
20151227223322027900080
20151228053122026010080
20151228053122025710080
20151228053122025910080
20151228053322003010080
20151228053422020210080
20151228053622027210080
20151228053822024410080
20151228054122025510080
20151228054122005910080
20151228054122004610080
20151228054122002610080
20151228054122003110080
20151228054222023810080
20151228054222018110080
20151228054322010910080
20151228054422005710080
20151228054422011110080
20151228054622012210080
20151228054922027110080
20151228055022027410080
20151228055722019910080
20151228060022020300080
20151228060022002100080
20151228060022004700080
20151228060022001000080
20151228060022001500080
20151228060022026700080
20151228060022024700080
20151228060022025600080
20151228060022027300080
20151228060022019600080
20151228060022018200080
20151228060022026400080
20151228060022025400080
20151228060022021000080
20151228060022005400080
20151228060022019800080
20151228060022011900080
20151228060122006100080
20151228060122020400080
20151228060122020400080
20151228060122020400080
20151228060222002800080
20151228060322015900080
20151228060322011600080
20151228060622027500080
20151228060922021510080
20151228065022028210080
20151228065022028210080
20151228071022013610080
20151228072722009510080
20151228072722001710080
20151228072722014710080
20151228072822018810080
20151228072822018810080
20151228073222028310080
20151228073322004510080
20151228073322003710080
20151228073522027710080
20151228073522023910080
20151228073522024010080
20151228073522023610080
20151228073522022210080
20151228073622004810080
20151228073622009210080
20151228073922000510080
20151228074022028410080
20151228074022005310080
20151228074122006710080
20151228074122028110080
20151228074122018510080
20151228074122002010080
20151228074122022010080
20151228074122014110080
20151228074222006410080
20151228074222023410080
20151228074222023110080
20151228074222009310080
20151228074222000110080
20151228074522005110080
20151228074622012710080
20151228074722008910080
20151228074722028710080
20151228074822011710080
20151228074822008710080
20151228075022023510080
20151228075022027810080
20151228075122029510080
20151228075122028610080
20151228075222021310080
20151228075222023710080
20151228075222010510080
20151228075322005210080
20151228075322022610080
20151228075422005610080
20151228075422021610080
20151228075422028510080
20151228075422022510080
20151228075722003810080
20151228075922016810080
20151228075922011010080
20151228075922011010080
20151228075922027910080
20151228075922029310080
2015122709240921213610070
2015122709260950745210070
2015122709280930118910070
2015122709341120333410070
2015122709340950949010070
2015122709360971266110070
2015122710000930422100070
2015122710021100626800070
2015122710021091123600070
2015122710022704201400070
2015122710141081217910070
2015122713301100124310070
2015122713301100124310070
2015122713430960251710070
2015122713430960251710070
2015122713470930928810070
2015122713470930928810070
2015122713521120634510070
2015122713521120634510070
2015122714011120735300070
2015122714011120735300070
2015122714030970364400070
2015122714030970364400070
2015122714042401201400070
2015122714070931031500070
2015122714100930727200070
2015122714100930727200070
2015122717000950663200070
2015122717031090621100070
2015122717031090621100070
2015122717041060611400070
2015122717050930422300070
2015122717100931030600070
2015122717100931030600070
2015122717100931030600070
2015122717162805201500070
2015122717341110830810070
2015122717341110830810070
2015122717341120333810070
2015122717360921213010070
2015122717360950947510070
2015122717360950947510070
2015122717460960352710070
2015122717460950946610070
2015122717460950946610070
2015122717490930118610070
2015122717490930118610070
2015122717490921213110070
2015122717490921213110070
2015122717490921212010070
2015122718001110629900070
2015122718001110629900070
2015122718001060712000070
2015122718001120634400070
2015122718001120634400070
2015122718001081217700070
2015122718004110201500070
2015122718004110201500070
2015122718000950745000070
2015122718000950948600070
2015122718001120333700070
2015122718010930119000070
2015122718021040407700070
2015122718030930116300070
2015122718030930116300070
2015122718030950946700070
2015122718030950946700070
2015122718060941239400070
2015122718060941239400070
2015122719010930929300070
2015122719010930929300070
2015122721140950946810070
2015122721312704201410070
2015122721372401201410070
2015122721431111232010070
2015122721450930422110070
2015122721450921211110070
2015122721450970364410070
2015122721451100425610070
2015122721461100425510070
2015122721460940837310070
2015122721531091123610070
2015122721531091123610070
2015122721541100626810070
2015122722000930117500070
2015122722000950949000070
2015122722000930117500070
2015122722000930118900070
2015122722001081217900070
2015122722001120333400070
2015122722000931032700070
2015122722001090621000070
2015122722001111232300070
2015122722000921213600070
2015122722001120634500070
2015122722000950662900070
2015122722000950662900070
2015122722010950745200070
2015122722010921213100070
2015122722010921213100070
2015122722030960454000070
2015122722030960251700070
2015122722030960251700070
2015122723530930727210070
2015122805311060712010070
2015122805320930119010070
2015122805380950947610070
2015122805380941239410070
2015122805380941239410070
2015122805384110201510070
2015122805384110201510070
2015122805381120735310070
2015122805381120735310070
2015122805381051109610070
2015122805390950662910070
2015122805390950662910070
2015122805400930929010070
2015122805400950663210070
2015122805400950948010070
2015122805410940735910070
2015122805421110629910070
2015122805421110629910070
2015122805421101228310070
2015122805431100927210070
2015122805440950745010070
2015122805480930116310070
2015122805480930116310070
2015122806000921211100070
2015122806000930118600070
2015122806000950948700070
2015122806000921213000070
2015122806002704201400070
2015122806000950947500070
2015122806000960655800070
2015122806001120333800070
2015122806000921212000070
2015122806001111232000070
2015122806000950945900070
2015122806000931030200070
2015122806000950946600070
2015122806000950946600070
2015122806011060110200070
2015122806012401201400070
2015122806021060712200070
2015122806021060712200070
2015122806021110830800070
2015122806021110830800070
2015122806030960655500070
2015122806061120835410070
2015122807230911102110070
2015122807230911102110070
2015122807230931030710070
2015122807230930219910070
2015122807251060812410070
2015122807260941239310070
2015122807281111031210070
2015122807281080315010070
2015122807291111031310070
2015122807291061212910070
2015122807301111131610070
2015122807301051009210070
2015122807320941038310070
2015122807321070714310070
2015122807340960352210070
2015122807350940736010070
2015122807350940736010070
2015122807361081117210070
2015122807370930626010070
2015122807371090418710070
2015122807371090418610070
2015122807371090418610070
2015122807370931030310070
2015122807370931031010070
2015122807370960555310070
2015122807370930115710070
2015122807371090419510070
2015122807381090419510070
2015122807380950663010070
2015122807381100727010070
2015122807400931234210070
2015122807401140836810070
2015122807411111131810070
2015122807410930827410070
2015122807420930827510070
2015122807421090520410070
2015122807430930116410070
2015122807430960454010070
2015122807440921211710070
2015122807440930929310070
2015122807440930929310070
2015122807440930422310070
2015122807440930117410070
2015122807452805201510070
2015122807452805201510070
2015122807461140636710070
2015122807461140636710070
2015122807471081117310070
2015122807490930524710070
2015122807490930524710070
2015122807491081117110070
2015122807491081117110070
2015122807490931234110070
2015122807501020905010070
2015122807511090922710070
2015122807511061213110070
2015122807511150337210070
2015122807540930928510070
2015122807550921213310070
2015122807550921213310070
2015122807560950543110070
2015122807560950644210070
2015122807560930421410070
2015122807581090418810070
2015122808000950744610070
2015122808091090822210070
2015122808091090822210070
2015122709481090621010060
2015122709481111232310060
2015122710000941038600060
2015122710000941038600060
2015122710011111232000060
2015122710020950946800060
2015122710020950946800060
2015122710020930117000060
2015122710020930117000060
2015122713291100124310060
2015122713291100124310060
2015122713450930117510060
2015122713450930117510060
2015122713480931032710060
2015122714010930524600060
2015122714020950947600060
2015122714090930727200060
2015122717031060611400060
2015122717031060611400060
2015122717380960655510060
2015122717380960655510060
2015122717441101228110060
2015122717450960352710060
2015122717480950948710060
2015122717480950948710060
2015122717480921212010060
2015122717510960655810060
2015122717510960655810060
2015122717531081218010060
2015122717540921213010060
2015122718000951050000060
2015122718011051109600060
2015122718010930929000060
2015122720321100626110060
2015122721130950946810060
2015122721300941038610060
2015122721300941038610060
2015122721312704201410060
2015122721311100425910060
2015122721360960251510060
2015122721410930117010060
2015122721410950945910060
2015122722000971266100060
2015122722020960454000060
2015122722021070714300060
2015122805390951050010060
2015122805400950948610060
2015122805401040407710060
2015122805411101228310060
2015122805440950745010060
2015122805451081217710060
2015122805451081217710060
2015122805470930524610060
2015122806011101228100060
2015122806011081218000060
2015122806011100425900060
2015122806010940837300060
2015122806030960352700060
2015122806030960352700060
2015122807111110329010060
2015122807111110329010060
2015122807121100626100060
2015122807220931030710060
2015122807231110328910060
2015122807271120232710060
2015122807271120232710060
2015122807281140436710060
2015122807282804201410060
2015122807321040107310060
2015122807340960151110060
2015122807351081117210060
2015122807370940535510060
2015122807370930523710060
2015122807370930523710060
2015122807371090419510060
2015122807370931233710060
2015122807381090419610060
2015122807390931234210060
2015122807410960151310060
2015122807411150437410060
2015122807420930827510060
2015122807421090419410060
2015122807420930321010060
2015122807430960454010060
2015122807441120434010060
2015122807490931234110060
2015122807501110329210060
2015122807520920604310060
2015122807570931032510060
