20151128094122002110080
20151128100222004900080
20151128100422016500080
20151128133622024910080
20151128133622025210080
20151128133622026310080
20151128133622026210080
20151128133622007210080
20151128133622026510080
20151128133722026510080
20151128133722024710080
20151128133722020910080
20151128133722018010080
20151128133822007310080
20151128133822002310080
20151128133922024810080
20151128134022001510080
20151128134022021010080
20151128134022012110080
20151128134222010710080
20151128134222014610080
20151128134322015910080
20151128134522027510080
20151128134622011910080
20151128134622021810080
20151128134822028010080
20151128135322004310080
20151128140022012200080
20151128140022005900080
20151128140022021500080
20151128140022011500080
20151128140022027200080
20151128140022024400080
20151128140022019900080
20151128140022025700080
20151128140022018100080
20151128140022025500080
20151128140022009000080
20151128140022025900080
20151128140022027100080
20151128140022026000080
20151128140022011100080
20151128140022003100080
20151128140122017200080
20151128140122023400080
20151128140222023800080
20151128140322014500080
20151128141822004600080
20151128142522012000080
20151128142522027400080
20151128161022010500080
20151128165922018800080
20151128170022018800080
20151128170022009200080
20151128170022023100080
20151128170022005600080
20151128170122004500080
20151128170322028200080
20151128172422003210080
20151128173422011610080
20151128173422027800080
20151128174722019610080
20151128175122020410080
20151128180122002600080
20151128180222020200080
20151128180322003000080
20151128181422005700080
20151128183022003700080
20151128183022005200080
20151128203722014110080
20151128212322008610080
20151128212422003910080
20151128213222004710080
20151128213222002810080
20151128213322004410080
20151128213422025410080
20151128213722006110080
20151128213722025610080
20151128213822020610080
20151128213922018210080
20151128214022019710080
20151128214022021910080
20151128214022024610080
20151128214022027310080
20151128214022026410080
20151128214322009110080
20151128214422001610080
20151128214422017310080
20151128214522016610080
20151128214522005410080
20151128214622019810080
20151128214922024310080
20151128215822024510080
20151128215822026710080
20151128220022020900080
20151128220022012100080
20151128220022026200080
20151128220022021000080
20151128220022024700080
20151128220022010700080
20151128220022014600080
20151128220022026300080
20151128220022018000080
20151128220022021800080
20151128220022024800080
20151128220122028000080
20151128220122004300080
20151128220122015900080
20151128220122027500080
20151128220122001500080
20151128220122011900080
20151128220122025200080
20151128220222002100080
20151128220322002300080
20151128220322026500080
20151128220322026500080
20151128220422007300080
20151128220422024900080
20151128220422007200080
20151129000022021300080
20151129000022021300080
20151129000022021300080
20151129000922014100080
20151129004522014210080
20151129052322027210080
20151129052822026010080
20151129052822025910080
20151129052822025710080
20151129053222003010080
20151129053222011510080
20151129053222020210080
20151129053322009010080
20151129053322005910080
20151129053322003110080
20151129053322004610080
20151129053322011110080
20151129053322019910080
20151129053522023810080
20151129053522002610080
20151129053522017210080
20151129053522018110080
20151129053822014510080
20151129053922005710080
20151129054122012210080
20151129054422025510080
20151129054722027410080
20151129060022008600080
20151129060022011600080
20151129060022009100080
20151129060022004700080
20151129060022020600080
20151129060022021900080
20151129060022004400080
20151129060022002800080
20151129060022003900080
20151129060022026400080
20151129060022019600080
20151129060022005400080
20151129060022016600080
20151129060022018200080
20151129060022025400080
20151129060022019800080
20151129060022019700080
20151129060022017300080
20151129060022017300080
20151129060022026700080
20151129060122027300080
20151129062022003200080
20151129062022024600080
20151129062122020400080
20151129072322025110080
20151129075022012710080
20151129075522016810080
2015112809300921213610070
2015112809320921211610070
2015112809331101228110070
2015112809460950948710070
2015112809460950948710070
2015112809491111232310070
2015112810001110830500070
2015112810050950543200070
2015112810050950543200070
2015112810050931030310070
2015112813270950662710070
2015112813270950662710070
2015112813360960352710070
2015112813360960352710070
2015112813370971266110070
2015112813370971266110070
2015112813380960251710070
2015112813410950947510070
2015112813430950946610070
2015112813540940837410070
2015112813541070714410070
2015112814000950662900070
2015112814010950662800070
2015112814011120333700070
2015112814021040407700070
2015112814021051109600070
2015112814030950663200070
2015112814030941239400070
2015112814060931031500070
2015112817000930116000070
2015112817001081117300070
2015112817001070714300070
2015112817020931030600070
2015112817022805201500070
2015112817022805201500070
2015112817031100626600070
2015112817040960353600070
2015112817040960353600070
2015112817080960352210070
2015112817131090822100070
2015112817131020905000070
2015112817280930116910070
2015112817281081217910070
2015112817280981203710070
2015112817310930524310070
2015112817340921212010070
2015112817340921212010070
2015112817350931030210070
2015112817351120333410070
2015112817350930118910070
2015112817360950949010070
2015112817450950946810070
2015112817450950946810070
2015112817491060712210070
2015112817491060712210070
2015112817561091123610070
2015112817561091123610070
2015112818001110629600070
2015112818020930116300070
2015112818020930116300070
2015112818020930119000070
2015112818030930928300070
2015112818054110201500070
2015112818054110201500070
2015112818131120634400070
2015112818131120634400070
2015112818180960251810070
2015112818421130335800070
2015112819110930421300070
2015112819481090419310070
2015112820021090418700070
2015112820371081117210070
2015112820381100224400070
2015112820381100224400070
2015112821321060711710070
2015112821350930524710070
2015112821350930524710070
2015112821372401201410070
2015112821410940837310070
2015112821431100425510070
2015112821451081117110070
2015112821451081117110070
2015112821451110830810070
2015112821451110830810070
2015112821481120333810070
2015112821481120333810070
2015112821491120333110070
2015112822010930117500070
2015112822010930117500070
2015112822090960251700070
2015112900001081117200070
2015112900001081117200070
2015112900120930114400070
2015112905320930119010070
2015112905321040407710070
2015112905320930929010070
2015112905320950947610070
2015112905321110629910070
2015112905331110629910070
2015112905331060712010070
2015112905340941239410070
2015112905360950663210070
2015112905361120333710070
2015112905370950662910070
2015112905370950662910070
2015112905380950745010070
2015112905380950948410070
2015112905380951050010070
2015112905390930928310070
2015112905390930928310070
2015112905440930116310070
2015112905450930116310070
2015112905461101228310070
2015112905461110629610070
2015112905571120634410070
2015112905571120634410070
2015112906000930524300070
2015112906000931030200070
2015112906000930118900070
2015112906010930117200070
2015112906070960352200070
2015112907201111031310070
2015112907201111031310070
2015112907281090418710070
2015112907280931030710070
2015112907321130436010070
2015112907340930115710070
2015112907371111131810070
2015112907371111131810070
2015112907370950543310070
2015112907380930524210070
2015112907390940736010070
2015112907390940736010070
2015112907410930115910070
2015112907420930422310070
2015112907420930422310070
2015112907440930827410070
2015112907440930827410070
2015112907480920604510070
2015112907540930928510070
2015112907541150337110070
2015112907551140636710070
2015112907551140636710070
2015112907551140636710070
2015112908531061212910070
2015112809061090419300060
2015112809340950745210060
2015112809351090621010060
2015112809541081218010060
2015112809550921213010060
2015112810000950946300060
2015112810000950946300060
2015112810001060711800060
2015112810001120735200060
2015112810001111232200060
2015112810030950946500060
2015112810031060712300060
2015112810030950945800060
2015112810030950945800060
2015112810041120634800060
2015112810041120634800060
2015112810070950543200060
2015112810070950543200060
2015112810551130335810060
2015112813430950947510060
2015112813430930117510060
2015112813430930117510060
2015112813440931032710060
2015112813451020604310060
2015112813470921213110060
2015112814020950662900060
2015112814020950662900060
2015112814021060210500060
2015112814030930929000060
2015112814040940735900060
2015112814040930524600060
2015112816100931030300060
2015112817041090419400060
2015112817041090419400060
2015112817050930428000060
2015112817050930428000060
2015112817051100626600060
2015112817071140436700060
2015112817080930115000060
2015112817090930115000060
2015112817320930117010060
2015112817371090318410060
2015112817380930118610060
2015112817380930118610060
2015112817401100626110060
2015112817470950946810060
2015112818001060712000060
2015112818001110629900060
2015112818001110629900060
2015112818000950948000060
2015112818000950947600060
2015112818000921211700060
2015112818000921211700060
2015112818000981203800060
2015112818000981203800060
2015112818000951050000060
2015112818001120735300060
2015112818001120735300060
2015112818021090318200060
2015112818021090318200060
2015112818020950946700060
2015112818031101228300060
2015112818031101228300060
2015112818031060711900060
2015112818060950948400060
2015112818061081217700060
2015112818061081217700060
2015112818060950946900060
2015112818070950946900060
2015112818181100626810060
2015112818300950745000060
2015112818381111031400060
2015112818381111031400060
2015112818381111031400060
2015112818390930115500060
2015112818451130335800060
2015112819011100425100060
2015112819011100425100060
2015112819130930421300060
2015112820150930523700060
2015112820150930523700060
2015112820220930421600060
2015112821340931233700060
2015112821341150437400060
2015112821341090520400060
2015112821420950945910060
2015112821460970364410060
2015112821460921211110060
2015112821470960251910060
2015112821470960251910060
2015112821470960251910060
2015112821470930422110060
2015112821480960251510060
2015112821520950949310060
2015112822001101228100060
2015112822000950662700060
2015112822010950662700060
2015112822010921213000060
2015112822011020604300060
2015112822010921213600060
2015112822010921213600060
2015112822011090621000060
2015112822010960352700060
2015112822021070714400060
2015112822020940837400060
2015112822020921211600060
2015112822020950946600060
2015112822020950946600060
2015112822020950947500060
2015112822020950947500060
2015112822021081218000060
2015112822021111232300060
2015112822030931032700060
2015112822031120333200060
2015112822031120333200060
2015112822030931233900060
2015112822030931233900060
2015112822040950745200060
2015112822040921213100060
2015112822040950948700060
2015112822431100727000060
2015112822431100727000060
2015112823000930421400060
2015112823000930421400060
2015112900000930929700060
2015112900000930929700060
2015112900000950543100060
2015112900000931234000060
2015112900010931234000060
2015112900012804201400060
2015112900012804201400060
2015112900011081117200060
2015112900011081117200060
2015112900031081117400060
2015112900031081117400060
2015112900140930114400060
2015112900140930114400060
2015112900240931234100060
2015112905340940735910060
2015112905371120735310060
2015112905371120735310060
2015112905380931031510060
2015112905400950948010060
2015112905434110201510060
2015112905434110201510060
2015112905431081217710060
2015112905431081217710060
2015112905450930524610060
2015112905461090318210060
2015112905461090318210060
2015112905480950946910060
2015112905480950946910060
2015112905481101228310060
2015112905540981203810060
2015112905540981203810060
2015112906000921212000060
2015112906000960655800060
2015112906001111232000060
2015112906001081217900060
2015112906000981203700060
2015112906000950949000060
2015112906001090318400060
2015112906000930117000060
2015112906000930116900060
2015112906001120333400060
2015112906001060712200060
2015112906000960251800060
2015112906001081117100060
2015112906000930118600060
2015112906000930118600060
2015112906010930524700060
2015112906010930524700060
2015112906010950946800060
2015112906010950946800060
2015112906012401201400060
2015112906010970364400060
2015112906010970364400060
2015112906010960251500060
2015112906020940837300060
2015112906021110830800060
2015112906021110830800060
2015112906020971266100060
2015112906021100626800060
2015112906041120634500060
2015112906041120634500060
2015112906041091123600060
2015112906041091123600060
2015112906061100626100060
2015112906151060110200060
2015112907300931030710060
2015112907300931030710060
2015112907341130436010060
2015112907400930524210060
2015112907430930929310060
2015112907430930115910060
2015112907431060611410060
2015112907431060611410060
2015112907490960151310060
