20151124090822014710080
20151124093522014310080
20151124094622027610080
20151124100022021000080
20151124100122012800080
20151124100622028000080
20151124104822026110080
20151124133222025010080
20151124133222026810080
20151124133222016410080
20151124133222025310080
20151124133322017510080
20151124133322006210080
20151124133422017910080
20151124133422004910080
20151124133422004010080
20151124133522017410080
20151124133522003310080
20151124133622003510080
20151124133622002210080
20151124133622005510080
20151124134122024210080
20151124134122014410080
20151124134322021110080
20151124135822018710080
20151124135922010310080
20151124135922005010080
20151124140022003900080
20151124140022018200080
20151124140022026700080
20151124140022024300080
20151124140022021900080
20151124140022019600080
20151124140022009100080
20151124140022024500080
20151124140022026910080
20151124140022006100080
20151124140122019700080
20151124140122002800080
20151124140122001000080
20151124140222004400080
20151124140222001600080
20151124140322004700080
20151124140922020600080
20151124140922024600080
20151124141122020400080
20151124141322020400080
20151124153722022500080
20151124170022016800080
20151124170022004800080
20151124170022012400080
20151124170022014100080
20151124170022013600080
20151124170022023600080
20151124170022014200080
20151124170022003700080
20151124170022021300080
20151124170022026600080
20151124170122022000080
20151124170122024000080
20151124170122018500080
20151124170222027700080
20151124170222023300080
20151124170222023900080
20151124170222002000080
20151124170222009200080
20151124170222028400080
20151124170222027800080
20151124170222023200080
20151124170222012700080
20151124170322023100080
20151124170322011700080
20151124170322005200080
20151124170322029300080
20151124170322015500080
20151124170522008900080
20151124170822023000080
20151124170822028100080
20151124170822027900080
20151124170922023000080
20151124170922028200080
20151124170922028200080
20151124170922025100080
20151124170922006700080
20151124171322002610080
20151124171722028300080
20151124172022005600080
20151124172422009500080
20151124172722005300080
20151124173222021510080
20151124173212036300080
20151124173422025810080
20151124173522006400080
20151124173522005100080
20151124173522000600080
20151124173822025810080
20151124173822003110080
20151124173922011510080
20151124174522027010080
20151124174522027010080
20151124174922016510080
20151124175622002400080
20151124180022026400080
20151124180122021600080
20151124180322017300080
20151124180422011600080
20151124180622016600080
20151124180622025400080
20151124180622008600080
20151124180622005400080
20151124180622025600080
20151124180722019800080
20151124181522014700080
20151124181522028600080
20151124181522000500080
20151124181722009300080
20151124181722000400080
20151124181822019100080
20151124182022011000080
20151124182022028500080
20151124182422020700080
20151124182522023400080
20151124182522011300080
20151124182522018800080
20151124182522029500080
20151124183122000900080
20151124183522000300080
20151124190222022200080
20151124190222028700080
20151124190522001700080
20151124200022023700080
20151124200022004500080
20151124203822023500080
20151124211722003010080
20151124211822020800080
20151124213022027210080
20151124213322010910080
20151124213522011110080
20151124213522011110080
20151124213522004610080
20151124213622009010080
20151124213622005910080
20151124213622019910080
20151124213822005710080
20151124213922020210080
20151124213922026010080
20151124214022027110080
20151124214022025910080
20151124214022025510080
20151124214022027110080
20151124214022025710080
20151124214022012010080
20151124214222023810080
20151124214222018110080
20151124214222017210080
20151124214222024410080
20151124214622027410080
20151124220022004000080
20151124220022005500080
20151124220022005000080
20151124220022021100080
20151124220022014400080
20151124220022004900080
20151124220022010300080
20151124220022026800080
20151124220022014300080
20151124220022002200080
20151124220022026100080
20151124220022025000080
20151124220022016400080
20151124220022025300080
20151124220022017400080
20151124220022003300080
20151124220022017500080
20151124220022003500080
20151124220122027600080
20151124220122018700080
20151124220122026900080
20151124220222006200080
20151125052922003910080
20151125052922008610080
20151125053322001010080
20151125053322002810080
20151125053322004410080
20151125053322006110080
20151125053322025610080
20151125053422025410080
20151125053522020410080
20151125053622016610080
20151125053922019610080
20151125053922026410080
20151125053922027310080
20151125053922024610080
20151125053922017310080
20151125053922017310080
20151125054022001610080
20151125054022001610080
20151125054122026710080
20151125054122024510080
20151125054122005410080
20151125054122019810080
20151125054322011610080
20151125054322020610080
20151125054522021910080
20151125054722019710080
20151125054922024310080
20151125060022002600080
20151125060022004600080
20151125060022010900080
20151125060022017900080
20151125060022003000080
20151125060022020200080
20151125060022027100080
20151125060022025700080
20151125060022023800080
20151125060022019900080
20151125060022027200080
20151125060022011100080
20151125060022005700080
20151125060022024400080
20151125060022026000080
20151125060022025900080
20151125060022024200080
20151125060022025500080
20151125060022003100080
20151125060122012000080
20151125060222011500080
20151125060322017200080
20151125060622027400080
20151125061122021500080
20151125062822027000080
20151125062822027000080
20151125062822025800080
20151125065222016500080
20151125065822006710080
20151125070322009510080
20151125071422003810080
20151125072222027910080
20151125072222028210080
20151125072522000110080
20151125072512036310080
20151125072722013610080
20151125072722028310080
20151125072822000410080
20151125072922001710080
20151125073022028110080
20151125073022022210080
20151125073122018810080
20151125073322023610080
20151125073322000510080
20151125073322024010080
20151125073522004510080
20151125073522021310080
20151125073522003710080
20151125073622004810080
20151125073622005610080
20151125073622011710080
20151125073722011310080
20151125073722000610080
20151125073922020710080
20151125073922009210080
20151125073922005310080
20151125073922028410080
20151125073922014210080
20151125073922029510080
20151125074022008910080
20151125074122010510080
20151125074122028710080
20151125074122023910080
20151125074222023110080
20151125074322000910080
20151125074322008710080
20151125074322005110080
20151125074522027710080
20151125074522002010080
20151125074522014110080
20151125074522009310080
20151125074522014110080
20151125074522006410080
20151125074622022010080
20151125074622018510080
20151125074622012710080
20151125074622023410080
20151125074622019110080
20151125074722005210080
20151125074722000310080
20151125074722015510080
20151125074722020810080
20151125074722021610080
20151125074822012410080
20151125074922023510080
20151125074922027810080
20151125074922025110080
20151125075022028610080
20151125075022026610080
20151125075022023710080
20151125075022028510080
20151125075022023310080
20151125075222029310080
20151125075222022510080
20151125075622016810080
20151125075622016810080
20151125075922002410080
20151125083222001210080
2015112409341060712310070
2015112409351060711810070
2015112409350931030510070
2015112409350931030510070
2015112409460941239710070
2015112409460950947710070
2015112409460950947710070
2015112409481120634610070
2015112409481120735210070
2015112409481090620610070
2015112409490950945810070
2015112409490950945810070
2015112409500950945810070
2015112409500950543210070
2015112409500950543210070
2015112409510950949410070
2015112409511110830510070
2015112409541110629810070
2015112409541110629810070
2015112409550960655910070
2015112409551111232110070
2015112410020950947500070
2015112410020950947500070
2015112410031120333400070
2015112413390930524810070
2015112413390930524810070
2015112413410950663110070
2015112413420950663110070
2015112413427311201310070
2015112413420980366710070
2015112413440950542810070
2015112413440950542810070
2015112413440941038710070
2015112414001100425500070
2015112414001110830800070
2015112414001110830800070
2015112414001120333800070
2015112414001120333800070
2015112414020940837300070
2015112414021091123600070
2015112414200930929010070
2015112414391100626100070
2015112417010960353600070
2015112417010960353600070
2015112417011130436000070
2015112417020950644200070
2015112417021120333100070
2015112417020921211700070
2015112417021110830600070
2015112417030960252100070
2015112417030930422200070
2015112417030951150400070
2015112417040930116000070
2015112417040930117400070
2015112417040960856100070
2015112417041090822200070
2015112417041090822200070
2015112417041100124300070
2015112417051090418500070
2015112417061090621300070
2015112417061020303800070
2015112417060921212800070
2015112417060970965100070
2015112417060941138900070
2015112417070930219800070
2015112417071020905000070
2015112417070950744600070
2015112417070930626000070
2015112417071111031400070
2015112417071111031400070
2015112417080930219900070
2015112417090981267700070
2015112417090981267700070
2015112417140920605100070
2015112417150931030600070
2015112417150921213300070
2015112417160921213300070
2015112417161100425100070
2015112417161090418800070
2015112417161140636700070
2015112417161140636700070
2015112417171111031300070
2015112417240961056500070
2015112417301100425200070
2015112417301100425200070
2015112417310950543300070
2015112417321090419300070
2015112417341120634900070
2015112417351090419900070
2015112417351091223900070
2015112417350960655500070
2015112417440931233900070
2015112417461110629610070
2015112417551140836800070
2015112417561100927210070
2015112417561100927210070
2015112418000930929700070
2015112418020971266100070
2015112418040941239300070
2015112418070950946800070
2015112418070950946800070
2015112418211060711700070
2015112418291061212900070
2015112418470940836700070
2015112419060950663000070
2015112419060950663000070
2015112420000930422300070
2015112420000930422300070
2015112420010930114500070
2015112420010930114500070
2015112420010930114500070
2015112420021150337100070
2015112420021150337200070
2015112421181110629910070
2015112421181110629910070
2015112421340941239410070
2015112421370950662910070
2015112421370950662910070
2015112421370940735910070
2015112421371051109610070
2015112421380950948410070
2015112421380950745010070
2015112421390951050010070
2015112421391060712010070
2015112421390930119010070
2015112421400950663210070
2015112421410950947610070
2015112421441120333710070
2015112421490981203810070
2015112421500930116310070
2015112421500930116310070
2015112422001060711800070
2015112422001060712300070
2015112422010940837000070
2015112422010940837000070
2015112422010940736000070
2015112422010940736000070
2015112422010950543200070
2015112422010950543200070
2015112422020930118100070
2015112422020930118100070
2015112422020930118100070
2015112422020930524800070
2015112422020930524800070
2015112422020930524800070
2015112422060930421200070
2015112422060931031600070
2015112505220960352210070
2015112505220960352210070
2015112505301081117110070
2015112505301081117110070
2015112505320931030210070
2015112505330930118610070
2015112505330930118610070
2015112505332401201410070
2015112505340930524710070
2015112505340930524710070
2015112505350950946810070
2015112505380940837310070
2015112505380940837310070
2015112505381110830810070
2015112505381110830810070
2015112505390960251810070
2015112505401120333810070
2015112505401120333810070
2015112505401100425610070
2015112505400950949310070
2015112505410981203710070
2015112505421120333110070
2015112505441100425510070
2015112505451091123610070
2015112505452704201410070
2015112505481060711710070
2015112505481060712210070
2015112505490960251910070
2015112505490960251910070
2015112506001040407700070
2015112506020930119000070
2015112506020950663200070
2015112506031051109600070
2015112506140930525210070
2015112507080941239310070
2015112507161090419910070
2015112507220930320310070
2015112507230950744610070
2015112507270911102110070
2015112507280911102110070
2015112507280930827610070
2015112507281061212910070
2015112507281061212910070
2015112507290931030710070
2015112507291100425110070
2015112507290930928510070
2015112507310930524210070
2015112507311111131810070
2015112507321111031310070
2015112507321081117210070
2015112507331011002910070
2015112507331090418510070
2015112507341150337210070
2015112507341130436010070
2015112507340921212810070
2015112507340941138910070
2015112507351120634910070
2015112507350940836710070
2015112507351080315010070
2015112507360950662210070
2015112507360950662210070
2015112507360940535510070
2015112507361070714310070
2015112507370970965110070
2015112507372805201510070
2015112507381090418710070
2015112507381100224410070
2015112507380941038310070
2015112507380931233810070
2015112507391090520110070
2015112507391090419510070
2015112507400930116010070
2015112507400940736010070
2015112507400940736010070
2015112507410931234410070
2015112507410960252110070
2015112507410930928810070
2015112507431090922710070
2015112507430930626010070
2015112507430930219810070
2015112507430950542610070
2015112507440950663010070
2015112507440920604210070
2015112507440930827410070
2015112507440930929710070
2015112507450921213710070
2015112507460930421310070
2015112507460930422210070
2015112507460930422310070
2015112507461020905010070
2015112507461140636710070
2015112507461140636710070
2015112507470931031010070
2015112507471061213110070
2015112507471090520410070
2015112507470950662810070
2015112507481090822210070
2015112507481090419410070
2015112507480950543310070
2015112507480930115910070
2015112507481140836810070
2015112507501021005610070
2015112507510931133510070
2015112507510930117410070
2015112507510960454010070
2015112507520941258510070
2015112507520940735710070
2015112507530931031210070
2015112507530931031210070
2015112507540921213310070
2015112507540921213310070
2015112507540920604510070
2015112507540930320610070
2015112507560951150410070
2015112507560930727210070
2015112507560950543110070
2015112507571020303710070
2015112508580950644210070
2015112409510950946510060
2015112409520950946310060
2015112409520950946310060
2015112409520950543210060
2015112409520950543210060
2015112409540960453810060
2015112409540960453810060
2015112410010930525100060
2015112410010930525100060
2015112410030921211600060
2015112410030950949000060
2015112413340931031610060
2015112413410930524810060
2015112413410930524810060
2015112413410930524810060
2015112413447311201310060
2015112413461120634810060
2015112413461120634810060
2015112413461120634310060
2015112413461120634310060
2015112414000960251800060
2015112414000960251800060
2015112414000930422100060
2015112414000950945900060
2015112414000930118600060
2015112414000930118600060
2015112414010921211100060
2015112414012704201400060
2015112414011060110200060
2015112414010930524700060
2015112414010930524700060
2015112414020950949300060
2015112414031081117100060
2015112414040960251900060
2015112414040960251900060
2015112417000950543100060
2015112417000911102100060
2015112417000911102100060
2015112417010941038600060
2015112417010941038600060
2015112417010941038300060
2015112417011090419500060
2015112417012805201500060
2015112417012805201500060
2015112417010930928800060
2015112417010930928800060
2015112417010930928500060
2015112417010930524200060
2015112417020930827500060
2015112417020931233700060
2015112417020930421400060
2015112417020930115700060
2015112417021100727000060
2015112417021090621100060
2015112417030930428000060
2015112417030960151300060
2015112417031081117400060
2015112417030930114400060
2015112417031081117200060
2015112417030930115000060
2015112417030930115000060
2015112417030960454000060
2015112417030950662800060
2015112417041130436000060
2015112417040930827400060
2015112417041111131800060
2015112417041081117300060
2015112417040960555300060
2015112417041100626600060
2015112417040931030700060
2015112417040931030900060
2015112417040931233800060
2015112417051011002900060
2015112417050960252100060
2015112417050960151000060
2015112417050970364400060
2015112417050980366800060
2015112417060921213700060
2015112417060950542600060
2015112417061090922700060
2015112417060960856100060
2015112417061100626400060
2015112417060930115500060
2015112417071100124300060
2015112417071100124300060
2015112417070931030300060
2015112417071061213100060
2015112417070930116400060
2015112417071120835400060
2015112417071110329200060
2015112417071150437400060
2015112417077878787800060
2015112417081090621300060
2015112417080930928400060
2015112417080940735700060
2015112417080931234400060
2015112417080931133200060
2015112417091090418700060
2015112417092804201400060
2015112417101120434000060
2015112417101130335800060
2015112417101090418600060
2015112417101090418600060
2015112417101090418600060
2015112417101110830900060
2015112417101110830900060
2015112417110981267700060
2015112417110981267700060
2015112417121110329000060
2015112417170931030600060
2015112417250930421600060
2015112417300940836400060
2015112417320940535500060
2015112417331090419200060
2015112417330950543300060
2015112417331060611400060
2015112417340930421300060
2015112417350920604400060
2015112417371091223900060
2015112417371081016100060
2015112417380951049700060
2015112417581140836800060
2015112418000981203700060
2015112418010930115900060
2015112418011090520400060
2015112418011090520400060
2015112418020931234000060
2015112418020931234000060
2015112418040931031000060
2015112418050930117000060
2015112418061120232700060
2015112418081100425600060
2015112418081100626800060
2015112418100931030200060
2015112418110960251500060
2015112418491051009200060
2015112418490930827600060
2015112418490930827600060
2015112418510931032500060
2015112419050930115600060
2015112419080941258500060
2015112419300960151200060
2015112420030930523700060
2015112420030930523700060
2015112420031090419600060
2015112420041150337100060
2015112420080930662300060
2015112420101110328900060
2015112421341040407710060
2015112421400950948010060
2015112421410950745010060
2015112421431090318210060
2015112421431090318210060
2015112421441120735310060
2015112421441120735310060
2015112421440950946910060
2015112421451101228310060
2015112421451101228310060
2015112421470931031510060
2015112421490950948610060
2015112421500930928310060
2015112421514110201510060
2015112421514110201510060
2015112421521081217710060
2015112421540930524610060
2015112422010950946300060
2015112422010950947700060
2015112422010950947700060
2015112422011120634300060
2015112422011120634300060
2015112422011090620600060
2015112422011090620600060
2015112422011110629800060
2015112422011110629800060
2015112422010931030500060
2015112422021120634600060
2015112422027311201300060
2015112422020950663100060
2015112422020950663100060
2015112422021120735200060
2015112422020980366700060
2015112422020950945800060
2015112422020950945800060
2015112422020941038700060
2015112422020950946500060
2015112422021120634800060
2015112422021120634800060
2015112422020960655900060
2015112422020950949400060
2015112422021060712300060
2015112422020941239700060
2015112422030960453800060
2015112422030960453800060
2015112422040950543200060
2015112422040950543200060
2015112422040950542800060
2015112422040950542800060
2015112422041111232100060
2015112422041111232100060
2015112422041110830500060
2015112422040930524800060
2015112422040930524800060
2015112422040930524800060
2015112422080930421200060
2015112422291090419000060
2015112505300941038610060
2015112505300941038610060
2015112505361100626810060
2015112505370950945910060
2015112505370970364410060
2015112505370970364410060
2015112505420930422110060
2015112505420960251510060
2015112505430921211110060
2015112505461100626110060
2015112505471091123610060
2015112505472704201410060
2015112505490930117010060
2015112506001110629600060
2015112506000950948400060
2015112506000950948600060
2015112506001060712000060
2015112506011110629900060
2015112506011110629900060
2015112506020950745000060
2015112506020940735900060
2015112506020950946700060
2015112506021120735300060
2015112506021120735300060
2015112506021040407700060
2015112506020950662900060
2015112506020950662900060
2015112506020930929000060
2015112506020930929000060
2015112506031090318200060
2015112506031090318200060
2015112506040930116300060
2015112506040930116300060
2015112506041101228300060
2015112506041101228300060
2015112506040931031500060
2015112506050921212300060
2015112506050921212300060
2015112506070930524600060
2015112507201110328910060
2015112507251100124310060
2015112507251100124310060
2015112507251100124310060
2015112507250980366810060
2015112507250980366810060
2015112507301120232710060
2015112507301150337110060
2015112507300930827610060
2015112507310931233910060
2015112507310930219910060
2015112507310931030710060
2015112507311110329210060
2015112507331051009210060
2015112507330930114410060
2015112507331081016810060
2015112507330930524210060
2015112507341120434010060
2015112507341090418810060
2015112507340930928410060
2015112507351081117210060
2015112507351021005510060
2015112507361140436710060
2015112507360930115510060
2015112507360930421610060
2015112507361130436010060
2015112507360930428010060
2015112507360930428010060
2015112507380960151110060
2015112507380960150910060
2015112507380960150910060
2015112507380960150910060
2015112507390931133210060
2015112507392804201410060
2015112507391090418610060
2015112507391090418610060
2015112507391090418610060
2015112507390930115010060
2015112507390930115010060
2015112507401111031410060
2015112507410960353610060
2015112507410960353610060
2015112507411090419510060
2015112507411040107310060
2015112507431120835410060
2015112507430930928810060
2015112507431090419610060
2015112507450960151210060
2015112507460930115710060
2015112507461020303810060
2015112507460931030910060
2015112507461091223910060
2015112507460931233710060
2015112507460930421410060
2015112507471090822110060
2015112507480961056510060
2015112507480930421310060
2015112507481090419210060
2015112507481090721710060
2015112507490960555310060
2015112507491090520410060
2015112507501150437410060
2015112507500960151310060
2015112507501100727010060
2015112507501090419410060
2015112507507878787810060
2015112507501100626310060
2015112507500930115910060
2015112507500930827510060
2015112507510951049710060
2015112507510951049710060
2015112507511060812410060
2015112507511100425910060
2015112507510931234010060
2015112507531100626410060
2015112507531090621110060
2015112507530930929310060
2015112507530930117410060
2015112507530960454010060
2015112507550931032510060
2015112507551081117510060
2015112507570920605110060
