20151205093322021910080
20151205100022023800080
20151205100222004600080
20151205100322024610080
20151205124522011610080
20151205124522016610080
20151205124522019710080
20151205124522001010080
20151205132522003910080
20151205133222004710080
20151205133222002810080
20151205133322027310080
20151205133322019610080
20151205133322026410080
20151205133522025610080
20151205133522025410080
20151205133822018210080
20151205134322017310080
20151205134322017310080
20151205134322001610080
20151205134322020610080
20151205134422020410080
20151205134722005410080
20151205134722019810080
20151205134922009110080
20151205135022026710080
20151205135322024310080
20151205135522006110080
20151205140022026300080
20151205140022020900080
20151205140022024800080
20151205140022021800080
20151205140022026200080
20151205140022021000080
20151205140122008810080
20151205140122024900080
20151205140122015900080
20151205140222018000080
20151205140222010700080
20151205140222012100080
20151205140322024700080
20151205140322007200080
20151205140422026500080
20151205140422026500080
20151205140422012800080
20151205140522008700080
20151205140522028000080
20151205140522014600080
20151205140722002100080
20151205140822020300080
20151205140922007300080
20151205141822004300080
20151205151422024510080
20151205155022027500080
20151205155222002300080
20151205160022023100080
20151205160222028500080
20151205170022021300080
20151205170022021300080
20151205170022018500080
20151205170122028300080
20151205170522014200080
20151205170522024000080
20151205170922027900080
20151205173422024210080
20151205174522005600080
20151205174622003510080
20151205180922001200080
20151205181322001500080
20151205190022002000080
20151205200022006400080
20151205200522003800080
20151205200522003800080
20151205200522023600080
20151205212622016010080
20151205212822016410080
20151205212922003310080
20151205212922004910080
20151205213422025810080
20151205213422025810080
20151205213722027610080
20151205213822027010080
20151205214022026810080
20151205214022025310080
20151205214222026110080
20151205214222026910080
20151205214422014310080
20151205214422014410080
20151205214522010310080
20151205214522018710080
20151205214522005010080
20151205214522002210080
20151205214522005510080
20151205214622017410080
20151205214622017510080
20151205214622006210080
20151205214622016510080
20151205214722004010080
20151205214722017910080
20151205215122021110080
20151205215422025010080
20151205220022020600080
20151205220022026400080
20151205220022011600080
20151205220022019600080
20151205220022021900080
20151205220022009100080
20151205220022004700080
20151205220022026700080
20151205220022001000080
20151205220022022000080
20151205220022027300080
20151205220022003900080
20151205220022019800080
20151205220022016600080
20151205220022005400080
20151205220022028200080
20151205220022001600080
20151205220022004400080
20151205220022024300080
20151205220122017300080
20151205220122017300080
20151205220122002800080
20151205220122025400080
20151205220122025600080
20151205220122019700080
20151205220122018200080
20151205220122024500080
20151205220122006100080
20151205220222024600080
20151205220422020400080
20151206053222002110080
20151206053322026310080
20151206053422026210080
20151206053622018010080
20151206053622007310080
20151206053622003210080
20151206053622014610080
20151206053622001510080
20151206053722010710080
20151206054022020910080
20151206054022002310080
20151206054022012810080
20151206054022021010080
20151206054122024910080
20151206054122007210080
20151206054122028010080
20151206054122026510080
20151206054122026510080
20151206054522004310080
20151206054722012110080
20151206054722020310080
20151206054722024710080
20151206054722024810080
20151206055022008810080
20151206055122027510080
20151206055222015910080
20151206060022027000080
20151206060022026800080
20151206060022004900080
20151206060022010300080
20151206060022006200080
20151206060022005500080
20151206060022016400080
20151206060022005000080
20151206060022025300080
20151206060022024200080
20151206060022021100080
20151206060022003500080
20151206060022025800080
20151206060022026100080
20151206060022002200080
20151206060022027600080
20151206060022017400080
20151206060122014300080
20151206060122017500080
20151206060122017900080
20151206060222026900080
20151206060222016000080
20151206060622003300080
20151206061022016500080
20151206073122004810080
20151206073622026610080
20151206074922012710080
20151206075522027710080
20151206075522023910080
20151206082522008910080
2015120512420960251810070
2015120513180960352210070
2015120513180960352210070
2015120513291110830810070
2015120513291110830810070
2015120513340931030210070
2015120513350930118610070
2015120513350930118610070
2015120513380930524710070
2015120513380930524710070
2015120513390950946810070
2015120513401100425510070
2015120513441091123610070
2015120513452704201410070
2015120513471120333810070
2015120513471060712210070
2015120513501100425610070
2015120513511081117110070
2015120513540940837310070
2015120514010930117200070
2015120514010950948700070
2015120514020960251700070
2015120516350950946600070
2015120516350950946600070
2015120517000931234000070
2015120517010930928500070
2015120517011090419500070
2015120517011090419500070
2015120517100931030600070
2015120517230981203710070
2015120517311120735210070
2015120517460950361210070
2015120517471110328810070
2015120517470941038710070
2015120517500960655810070
2015120517500950945810070
2015120517500950945810070
2015120518030960352700070
2015120518041090721800070
2015120520000930929700070
2015120520000930929700070
2015120521230950947710070
2015120521230950947710070
2015120521270950543210070
2015120521270950543210070
2015120521340950663110070
2015120521340950663110070
2015120521340980366710070
2015120521380940837010070
2015120521420931031610070
2015120521421110629810070
2015120521421110629810070
2015120521430930524810070
2015120521430930524810070
2015120521441060210510070
2015120521470960453810070
2015120521470960453810070
2015120521481111232110070
2015120521481111232110070
2015120521491060711810070
2015120521511120634610070
2015120521511110830510070
2015120521511110830510070
2015120522001091123600070
2015120522001120333800070
2015120522001120333100070
2015120522011100626100070
2015120522010950946800070
2015120522020931030200070
2015120522021081117100070
2015120522021081117100070
2015120605330921213610070
2015120605350930524310070
2015120605360960352710070
2015120605360940837410070
2015120605360940837410070
2015120605370921212010070
2015120605370921212010070
2015120605371120333410070
2015120605400930118910070
2015120605410950949010070
2015120605410950947510070
2015120605410950947510070
2015120605420921213110070
2015120605420921213110070
2015120605440960251710070
2015120605460930117210070
2015120605461081217910070
2015120605460930116910070
2015120605471111232310070
2015120605481070714410070
2015120606011110830500070
2015120606010960352200070
2015120606020931031600070
2015120606020980366700070
2015120606020940837000070
2015120606030950663100070
2015120606030950663100070
2015120606040930524800070
2015120606040930524800070
2015120606040930524800070
2015120606050960453800070
2015120607280931030710070
2015120607372805201510070
2015120607372805201510070
2015120607470930524210070
2015120607490930929310070
2015120607490930929310070
2015120607521120835410070
2015120509340941038610060
2015120509340941038610060
2015120510040930929000060
2015120512381011002900060
2015120513431100626110060
2015120513440950949310060
2015120513440950945910060
2015120513471091123610060
2015120513470930117010060
2015120513472704201410060
2015120513490930422110060
2015120513500921211110060
2015120513500921211110060
2015120513501100626810060
2015120514000930118900060
2015120514001101228100060
2015120514001111232300060
2015120514000931032700060
2015120514001090621000060
2015120514001090318400060
2015120514000930116900060
2015120514000921212000060
2015120514000950745200060
2015120514000930525100060
2015120514000921211600060
2015120514000950949000060
2015120514001120333200060
2015120514001120634500060
2015120514000950947500060
2015120514010950662700060
2015120514011020604300060
2015120514020930117500060
2015120514020930117500060
2015120514020930524300060
2015120514020921213600060
2015120514020921213100060
2015120514021070714400060
2015120517000911102100060
2015120517010911102100060
2015120517010911102100060
2015120517010921213000060
2015120517011081117200060
2015120517010930428000060
2015120517010930428000060
2015120517010940837400060
2015120517010940837400060
2015120517010931031200060
2015120517010931031200060
2015120517020930115000060
2015120517020930115000060
2015120517030930827500060
2015120517041090419500060
2015120517040931031000060
2015120517120931030600060
2015120517371081016800060
2015120517371081016800060
2015120517491110328810060
2015120518001081218000060
2015120518001120333200060
2015120518001120333200060
2015120518001120333200060
2015120518050960352700060
2015120518091090721700060
2015120518091090721700060
2015120518101081217900060
2015120518101120333400060
2015120518330930115700060
2015120520030931233700060
2015120521290950543210060
2015120521290950543210060
2015120521450921212310060
2015120521450930524810060
2015120521450930524810060
2015120521460950946510060
2015120521460941239710060
2015120521460950946310060
2015120521471060712310060
2015120521470930118110060
2015120521481120634810060
2015120521481120634810060
2015120521490931030510060
2015120521490931030510060
2015120521511111232210060
2015120522000960251800060
2015120522000960251800060
2015120522000930118600060
2015120522000930118600060
2015120522001111232000060
2015120522000960655800060
2015120522001100626800060
2015120522001100425600060
2015120522012704201400060
2015120522010930422100060
2015120522010921211100060
2015120522011100425500060
2015120522021091123600060
2015120522021120333800060
2015120522020960454000060
2015120522020950949300060
2015120522020970364400060
2015120522020970364400060
2015120522030941038600060
2015120522030941038600060
2015120522030950945900060
2015120522030930524700060
2015120522030930524700060
2015120522030940837300060
2015120522030940837300060
2015120522031110830800060
2015120522031110830800060
2015120522050930117000060
2015120605380960352710060
2015120605380921211610060
2015120605380930525110060
2015120605381081218010060
2015120605391101228110060
2015120605400930117510060
2015120605400930117510060
2015120605410950662710060
2015120605410950662710060
2015120605450921213010060
2015120605470931032710060
2015120605491020604310060
2015120605520950946610060
2015120605531090621010060
2015120605531120333210060
2015120605531090318410060
2015120606000950543200060
2015120606000950543200060
2015120606001120634600060
2015120606000950946300060
2015120606001110629800060
2015120606001110629800060
2015120606001120735200060
2015120606001060711800060
2015120606000960655900060
2015120606000931030500060
2015120606001111232100060
2015120606001111232100060
2015120606000941239700060
2015120606000950947700060
2015120606001111232200060
2015120606001120634800060
2015120606001110328800060
2015120606000950945800060
2015120606000950945800060
2015120606000950945800060
2015120606011060712200060
2015120606010921212300060
2015120606010981203700060
2015120606020930118100060
2015120606020930118100060
2015120606020950946500060
2015120606031060110200060
2015120606040931031600060
2015120606060930524800060
2015120606060930524800060
2015120606060930524800060
2015120607300931030710060
2015120607330950662810060
2015120607330950662810060
2015120607341130436010060
2015120607490930524210060
