20151226093522014610080
20151226093522026510080
20151226093522026510080
20151226094422003210080
20151226094422001510080
20151226095022026310080
20151226095722008810080
20151226100022003500080
20151226100022005500080
20151226100222010300080
20151226100322018700080
20151226100322025300080
20151226115622019110080
20151226121122028500080
20151226133322018010080
20151226133322007310080
20151226134022024910080
20151226134122025210080
20151226134122002310080
20151226134222002310080
20151226134222026210080
20151226134522010710080
20151226134622028010080
20151226134622024810080
20151226134622020310080
20151226134622024710080
20151226134622011910080
20151226134722012110080
20151226135122015910080
20151226135622004310080
20151226140022012200080
20151226140022017200080
20151226140022009000080
20151226140022005900080
20151226140122025500080
20151226140122020200080
20151226140122019900080
20151226140222026000080
20151226140222018100080
20151226140222024400080
20151226140222023800080
20151226140222025700080
20151226140222012000080
20151226140322004600080
20151226140422003000080
20151226140422003000080
20151226140522021500080
20151226140522007210080
20151226140522027400080
20151226154822019100080
20151226170022028300080
20151226170022023400080
20151226170022021300080
20151226170022021300080
20151226170122018500080
20151226170722005100080
20151226174122002110080
20151226174122019810080
20151226174122005410080
20151226174122019710080
20151226175022019610080
20151226175022025410080
20151226175022025410080
20151226175322027510080
20151226175822021010080
20151226180022011100080
20151226180022011100080
20151226180122010900080
20151226180222025900080
20151226180222027100080
20151226180222027700080
20151226180322005700080
20151226190022027800080
20151226200222003700080
20151226200322005200080
20151226201022027900080
20151226201122014200080
20151226213622003910080
20151226213622008610080
20151226213722024610080
20151226213822011610080
20151226214122004710080
20151226214122001010080
20151226214122004410080
20151226214122002810080
20151226214122020410080
20151226214222017310080
20151226214222017310080
20151226214422006110080
20151226214422025610080
20151226214522009110080
20151226214522021910080
20151226214722027310080
20151226214722026410080
20151226214822016610080
20151226220022010700080
20151226220022001500080
20151226220022011900080
20151226220022007200080
20151226220022024900080
20151226220022008800080
20151226220022026200080
20151226220122012100080
20151226220122007300080
20151226220122025200080
20151226220122018000080
20151226220122021000080
20151226220122024800080
20151226220222004300080
20151226220222024700080
20151226220222014600080
20151226220222020300080
20151226220222003200080
20151226220422002300080
20151226220622015900080
20151226220722026300080
20151227040822027910080
20151227053322027210080
20151227053522010910080
20151227053522020210080
20151227053722011110080
20151227053822004610080
20151227053822025510080
20151227054222012010080
20151227054222023810080
20151227054322017210080
20151227054322018110080
20151227054322024410080
20151227054322025910080
20151227054322025710080
20151227054422005710080
20151227054422026010080
20151227054422027110080
20151227054522003010080
20151227054522012210080
20151227054722019910080
20151227060022001000080
20151227060022008600080
20151227060022002100080
20151227060022011600080
20151227060022021900080
20151227060022027300080
20151227060022024700080
20151227060022026400080
20151227060022019600080
20151227060022019800080
20151227060022005400080
20151227060022025600080
20151227060022025400080
20151227060022024600080
20151227060022020400080
20151227060022017300080
20151227060022017300080
20151227060022004700080
20151227060122002800080
20151227060122006100080
20151227060222019700080
20151227060722028000080
20151227060822027500080
20151227061522021510080
20151227072822023610080
20151227074022004510080
20151227074522014210080
20151227075022018510080
20151227075722027710080
20151227075922021310080
20151227075922024010080
2015122609290921213610070
2015122609290921211610070
2015122609300950745210070
2015122609340930116910070
2015122609340930118910070
2015122609340950949010070
2015122609351120333410070
2015122609481111232310070
2015122610000950946300070
2015122610001111232200070
2015122610001120634800070
2015122610000950945800070
2015122610000950945800070
2015122610000950543200070
2015122610000950543200070
2015122610001120735200070
2015122610000931030500070
2015122610000931030500070
2015122610001060712300070
2015122610081091123600070
2015122610081091123600070
2015122613360960352710070
2015122613400960251710070
2015122613400921213110070
2015122613400921213110070
2015122613410950947510070
2015122613410950947510070
2015122613450931032710070
2015122613461081217910070
2015122613480950948710070
2015122613480950948710070
2015122614001060712000070
2015122614000950947600070
2015122614001081217700070
2015122614001081217700070
2015122614001120735300070
2015122614001120735300070
2015122614030931031500070
2015122614040960453800070
2015122614040960453800070
2015122614041060210500070
2015122614050941239400070
2015122614050941239400070
2015122615010930928800070
2015122615010930928800070
2015122617000930421400070
2015122617000950543100070
2015122617001100626600070
2015122617000950948000070
2015122617001040407700070
2015122617000930929300070
2015122617000930929300070
2015122617002805201500070
2015122617002805201500070
2015122617011111131800070
2015122617021081117100070
2015122617021081117100070
2015122617020930524700070
2015122617020930524700070
2015122617060931030600070
2015122617060931030600070
2015122617390921212010070
2015122617460931030210070
2015122617460950946610070
2015122617480940837310070
2015122617480940837310070
2015122617481100425510070
2015122617541060712210070
2015122618001120333700070
2015122618001110629900070
2015122618001110629900070
2015122618020950663200070
2015122618034110201500070
2015122618034110201500070
2015122618031120634400070
2015122618031120634400070
2015122618030930119000070
2015122618040930116300070
2015122618040930116300070
2015122618110950745000070
2015122621380950946810070
2015122621410930118610070
2015122621410930118610070
2015122621422401201410070
2015122621470970364410070
2015122621470970364410070
2015122621491120333810070
2015122621490930422110070
2015122621500930727210070
2015122621500930727210070
2015122621500921211110070
2015122621511100626810070
2015122621551091123610070
2015122621551091123610070
2015122622000950949000070
2015122622000921213600070
2015122622000950745200070
2015122622000921211600070
2015122622001090621000070
2015122622000940736000070
2015122622001111232300070
2015122622000930116900070
2015122622001081217900070
2015122622010930118900070
2015122622010930117500070
2015122622010940735900070
2015122622020971266100070
2015122622021120333400070
2015122622020931032700070
2015122622030960251700070
2015122622311060812400070
2015122622311060812400070
2015122705320950663210070
2015122705320930119010070
2015122705331060712010070
2015122705341040407710070
2015122705340950947610070
2015122705351120735310070
2015122705351120735310070
2015122705350941239410070
2015122705350930929010070
2015122705360950662910070
2015122705360950662910070
2015122705380950948610070
2015122705380951050010070
2015122705401110629910070
2015122705401110629910070
2015122705430950745010070
2015122705471051109610070
2015122705494110201510070
2015122705494110201510070
2015122706000960655800070
2015122706000960655800070
2015122706001100425500070
2015122706000950948700070
2015122706000950948700070
2015122706001101228100070
2015122706000921211100070
2015122706001060712200070
2015122706001120333800070
2015122706000950947500070
2015122706001081218000070
2015122706000921213000070
2015122706001110830800070
2015122706001110830800070
2015122706000940837300070
2015122706000940837300070
2015122706000930118600070
2015122706000930118600070
2015122706000921213100070
2015122706010931030200070
2015122706010950946600070
2015122706011110830600070
2015122706020960352700070
2015122706020921212000070
2015122706020921212000070
2015122706040960655500070
2015122706431120835410070
2015122707161060110200070
2015122707361070714310070
2015122707430930422310070
2015122707430930422310070
2015122707460960454010070
2015122707482805201510070
2015122707482805201510070
2015122609360971266110060
2015122609401090621010060
2015122610020941038700060
2015122613301081218010060
2015122613360960352710060
2015122613430930117510060
2015122613430930117510060
2015122614001090318200060
2015122614001090318200060
2015122614000930929000060
2015122614000950948600060
2015122614000951050000060
2015122614010930524600060
2015122617011081016800060
2015122617021081016800060
2015122617020960353600060
2015122617020960353600060
2015122617030930827600060
2015122617030930827600060
2015122617031081117500060
2015122617330960655510060
2015122617330960655510060
2015122617390921212010060
2015122617390960655810060
2015122617390960655810060
2015122617411101228110060
2015122617471100626110060
2015122617541110830810060
2015122617541110830810060
2015122618010950662900060
2015122618010950662900060
2015122618021051109600060
2015122618100950745000060
2015122621321090721700060
2015122621321090721700060
2015122621331100425910060
2015122621350941038610060
2015122621350941038610060
2015122621350941038610060
2015122621410930117010060
2015122621430960251510060
2015122622010931032700060
2015122622011120634500060
2015122705421120333710060
2015122705430931031510060
2015122705460930524610060
2015122705480930116310060
2015122705480930116310060
2015122706011100626100060
2015122706010960352700060
2015122706010921212000060
2015122706010921212000060
2015122706020960251500060
2015122706030960655500060
2015122706041100425900060
2015122707450960454010060
2015122707490930929310060
2015122707490930929310060
