20151122093122012210080
20151122093222014510080
20151122093222018110080
20151122093322011510080
20151122093422009010080
20151122093422019910080
20151122093422010910080
20151122093422005910080
20151122093522012710080
20151122093622012010080
20151122093622023810080
20151122093622002610080
20151122094222025710080
20151122094922027410080
20151122094922017210080
20151122094922027110080
20151122095322025910080
20151122100022008800080
20151122101022020210080
20151122110122003010080
20151122110122003110080
20151122110122004610080
20151122115122005310080
20151122130612036300080
20151122133222027210080
20151122133722024410080
20151122133822005710080
20151122133922026010080
20151122140022018700080
20151122140022017900080
20151122140022021100080
20151122140022004000080
20151122140022005500080
20151122140022002200080
20151122140022003500080
20151122140022017400080
20151122140022016000080
20151122140022026100080
20151122140022027600080
20151122140022006200080
20151122140122004900080
20151122140122025800080
20151122140122017500080
20151122140222027000080
20151122140222026800080
20151122140322003300080
20151122141922025000080
20151122141922005000080
20151122170022018500080
20151122170022005300080
20151122170022009200080
20151122173122025510080
20151122173822011110080
20151122173822011110080
20151122174222026210080
20151122175222021810080
20151122180022016500080
20151122180022027700080
20151122180022024200080
20151122180022012700080
20151122180422014400080
20151122180522016400080
20151122180522025300080
20151122180522014300080
20151122180522026900080
20151122212922003210080
20151122212922002110080
20151122212922001510080
20151122213522012810080
20151122213522010710080
20151122213922026310080
20151122213922020910080
20151122213922027510080
20151122213922002310080
20151122214022007210080
20151122214022025210080
20151122214022024910080
20151122214122012110080
20151122214122024810080
20151122214122024710080
20151122214122020310080
20151122214222014610080
20151122214722008810080
20151122214722004310080
20151122214722007310080
20151122214722011910080
20151122214722018010080
20151122215222015900080
20151122215222015910080
20151122215222015910080
20151122215222015910080
20151122220022012200080
20151122220022005900080
20151122220022004600080
20151122220022024400080
20151122220022018100080
20151122220022012000080
20151122220022025700080
20151122220022010900080
20151122220022027400080
20151122220022026000080
20151122220022020200080
20151122220022025900080
20151122220022023800080
20151122220022009000080
20151122220022019900080
20151122220022017200080
20151122220022021500080
20151122220022027100080
20151122220122011500080
20151122220122003100080
20151122220122002600080
20151122220122003000080
20151122220222014500080
20151123052522027010080
20151123052522027010080
20151123052822005510080
20151123052822002210080
20151123052822003510080
20151123053322014410080
20151123053422016410080
20151123053422003310080
20151123053522017510080
20151123053622004910080
20151123053722004010080
20151123053722014310080
20151123053722017410080
20151123053822021110080
20151123054022026110080
20151123054022010310080
20151123054022018710080
20151123054022005010080
20151123054222026810080
20151123054222025810080
20151123054222025010080
20151123054222025310080
20151123054322016510080
20151123054322006210080
20151123054322027610080
20151123054522024210080
20151123054822017910080
20151123060022001500080
20151123060022011900080
20151123060022007200080
20151123060022020900080
20151123060022026200080
20151123060022002100080
20151123060022020300080
20151123060022005700080
20151123060022026300080
20151123060022024900080
20151123060022004300080
20151123060022027200080
20151123060022025500080
20151123060022027500080
20151123060022021800080
20151123060122015900080
20151123060122011100080
20151123060122011100080
20151123060122010700080
20151123060122002300080
20151123060122018000080
20151123060122018000080
20151123060222007300080
20151123060222014600080
20151123060222025200080
20151123060322003200080
20151123060422012100080
20151123065722006710080
20151123065922028210080
20151123071822000110080
20151123071922001710080
20151123071922009510080
20151123072022021310080
20151123072222000410080
20151123072522028310080
20151123072722013610080
20151123072722023210080
20151123072722027910080
20151123073122014710080
20151123073222018810080
20151123073222023910080
20151123073422023610080
20151123073522027710080
20151123073522024010080
20151123073622009210080
20151123073622028110080
20151123073622011710080
20151123073722000610080
20151123073722011310080
20151123073822005610080
20151123073922004510080
20151123073922003710080
20151123073922004810080
20151123073922022210080
20151123074022008910080
20151123074022000510080
20151123074022005310080
20151123074022028410080
20151123074112036310080
20151123074222023110080
20151123074322009310080
20151123074322002010080
20151123074322006410080
20151123074322014110080
20151123074322023510080
20151123074322025110080
20151123074322022010080
20151123074322028710080
20151123074322017710080
20151123074322018510080
20151123074322027810080
20151123074322012710080
20151123074422023410080
20151123074422005110080
20151123074422000910080
20151123074422029510080
20151123074522012410080
20151123074522021610080
20151123074622015510080
20151123074622020810080
20151123074722026610080
20151123074722023310080
20151123074722028610080
20151123074722023710080
20151123075022000310080
20151123075022028510080
20151123075122022610080
20151123075222029310080
20151123075222022510080
20151123075422016810080
20151123075622002410080
20151123075822019010080
20151123075822010510080
2015112209351110629910070
2015112209351110629910070
2015112209590930928310070
2015112209590930928310070
2015112210010971266100070
2015112213320950663210070
2015112213331040407710070
2015112213330930929010070
2015112213351060712010070
2015112213360930119010070
2015112213361120735310070
2015112213361120735310070
2015112213370950948610070
2015112213370940735910070
2015112213370950662910070
2015112213370950662910070
2015112213381120333710070
2015112213380950745010070
2015112213390950948010070
2015112213391110629610070
2015112213420981203810070
2015112213500930116310070
2015112213500930116310070
2015112214001120634800070
2015112214000950543200070
2015112214000950543200070
2015112214001120634600070
2015112214000931030500070
2015112214000950947700070
2015112214001060712300070
2015112214001110830500070
2015112214011060210500070
2015112214011070714400070
2015112214010940837000070
2015112214010940837000070
2015112214020931031600070
2015112214030960453800070
2015112214030960453800070
2015112214040930524800070
2015112214040930524800070
2015112214040930524800070
2015112215021130436000070
2015112217002805201500070
2015112217002805201500070
2015112217010930524200070
2015112217020940736000070
2015112217020940736000070
2015112217051100124300070
2015112217051100124300070
2015112217051100124300070
2015112217370950947610070
2015112217400950948410070
2015112217580930727210070
2015112218011110629800070
2015112218011110629800070
2015112221280940837410070
2015112221280940837410070
2015112221320921213610070
2015112221330921211610070
2015112221350960352710070
2015112221360960251710070
2015112221370930118910070
2015112221380950947510070
2015112221410950949010070
2015112221440950662710070
2015112221440950662710070
2015112221450971266110070
2015112221451120333410070
2015112221461081217910070
2015112221460930116910070
2015112221470921213010070
2015112221490950948710070
2015112221490950948710070
2015112222001040407700070
2015112222000940735900070
2015112222011051109600070
2015112222030950663200070
2015112305280950543210070
2015112305280950543210070
2015112305340931031610070
2015112305340930524810070
2015112305340930524810070
2015112305340930118110070
2015112305387311201310070
2015112305391120634610070
2015112305391060711810070
2015112305390980366710070
2015112305400950663110070
2015112305400950663110070
2015112305400950947710070
2015112305400950947710070
2015112305400940837010070
2015112305411090620610070
2015112305430950945810070
2015112305430950945810070
2015112305440931030510070
2015112305440931030510070
2015112305461110830510070
2015112305471110629810070
2015112305471110629810070
2015112305481060712310070
2015112305501090621110070
2015112305500930928810070
2015112305521120735210070
2015112306000960251700070
2015112306000960251700070
2015112306000930117200070
2015112306010921213100070
2015112306010960352700070
2015112306010940837400070
2015112306041070714400070
2015112306490931233810070
2015112307010941239310070
2015112307111150337210070
2015112307270930827610070
2015112307270930662310070
2015112307291061212910070
2015112307291061212910070
2015112307290911102110070
2015112307290911102110070
2015112307291111031310070
2015112307291100425110070
2015112307290931030710070
2015112307291090419910070
2015112307331070714310070
2015112307340930114410070
2015112307340930115510070
2015112307350940836710070
2015112307351111131610070
2015112307371090418510070
2015112307390930626010070
2015112307391100224410070
2015112307391090418710070
2015112307391140436710070
2015112307391130436010070
2015112307400960252110070
2015112307410931234410070
2015112307410930219810070
2015112307411090922710070
2015112307410960856110070
2015112307411090520410070
2015112307410950542610070
2015112307411090419010070
2015112307410931031010070
2015112307412805201510070
2015112307420931030310070
2015112307420930422310070
2015112307420930421310070
2015112307420920605610070
2015112307420930422210070
2015112307430921213710070
2015112307430941038310070
2015112307431020905010070
2015112307431090419510070
2015112307430940736010070
2015112307430940736010070
2015112307441080315010070
2015112307440930827410070
2015112307441090822210070
2015112307441090822110070
2015112307441081117210070
2015112307440930929710070
2015112307450950662210070
2015112307450950662210070
2015112307450931234010070
2015112307450921212710070
2015112307460960454010070
2015112307460930524210070
2015112307461081117410070
2015112307460930115910070
2015112307460921211710070
2015112307460921211710070
2015112307470920604210070
2015112307471081117310070
2015112307481100626410070
2015112307490930117410070
2015112307500931031210070
2015112307500931031210070
2015112307500921212810070
2015112307500940735710070
2015112307521081117510070
2015112307530930928510070
2015112307530930928510070
2015112307530921213310070
2015112307530921213310070
2015112307530931133510070
2015112307530950543110070
2015112307540920604510070
2015112307560951150410070
2015112307560951150410070
2015112307571090721710070
2015112307571090721710070
2015112307570930115610070
2015112308381120634910070
2015112209330950946910060
2015112209330950946910060
2015112210021120333200060
2015112210020921212000060
2015112210020921212000060
2015112210020921213600060
2015112210020921213000060
2015112210020950946600060
2015112213351040407710060
2015112213401090318210060
2015112213401090318210060
2015112213410931031510060
2015112213444110201510060
2015112213511060711910060
2015112213540930524610060
2015112214020960655900060
2015112214020950949400060
2015112214020941239700060
2015112214021120735200060
2015112214021111232100060
2015112214021111232100060
2015112214021060711800060
2015112214020921212300060
2015112214021120634300060
2015112214021120634300060
2015112214021110830500060
2015112214027311201300060
2015112214027311201300060
2015112214030980366700060
2015112214030950663110060
2015112214030950663110060
2015112214030930118100060
2015112214030930118100060
2015112214030950542800060
2015112214030950542800060
2015112214060930524800060
2015112214060930524800060
2015112214060930524800060
2015112217022805201500060
2015112217030930428000060
2015112217030930524200060
2015112217301090620600060
2015112217301090620600060
2015112217391111232310060
2015112217431101228310060
2015112217431101228310060
2015112218090950946500060
2015112218111111232200060
2015112221350950745210060
2015112221370960352710060
2015112221400950947510060
2015112221411101228110060
2015112221411120333210060
2015112221411120333210060
2015112221430930525110060
2015112221471081218010060
2015112221470930117210060
2015112221490921213110060
2015112221490921213110060
2015112221491090318410060
2015112221501070714410060
2015112221501020604310060
2015112221540950946610060
2015112222000950948000060
2015112222001110629600060
2015112222001120634400060
2015112222001120634400060
2015112222001120333700060
2015112222001110629900060
2015112222001110629900060
2015112222000950946700060
2015112222001060712000060
2015112222001060711900060
2015112222000950948600060
2015112222000950946900060
2015112222000981203800060
2015112222000981203800060
2015112222011090318200060
2015112222011120735300060
2015112222011120735300060
2015112222010951050000060
2015112222010930524600060
2015112222024110201500060
2015112222021040407700060
2015112222021081217700060
2015112222021081217700060
2015112222030950662900060
2015112222030950662900060
2015112222030930119000060
2015112222040950745000060
2015112222050931031500060
2015112222070941239400060
2015112222070941239400060
2015112305300950543210060
2015112305300950543210060
2015112305350941239710060
2015112305360930524810060
2015112305360930524810060
2015112305360930118110060
2015112305361120634310060
2015112305361120634310060
2015112305407311201310060
2015112305400950946510060
2015112305431090620610060
2015112305450921212310060
2015112305460960655910060
2015112305460950949410060
2015112305461111232110060
2015112305471111232110060
2015112305471120634810060
2015112305471120634810060
2015112305521090621110060
2015112305520930928810060
2015112306000950947600060
2015112306000930116900060
2015112306000950949000060
2015112306001081217900060
2015112306000930118900060
2015112306000921211600060
2015112306000950948400060
2015112306000950947500060
2015112306000921213000060
2015112306000950662700060
2015112306000950662700060
2015112306001020604300060
2015112306001101228100060
2015112306001120333400060
2015112306000950745200060
2015112306000950948700060
2015112306000930525100060
2015112306000931032700060
2015112306010950946600060
2015112306011120333200060
2015112306011120333200060
2015112306021101228300060
2015112306021101228300060
2015112306020930929000060
2015112306021081218000060
2015112306020930116300060
2015112306030930116300060
2015112306031060711900060
2015112306030960352700060
2015112306030940837400060
2015112306340930727200060
2015112306340930727200060
2015112306361100626300060
2015112306361100626300060
2015112307001081016800060
2015112307081110329010060
2015112307220930321010060
2015112307261110329210060
2015112307291061213110060
2015112307290930827610060
2015112307301111031210060
2015112307301120232710060
2015112307310931030710060
2015112307310980366810060
2015112307311110328910060
2015112307321130335810060
2015112307331051009210060
2015112307341090418810060
2015112307340931233910060
2015112307341120434010060
2015112307351021005510060
2015112307360930114410060
2015112307361090520110060
2015112307360930428010060
2015112307361011002910060
2015112307380930928410060
2015112307392804201410060
2015112307401090418610060
2015112307401090418610060
2015112307401090418610060
2015112307410970965110060
2015112307411111031410060
2015112307411090418710060
2015112307411130436010060
2015112307410930421610060
2015112307421120835410060
2015112307420960151110060
2015112307431090419610060
2015112307430930115710060
2015112307430960856110060
2015112307430930523710060
2015112307430930523710060
2015112307431090520410060
2015112307431020303810060
2015112307430931030910060
2015112307430960555310060
2015112307440931233710060
2015112307440950663010060
2015112307440930422310060
2015112307451090419210060
2015112307451040107310060
2015112307450931133210060
2015112307451090419510060
2015112307461091223910060
2015112307461081117210060
2015112307460930827510060
2015112307470960150910060
2015112307470960150910060
2015112307470960150910060
2015112307470930421410060
2015112307470930421410060
2015112307470950662810060
2015112307471150437410060
2015112307480930421210060
2015112307480960151310060
2015112307480960454010060
2015112307480930524210060
2015112307481111131810060
2015112307481111131810060
2015112307480930115910060
2015112307490930929310060
2015112307490930115010060
2015112307490930115010060
2015112307500930116410060
2015112307530931032510060
2015112307531150337110060
2015112307540951049710060
2015112307540951049710060
2015112307540920605110060
2015112307560941258510060
2015112307560950644210060
2015112307581110830610060
