20151110094222026310080
20151110095422002110080
20151110095722007210080
20151110100022012200080
20151110100022017500080
20151110100022007310080
20151110100022004900080
20151110100022005500080
20151110100022024200080
20151110100022010300080
20151110100722027600080
20151110101222024910080
20151110111422004810080
20151110120422003700080
20151110120622026610080
20151110124622007300080
20151110133422012810080
20151110133922001510080
20151110133922021010080
20151110134022014610080
20151110134022003210080
20151110134222020310080
20151110134322024710080
20151110134322012110080
20151110134422010710080
20151110134422018010080
20151110134622002310080
20151110134622004310080
20151110134622026210080
20151110134622008810080
20151110134822026510080
20151110134822026510080
20151110134822025210080
20151110135022028010080
20151110135422021810080
20151110135422011910080
20151110135722020910080
20151110140022005900080
20151110140022018100080
20151110140022024400080
20151110140022027200080
20151110140022011100080
20151110140022025500080
20151110160022003000080
20151110160022012000080
20151110160022021500080
20151110160022027400080
20151110160022009000080
20151110160022002600080
20151110160022023800080
20151110160022004600080
20151110160022020200080
20151110160022005700080
20151110160122003100080
20151110170022012400080
20151110170022002000080
20151110170022025100080
20151110170022023600080
20151110170022012700080
20151110170022018500080
20151110170022028400080
20151110170022014100080
20151110170022023200080
20151110170022006400080
20151110170022013600080
20151110170022027800080
20151110170022005300080
20151110170022023900080
20151110170022023300080
20151110170022022000080
20151110170022023300080
20151110170022015500080
20151110170022005200080
20151110170122004800080
20151110170122014200080
20151110170122024000080
20151110170222008900080
20151110170222027700080
20151110170222026600080
20151110170322004500080
20151110170322016800080
20151110170322011000080
20151110170322009200080
20151110170322023500080
20151110170322022200080
20151110170322011300080
20151110170422029300080
20151110170622028300080
20151110170622028200080
20151110171022006700080
20151110171122003800080
20151110172122029500080
20151110172422010500080
20151110172812036300080
20151110173022010900080
20151110173122002400080
20151110173722026410080
20151110174222001610080
20151110174222024610080
20151110174622004410080
20151110174622003910080
20151110174622019710080
20151110174622025410080
20151110174622005100080
20151110174622024810080
20151110180022014500080
20151110180022025900080
20151110180122027100080
20151110180122001200080
20151110180322025700080
20151110180422011500080
20151110180622000500080
20151110181922019000080
20151110183122024510080
20151110185822000600080
20151110185922014700080
20151110185922023100080
20151110190022028600080
20151110190022020700080
20151110190022028500080
20151110190222008700080
20151110190222023100080
20151110190222023400080
20151110190322021600080
20151110190322000900080
20151110194122022500080
20151110194322023010080
20151110200622020800080
20151110200822028100080
20151110203022000400080
20151110203322028700080
20151110203622000100080
20151110204822018800080
20151110210022023700080
20151110211222000300080
20151110212122004710080
20151110212122001010080
20151110212122002810080
20151110213222008610080
20151110213222017310080
20151110213422019610080
20151110213422027310080
20151110213422020410080
20151110213522026710080
20151110213522006110080
20151110213622009110080
20151110213822016610080
20151110213922018210080
20151110214322005410080
20151110214322019810080
20151110214422024310080
20151110214422021910080
20151110214822011610080
20151110214822020610080
20151110220022012100080
20151110220022012800080
20151110220022025200080
20151110220022021800080
20151110220022001500080
20151110220022024700080
20151110220022011900080
20151110220022026200080
20151110220022020300080
20151110220022020900080
20151110220022010700080
20151110220022021000080
20151110220022008800080
20151110220022004300080
20151110220022026500080
20151110220022026500080
20151110220022018000080
20151110220022018000080
20151110220122014600080
20151110220122007200080
20151110220122026300080
20151110220222003200080
20151110220222024900080
20151110220222002300080
20151110220322002100080
20151110220322028000080
20151110223022027900080
20151110230722003710080
20151111052522027210080
20151111053022003010080
20151111053122020210080
20151111053322009010080
20151111053322005910080
20151111053322019910080
20151111053422004610080
20151111053422003110080
20151111053422011510080
20151111053522023810080
20151111053522024410080
20151111053522012010080
20151111053522002610080
20151111053622018110080
20151111053722005710080
20151111053722014510080
20151111053722025510080
20151111054222025710080
20151111054222026010080
20151111054222027410080
20151111054222027110080
20151111054222025910080
20151111054222025910080
20151111054322012210080
20151111054422011110080
20151111054422011110080
20151111054522010900080
20151111060022008600080
20151111060022024800080
20151111060022009100080
20151111060022001000080
20151111060022011600080
20151111060022004700080
20151111060022024300080
20151111060022027300080
20151111060022026700080
20151111060022026400080
20151111060022018200080
20151111060022004400080
20151111060022019600080
20151111060022024600080
20151111060022020600080
20151111060022019800080
20151111060022002800080
20151111060022005400080
20151111060022003900080
20151111060022025400080
20151111060022019700080
20151111060122016600080
20151111060122017300080
20151111060122017300080
20151111060122024500080
20151111060122006100080
20151111060422001600080
20151111065522020710080
20151111065822000410080
20151111070222006710080
20151111070922028510080
20151111071222028210080
20151111071222028210080
20151111071522021310080
20151111072322003810080
20151111072412036310080
20151111072522023910080
20151111072622027910080
20151111072622023210080
20151111072922000110080
20151111072922009510080
20151111072922028310080
20151111073022022210080
20151111073022014710080
20151111073122018810080
20151111073322000510080
20151111073422005600080
20151111073622023610080
20151111073622014210080
20151111073622027710080
20151111073622024010080
20151111073722013610080
20151111073822004810080
20151111073922011310080
20151111073922000610080
20151111074022023110080
20151111074222028710080
20151111074222008910080
20151111074222028110080
20151111074522025110080
20151111074522027810080
20151111074522028410080
20151111074522023510080
20151111074522005310080
20151111074622000910080
20151111074722008710080
20151111074722010510080
20151111074722005110080
20151111074722012710080
20151111074922009310080
20151111074922002010080
20151111074922014110080
20151111074922006410080
20151111074922018510080
20151111074922023410080
20151111074922022010080
20151111075022015510080
20151111075022021610080
20151111075022020810080
20151111075022012410080
20151111075022000310080
20151111075022022610080
20151111075222002410080
20151111075322005210080
20151111075322019010080
20151111075322028610080
20151111075322023310080
20151111075322026610080
20151111075322029510080
20151111075522023710080
20151111075522022510080
20151111075522016810080
20151111075622001210080
20151111075722029310080
20151111075722019110080
20151111075722011010080
2015111009341120634910070
2015111009440950948710070
2015111009440950948710070
2015111009441101228110070
2015111009481070714410070
2015111010030940837000070
2015111010050930118100070
2015111010050930118100070
2015111013260950946610070
2015111013271111232310070
2015111013330950662710070
2015111013330950662710070
2015111013340921213610070
2015111013370921211610070
2015111013380940837410070
2015111013380940837410070
2015111013380950949010070
2015111013390921212010070
2015111013390921212010070
2015111013410930524310070
2015111013440940837310070
2015111013460930116910070
2015111013460930118910070
2015111013460930117210070
2015111013471081217910070
2015111013471090318410070
2015111013470950947510070
2015111014000960453800070
2015111014024110201500070
2015111017000931234000070
2015111017001081117400070
2015111017001110830600070
2015111017000930524200070
2015111017000960353600070
2015111017000960353600070
2015111017010930114400070
2015111017011081117300070
2015111017010930321000070
2015111017030960150900070
2015111017030960150900070
2015111017030950662200070
2015111017030930116000070
2015111017030960252100070
2015111017030931234200070
2015111017040930117400070
2015111017041140836800070
2015111017041111201300070
2015111017040960454000070
2015111017041100626400070
2015111017041130436000070
2015111017040931030700070
2015111017040930422300070
2015111017040930119000070
2015111017051020303800070
2015111017050940736000070
2015111017051051109600070
2015111017051100224400070
2015111017051070714300070
2015111017051061212900070
2015111017051061212900070
2015111017050930929700070
2015111017050950744600070
2015111017060921213300070
2015111017061111031300070
2015111017060940836700070
2015111017060921212800070
2015111017060941239300070
2015111017070930626000070
2015111017070931133200070
2015111017081051009200070
2015111017080930219900070
2015111017140931030600070
2015111017150930320600070
2015111017170960655500070
2015111017210920604200070
2015111017271061213100070
2015111017280921213700070
2015111017281100425100070
2015111017280950663000070
2015111017300951050000070
2015111017331150337200070
2015111017341100425200070
2015111017341100425200070
2015111017350940535500070
2015111017541120634900070
2015111017541021005600070
2015111017590920605100070
2015111018071120634400070
2015111018071120634400070
2015111018250920604500070
2015111018350931233900070
2015111018571090419900070
2015111020550941258500070
2015111021270960352210070
2015111021270960352210070
2015111021340930118610070
2015111021340930118610070
2015111021342401201410070
2015111021390931030210070
2015111021391060711710070
2015111021391091123610070
2015111021401100425610070
2015111021401120333810070
2015111021401120333810070
2015111021400921211110070
2015111021410930422110070
2015111021410960655810070
2015111021410960655810070
2015111021451081117110070
2015111021450940837310070
2015111021451110830810070
2015111021451110830810070
2015111021460960251810070
2015111021460981203710070
2015111022020930117200070
2015111022411120333110070
2015111105291060712010070
2015111105300930119010070
2015111105320930929010070
2015111105330950947610070
2015111105340941239410070
2015111105351120333710070
2015111105360940735910070
2015111105371110629910070
2015111105371110629910070
2015111105371051109610070
2015111105380950948410070
2015111105380950662910070
2015111105380950662910070
2015111105380950745010070
2015111105380950745010070
2015111105380951050010070
2015111105381110629610070
2015111105390930928310070
2015111105390930928310070
2015111105431100927210070
2015111105450981203810070
2015111105591060711700070
2015111106000931030200070
2015111106022401201400070
2015111106050960352200070
2015111106160930525210070
2015111106350931233810070
2015111106520941239310070
2015111107170930827610070
2015111107260960150910070
2015111107260960150910070
2015111107260960150910070
2015111107270911102110070
2015111107270911102110070
2015111107270931030710070
2015111107281120634910070
2015111107280930219910070
2015111107281061212910070
2015111107281061212910070
2015111107291090822210070
2015111107291100425110070
2015111107301100425210070
2015111107301100425210070
2015111107311140436710070
2015111107321111031310070
2015111107320930114410070
2015111107331130436010070
2015111107331080315010070
2015111107340940735710070
2015111107340930320310070
2015111107350941038310070
2015111107351090418510070
2015111107352804201410070
2015111107351150337210070
2015111107350971165510070
2015111107360950744610070
2015111107360930827410070
2015111107360930827410070
2015111107370940836710070
2015111107370931234210070
2015111107380940535510070
2015111107380921212810070
2015111107381070714310070
2015111107390940736010070
2015111107390940736010070
2015111107390960655510070
2015111107390930662310070
2015111107401040107310070
2015111107401090520110070
2015111107410951150410070
2015111107411090419510070
2015111107411090419510070
2015111107410930928810070
2015111107420920605610070
2015111107420930116010070
2015111107420921213710070
2015111107420930422310070
2015111107420930422210070
2015111107420930422210070
2015111107430930626010070
2015111107431111031410070
2015111107431090418710070
2015111107432805201510070
2015111107441090419010070
2015111107440930321010070
2015111107440930219810070
2015111107441090922710070
2015111107461111031210070
2015111107470950663010070
2015111107470931233710070
2015111107470930929710070
2015111107470960856110070
2015111107470931031010070
2015111107481120835410070
2015111107490931234410070
2015111107490921213310070
2015111107490921213310070
2015111107501081016810070
2015111107500931234010070
2015111107500930928510070
2015111107500930524210070
2015111107500930115910070
2015111107500930115910070
2015111107511140836810070
2015111107511090419410070
2015111107511100224410070
2015111107511090520410070
2015111107511100425910070
2015111107520921211710070
2015111107520921211710070
2015111107521081117310070
2015111107521081117410070
2015111107521111131810070
2015111107520930929310070
2015111107531081117210070
2015111107531090621110070
2015111107530931133510070
2015111107540930117410070
2015111107540931031210070
2015111107540931031210070
2015111107550920604510070
2015111107560941258510070
2015111107560920605110070
2015111107580931234110070
2015111009450921213010060
2015111009491081218010060
2015111009550930117510060
2015111009550930117510060
2015111009560950745210060
2015111009560950948010060
2015111010000960655900060
2015111010000960655900060
2015111010000950543200060
2015111010000950543200060
2015111013291090621010060
2015111013370941038610060
2015111013370941038610060
2015111013410930525110060
2015111013421120333410060
2015111013450960251510060
2015111013480971266110060
2015111013480931032710060
2015111013490950947510060
2015111013570921213110060
2015111014010950745000060
2015111014010950745000060
2015111014020930524600060
2015111014020940735900060
2015111014020960453800060
2015111014041120333700060
2015111014041110629600060
2015111014050931031500060
2015111017000950948400060
2015111017000950948400060
2015111017000950948000060
2015111017007311201300060
2015111017007311201300060
2015111017000930727200060
2015111017000930727200060
2015111017012805201500060
2015111017012805201500060
2015111017010930928500060
2015111017010930929300060
2015111017011101228300060
2015111017010930928300060
2015111017010930928300060
2015111017010930928800060
2015111017010930115700060
2015111017010930421400060
2015111017020931234000060
2015111017021081117400060
2015111017021111131800060
2015111017022804201400060
2015111017021110830600060
2015111017020931233700060
2015111017020930428000060
2015111017020930524200060
2015111017021081117200060
2015111017021100626300060
2015111017021100626300060
2015111017031120735300060
2015111017031120735300060
2015111017031090419400060
2015111017031090419400060
2015111017030930114400060
2015111017031110329000060
2015111017030930321000060
2015111017031100727000060
2015111017031100425900060
2015111017030950543100060
2015111017041090621100060
2015111017041090721700060
2015111017041090721700060
2015111017040931030900060
2015111017040980366800060
2015111017040930827400060
2015111017040930827400060
2015111017040930115000060
2015111017040930115000060
2015111017050911102100060
2015111017050911102100060
2015111017050960151000060
2015111017050931030300060
2015111017050970965100060
2015111017050960252100060
2015111017051090922700060
2015111017060950542600060
2015111017060940735700060
2015111017060930116400060
2015111017061100626600060
2015111017061140836800060
2015111017060941239400060
2015111017061040407700060
2015111017060941038700060
2015111017061120434000060
2015111017061130436000060
2015111017060931030700060
2015111017060950662800060
2015111017060950662900060
2015111017060930523700060
2015111017060930523700060
2015111017060960856100060
2015111017071090822200060
2015111017070930115900060
2015111017070930928400060
2015111017071081217700060
2015111017071081217700060
2015111017070930422200060
2015111017071090418600060
2015111017071090418600060
2015111017070930115500060
2015111017071090418500060
2015111017070930421600060
2015111017081110328900060
2015111017081090418700060
2015111017080941038300060
2015111017081150437400060
2015111017081080315000060
2015111017080921212800060
2015111017081090418800060
2015111017081130335800060
2015111017100930219800060
2015111017101081016100060
2015111017101090520100060
2015111017160931030600060
2015111017170930827600060
2015111017180930827600060
2015111017190920604400060
2015111017200920605600060
2015111017261090520400060
2015111017290940836400060
2015111017311120232700060
2015111017340971165500060
2015111017381110830900060
2015111017381110830900060
2015111017500960151300060
2015111018001090318200060
2015111018001090318200060
2015111018000981203800060
2015111018010981267700060
2015111018010950948600060
2015111018010950946700060
2015111018011060711900060
2015111018011100927200060
2015111018010930116300060
2015111018010930929000060
2015111018021110629900060
2015111018021110629900060
2015111018020950946900060
2015111018020950946900060
2015111018050931031000060
2015111019020930115600060
2015111019030930115600060
2015111019051090419200060
2015111019050950543300060
2015111019061120835400060
2015111019091090621300060
2015111020001090419600060
2015111020000931032500060
2015111020000930827500060
2015111020051111031400060
2015111020051111031400060
2015111020051111031400060
2015111021330950945910060
2015111021341100626810060
2015111021381100626110060
2015111021400970364410060
2015111021401120333110060
2015111021411100425510060
2015111021411091123610060
2015111021420930524710060
2015111021420930524710060
2015111021420950949310060
2015111021450930117010060
2015111021510960251910060
2015111021510960251910060
2015111022000930116900060
2015111022000930525100060
2015111022000921213100060
2015111022000930117500060
2015111022000921213000060
2015111022001120634500060
2015111022000921211600060
2015111022000931032700060
2015111022001111232300060
2015111022001120333200060
2015111022000921213600060
2015111022000950745200060
2015111022000950947500060
2015111022001101228100060
2015111022001090621000060
2015111022000960251700060
2015111022000960251700060
2015111022000950948700060
2015111022010950948700060
2015111022010940837400060
2015111022010940837400060
2015111022010950662700060
2015111022010950662700060
2015111022011020604300060
2015111022010971266100060
2015111022011081218000060
2015111022020921212000060
2015111022020921212000060
2015111022020950949000060
2015111022020950946600060
2015111022020950946600060
2015111022020930524300060
2015111022021120333400060
2015111022031070714400060
2015111022031090318400060
2015111105370931031510060
2015111105381090318210060
2015111105381120735310060
2015111105381120735310060
2015111105390950946910060
2015111105400950948010060
2015111105411101228310060
2015111105411101228310060
2015111105420950948610060
2015111105424110201510060
2015111105461081217710060
2015111105461081217710060
2015111105460930524610060
2015111105461040407710060
2015111105470930116310060
2015111105470930116310060
2015111106000960655800060
2015111106001081217900060
2015111106000930422100060
2015111106001060712200060
2015111106001100425500060
2015111106000981203700060
2015111106000960251800060
2015111106000930118600060
2015111106000921211100060
2015111106001100425600060
2015111106001100626800060
2015111106001111232000060
2015111106002704201400060
2015111106000930118900060
2015111106001120333800060
2015111106000960251900060
2015111106000960251900060
2015111106000950949300060
2015111106001091123600060
2015111106000930117000060
2015111106010941038600060
2015111106010941038600060
2015111106010970364400060
2015111106011081117100060
2015111106011100626100060
2015111106011060711700060
2015111106010930524700060
2015111106010930524700060
2015111106010950945900060
2015111106010940837300060
2015111106011110830800060
2015111106011110830800060
2015111106020960251500060
2015111107101110329010060
2015111107190930827610060
2015111107241110329210060
2015111107290930421410060
2015111107290931030710060
2015111107290980366810060
2015111107300930428010060
2015111107301090822110060
2015111107301120232710060
2015111107301120232710060
2015111107301110328910060
2015111107331051009210060
2015111107330930115510060
2015111107331140436710060
2015111107341061213110060
2015111107340930114410060
2015111107340931233910060
2015111107351130436010060
2015111107351011002910060
2015111107361021005510060
2015111107370931133210060
2015111107371100124310060
2015111107371100124310060
2015111107391120434010060
2015111107411090419610060
2015111107420930115010060
2015111107420930115010060
2015111107420960353610060
2015111107420960353610060
2015111107420930421610060
2015111107421040107310060
2015111107420930928410060
2015111107431090419510060
2015111107430930928810060
2015111107440930422310060
2015111107450970965110060
2015111107450950662210060
2015111107450950542610060
2015111107460960151210060
2015111107470961056510060
2015111107471090418810060
2015111107471090418610060
2015111107471090418610060
2015111107471090418610060
2015111107480950662810060
2015111107480930115710060
2015111107491020303810060
2015111107490931030910060
2015111107490930523710060
2015111107490930523710060
2015111107490960856110060
2015111107501100626410060
2015111107511090419310060
2015111107511021005610060
2015111107511100727010060
2015111107520930524210060
2015111107531091223910060
2015111107531090419410060
2015111107530960151310060
2015111107540930320610060
2015111107540950543310060
2015111107540931032510060
2015111107540930116410060
2015111107541100626310060
2015111107541150437410060
2015111107551081117510060
2015111107561060812410060
2015111107571090721710060
2015111107571090721710060
2015111107570930727210060
2015111107590931030310060
