20151113093022002610080
20151113093222024410080
20151113093922025510080
20151113095422011510080
20151113095422010910080
20151113095422014510080
20151113095422027210080
20151113095422019910080
20151113095522027410080
20151113095622026010080
20151113100022021510080
20151113100022008800080
20151113100222020900080
20151113133822011110080
20151113134122003110080
20151113134122004610080
20151113134122009010080
20151113134122005910080
20151113134322012010080
20151113134322018110080
20151113134322023810080
20151113134322003010080
20151113134422005710080
20151113134622012210080
20151113135022027110080
20151113140022021100080
20151113140022017900080
20151113140022005000080
20151113140022017400080
20151113140022027000080
20151113140022026800080
20151113140022004000080
20151113140022005500080
20151113140022006200080
20151113140122004900080
20151113140122002200080
20151113140122003500080
20151113140222027600080
20151113140222026100080
20151113140222003300080
20151113140322025300080
20151113140722026900080
20151113170022018500080
20151113170022012400080
20151113170022025100080
20151113170022023200080
20151113170022014100080
20151113170022028400080
20151113170022016800080
20151113170022022000080
20151113170022015500080
20151113170022011700080
20151113170022027700080
20151113170022028200080
20151113170022027800080
20151113170022013600080
20151113170122026600080
20151113170122003700080
20151113170122023300080
20151113170122023900080
20151113170122024000080
20151113170122023600080
20151113170122023700080
20151113170122009200080
20151113170222012700080
20151113170222023100080
20151113170222021300080
20151113170222023400080
20151113170222005200080
20151113170322028600080
20151113170422023000080
20151113170422005100080
20151113170422029300080
20151113170422002000080
20151113170522023500080
20151113170622029500080
20151113170822027900080
20151113171022017700080
20151113171122028500080
20151113171222006700080
20151113171322014700080
20151113171622000500080
20151113171822010500080
20151113172022005600080
20151113172222008700080
20151113173022004500080
20151113173022020700080
20151113173022028300080
20151113173512036300080
20151113173722020210080
20151113173822012810080
20151113173922001200080
20151113174422017210080
20151113174822025910080
20151113174822025710080
20151113175922021810080
20151113180122011000080
20151113180122025800080
20151113180122025800080
20151113180222014400080
20151113180222017500080
20151113180322014300080
20151113180322016500080
20151113180322016500080
20151113180422016400080
20151113180522024200080
20151113180522025000080
20151113180522010300080
20151113183622002400080
20151113184622000900080
20151113185022009300080
20151113185122000600080
20151113185822009500080
20151113190022008900080
20151113190022011300080
20151113190222001700080
20151113190222022500080
20151113190322014200080
20151113190622019000080
20151113191822018800080
20151113192122003800080
20151113193222000400080
20151113194322000300080
20151113200722000100080
20151113200822028100080
20151113203022022600080
20151113203222028700080
20151113204122020800080
20151113213822026210080
20151113213822026310080
20151113213822028010080
20151113213822026510080
20151113213922007210080
20151113213922025210080
20151113213922020910080
20151113213922002310080
20151113214022027510080
20151113214022003210080
20151113214122002110080
20151113214222001510080
20151113214222021010080
20151113214422010710080
20151113214422014610080
20151113214422008810080
20151113214422004310080
20151113214622024710080
20151113214622024810080
20151113214622012110080
20151113214622007310080
20151113214722018010080
20151113214822015910080
20151113215222011910080
20151113215922024910080
20151113220022012200080
20151113220022005900080
20151113220022011500080
20151113220022021500080
20151113220022025700080
20151113220022002600080
20151113220022018100080
20151113220022003100080
20151113220022014500080
20151113220022005700080
20151113220022009000080
20151113220022026000080
20151113220022027200080
20151113220022012000080
20151113220022023800080
20151113220022027400080
20151113220022017200080
20151113220022003000080
20151113220122010900080
20151113220122004600080
20151113220222027100080
20151113220422019900080
20151113220522025500080
20151113220522024400080
20151113220522011100080
20151114053122009110080
20151114053122004710080
20151114053122001010080
20151114053222004410080
20151114053222002810080
20151114053222003910080
20151114053222008610080
20151114053322006110080
20151114053622021910080
20151114053622025610080
20151114053622025610080
20151114053622025610080
20151114053822016610080
20151114053922005410080
20151114054022025410080
20151114054022019810080
20151114054222001610080
20151114054222017310080
20151114054222017310080
20151114054222027310080
20151114054222024610080
20151114054322019610080
20151114054322026410080
20151114054322020610080
20151114054322011610080
20151114054422020410080
20151114054422024510080
20151114054522026710080
20151114054722024310080
20151114054822018210080
20151114060022012800080
20151114060022008800080
20151114060022025900080
20151114060022015900080
20151114060022020900080
20151114060022025200080
20151114060122011900080
20151114060122001500080
20151114060122007200080
20151114060122024700080
20151114060122010700080
20151114060122004300080
20151114060122003200080
20151114060222026500080
20151114060222026500080
20151114060222018000080
20151114060222014600080
20151114060222024800080
20151114060222002300080
20151114060222020200080
20151114060222027500080
20151114060222002100080
20151114060322007300080
20151114060322028000080
20151114060422012100080
20151114060722024900080
20151114061522021800080
20151114071422028210080
20151114071422028210080
20151114071922014210080
20151114072122027910080
20151114073022023610080
20151114073622024010080
20151114074022003710080
20151114074222004510080
20151114074522000910080
20151114074922028310080
20151114075122008710080
20151114075122012710080
20151114075122023410080
20151114075222016810080
20151114075422023110080
20151114075722023310080
20151114080022028110080
2015111309451110629610070
2015111309510941239410070
2015111309510941239410070
2015111310030960251700070
2015111310040921213100070
2015111313310930119010070
2015111313311100626910070
2015111313321060712010070
2015111313350950662910070
2015111313350950662910070
2015111313371040407710070
2015111313370950948410070
2015111313370950663210070
2015111313380951050010070
2015111313390981203810070
2015111313410930929010070
2015111313420950745010070
2015111313451120333710070
2015111313451100927210070
2015111313451081217710070
2015111313480930116310070
2015111313480930116310070
2015111314001111232200070
2015111314001111232200070
2015111314010950663100070
2015111314010950663100070
2015111314010930524800070
2015111314020950542800070
2015111314020950542800070
2015111317001090419500070
2015111317001090419500070
2015111317010940837000070
2015111317010940837000070
2015111317010930524200070
2015111317011130436000070
2015111317010950663000070
2015111317010930114400070
2015111317020930421200070
2015111317020981267700070
2015111317020981267700070
2015111317020931030900070
2015111317030941239300070
2015111317030930929700070
2015111317030930117400070
2015111317040960856100070
2015111317040930422200070
2015111317041100626400070
2015111317041090822200070
2015111317041100224400070
2015111317051111031300070
2015111317050931030700070
2015111317051080315000070
2015111317051020303800070
2015111317050930422300070
2015111317050940836700070
2015111317050921213300070
2015111317050930421300070
2015111317051120634900070
2015111317050940535500070
2015111317061061212900070
2015111317061090418800070
2015111317081100425100070
2015111317160931030600070
2015111317170930320600070
2015111317230920604200070
2015111317310931233900070
2015111317341051109610070
2015111317361110629910070
2015111317361110629910070
2015111317360950948010070
2015111317360960655500070
2015111317381051009200070
2015111317400930219900070
2015111318040930118100070
2015111318041110830500070
2015111319430920605100070
2015111321010931234000070
2015111321010931234000070
2015111321031150337100070
2015111321280950662710070
2015111321280950662710070
2015111321300960251710070
2015111321310950949010070
2015111321360921213010070
2015111321380921213610070
2015111321380930118910070
2015111321390940837410070
2015111321400921211610070
2015111321410950947510070
2015111321410930524310070
2015111321420921212010070
2015111321420921212010070
2015111321431120333410070
2015111321430971266110070
2015111321481111232310070
2015111321481090621010070
2015111321490930117210070
2015111321500930116910070
2015111321501081217910070
2015111322010950663200070
2015111322011040407700070
2015111322030930116300070
2015111322030951050000070
2015111405320930118610070
2015111405320930118610070
2015111405332401201410070
2015111405340960352210070
2015111405340960352210070
2015111405361081117110070
2015111405360921211110070
2015111405371100425510070
2015111405370930422110070
2015111405370940837310070
2015111405380960251810070
2015111405380930524710070
2015111405380930524710070
2015111405390950946810070
2015111405391120333810070
2015111405391120333810070
2015111405390960655810070
2015111405390960655810070
2015111405410970364410070
2015111405411120333110070
2015111405431110830810070
2015111405431110830810070
2015111405491060711710070
2015111405491060712210070
2015111406001051109600070
2015111406020921213100070
2015111406020930117200070
2015111406040960251700070
2015111406040960251700070
2015111406041070714400070
2015111406041070714400070
2015111406040940837400070
2015111406040940837400070
2015111406511130436010070
2015111407040960655510070
2015111407350930929710070
2015111407370930421410070
2015111407381081117210070
2015111407380930116010070
2015111407390921211710070
2015111407390921211710070
2015111407400930115910070
2015111407420950543310070
2015111407420950543310070
2015111407421090419410070
2015111407421090419410070
2015111407420960454010070
2015111407441111131810070
2015111407441111131810070
2015111407451090419010070
2015111407470931031010070
2015111407471140436710070
2015111407510930928510070
2015111407510930928510070
2015111407530931031210070
2015111407530931031210070
2015111407530930929310070
2015111309371150337110060
2015111310010960453800060
2015111310030921213000060
2015111310030921212000060
2015111313370931031510060
2015111313370931031510060
2015111313391040407710060
2015111313390930928310060
2015111313390930928310060
2015111313411090318210060
2015111313411090318210060
2015111313411120735310060
2015111313411120735310060
2015111313441101228310060
2015111313441101228310060
2015111313440950946910060
2015111313471081217710060
2015111314001060711800060
2015111314001060711800060
2015111314000950946300060
2015111314001120735200060
2015111314007311201300060
2015111314007311201300060
2015111314000950947700060
2015111314000950947700060
2015111314011090620600060
2015111314011090620600060
2015111314010931030500060
2015111314010931030500060
2015111314011060712300060
2015111314010950949400060
2015111314010950949400060
2015111314030930524800060
2015111314030930524800060
2015111314031060210500060
2015111314040941239700060
2015111314040941239700060
2015111314061120634600060
2015111314061111232100060
2015111314061111232100060
2015111314060960655900060
2015111314061110629800060
2015111314061110629800060
2015111317001090419400060
2015111317011090419400060
2015111317010950543300060
2015111317010950543300060
2015111317010930421400060
2015111317012805201500060
2015111317011100727000060
2015111317010930929300060
2015111317011090621100060
2015111317011090419500060
2015111317011081117200060
2015111317010930727200060
2015111317010930727200060
2015111317010930928800060
2015111317011120634300060
2015111317011120634300060
2015111317010931233700060
2015111317010930115700060
2015111317011100626600060
2015111317010930115600060
2015111317020951049700060
2015111317021090419600060
2015111317030950662800060
2015111317030950662800060
2015111317030930524200060
2015111317031070714300060
2015111317031130436000060
2015111317030940736000060
2015111317030940736000060
2015111317031110830600060
2015111317031100425900060
2015111317030930114400060
2015111317040930421200060
2015111317041100626300060
2015111317040930827500060
2015111317040960353600060
2015111317040960353600060
2015111317040941038300060
2015111317040930428000060
2015111317040941038700060
2015111317040930115000060
2015111317040930115000060
2015111317040931030900060
2015111317040931233800060
2015111317041091223900060
2015111317050980366800060
2015111317050960151000060
2015111317050930827400060
2015111317050930827400060
2015111317051111201300060
2015111317050921213700060
2015111317050931031200060
2015111317052804201400060
2015111317050930321000060
2015111317051100124300060
2015111317050930116400060
2015111317050940735700060
2015111317060970965100060
2015111317060960856100060
2015111317061120434000060
2015111317060930523700060
2015111317060930523700060
2015111317061061213100060
2015111317070930662300060
2015111317070930115500060
2015111317071120232700060
2015111317070930421600060
2015111317071110329200060
2015111317070931030700060
2015111317070921212800060
2015111317071120835400060
2015111317070931032500060
2015111317080931030300060
2015111317081090418700060
2015111317081090418800060
2015111317081090520100060
2015111317081130335800060
2015111317091110830900060
2015111317091110830900060
2015111317090931234400060
2015111317091090922700060
2015111317090931133200060
2015111317120940836400060
2015111317180931030600060
2015111317211110329000060
2015111317241081016100060
2015111317250920605600060
2015111317261090520400060
2015111317290920604400060
2015111317311090822100060
2015111317320930219800060
2015111317330930827600060
2015111317330930827600060
2015111317330930114500060
2015111317330930114500060
2015111317331081117500060
2015111317331090721600060
2015111317341020905200060
2015111317341090621300060
2015111317350930928400060
2015111317360931031000060
2015111317360960151100060
2015111317371090419300060
2015111317380930117510060
2015111317380930117510060
2015111317390950948610060
2015111317420911102100060
2015111317420911102100060
2015111317421090419900060
2015111317444110201510060
2015111317490931234100060
2015111318000950543200060
2015111318000950543200060
2015111318011120634800060
2015111318050980366700060
2015111318050950945800060
2015111318050950945800060
2015111318060930118100060
2015111318060930118100060
2015111318071081117300060
2015111318090950946500060
2015111318370960151300060
2015111318451110328900060
2015111318451110328900060
2015111318521090419200060
2015111319051090721700060
2015111319061090721700060
2015111319451150337200060
2015111320001081117400060
2015111320001081117400060
2015111320000950543100060
2015111320001111131800060
2015111320001111131800060
2015111320010921211700060
2015111320010921211700060
2015111320041090419000060
2015111320041150437400060
2015111320141111031400060
2015111320141111031400060
2015111320141111031400060
2015111320201040107300060
2015111321051150337100060
2015111321050930115900060
2015111321061011002900060
2015111321330941258500060
2015111321390921213110060
2015111321390960352710060
2015111321390960352710060
2015111321410950946610060
2015111321410950745210060
2015111321420921211610060
2015111321430950947510060
2015111321440930525110060
2015111321461081218010060
2015111321510931032710060
2015111322001060712000060
2015111322000950948400060
2015111322000950948600060
2015111322011110629600060
2015111322011060711900060
2015111322010950948000060
2015111322011100927200060
2015111322010950946900060
2015111322010930524600060
2015111322021090318200060
2015111322021090318200060
2015111322020930929000060
2015111322021101228300060
2015111322021081217700060
2015111322031081217700060
2015111322030930928300060
2015111322030930928300060
2015111322031120735300060
2015111322031120735300060
2015111322031120333700060
2015111322031040407700060
2015111322030950662900060
2015111322030950662900060
2015111322030960454000060
2015111322040950745000060
2015111322040950946700060
2015111322040950946700060
2015111322040981203800060
2015111322050930119000060
2015111322060931031500060
2015111322190941239400060
2015111322190941239400060
2015111405300950945910060
2015111405340941038610060
2015111405340941038610060
2015111405360930117010060
2015111405440981203710060
2015111405461100626810060
2015111405471100626110060
2015111405500960251910060
2015111405500960251910060
2015111405531100425610060
2015111406000930116900060
2015111406000921212000060
2015111406000930117500060
2015111406000921213600060
2015111406000931032700060
2015111406000921211600060
2015111406000950745200060
2015111406000950947500060
2015111406001111232300060
2015111406001090621000060
2015111406001081217900060
2015111406001120634400060
2015111406001120634400060
2015111406001120333400060
2015111406001110629900060
2015111406001110629900060
2015111406000930525100060
2015111406001081218000060
2015111406004110201500060
2015111406001120634500060
2015111406001120634500060
2015111406010930118900060
2015111406020950662700060
2015111406020950662700060
2015111406531130436010060
2015111407350930428010060
2015111407350930428010060
2015111407382804201410060
2015111407382804201410060
2015111407401081117210060
2015111407411100124310060
2015111407411100124310060
2015111407411100124310060
2015111407410960353610060
2015111407410960353610060
2015111407420930523710060
2015111407420930523710060
2015111407420930115010060
2015111407420930115010060
2015111407450960454010060
2015111407491140436710060
2015111408211090418810060
