20151116093522027610080
20151116093622027610080
20151116093722026110080
20151116094122024210080
20151116094222025310080
20151116094522004910080
20151116094622005510080
20151116132722016410080
20151116133522017510080
20151116133522002210080
20151116133522003510080
20151116133522021110080
20151116133522017910080
20151116133822003310080
20151116134022017410080
20151116134022014310080
20151116134022025010080
20151116134022025810080
20151116134122026810080
20151116134422005010080
20151116134522004010080
20151116134922006210080
20151116135222018710080
20151116140022019800080
20151116140022020600080
20151116140022019600080
20151116140022025400080
20151116140022006100080
20151116140022001000080
20151116140022026400080
20151116140022024500080
20151116140122019700080
20151116140122009100080
20151116140222020400080
20151116140222021900080
20151116140322024600080
20151116140422003900080
20151116170022005100080
20151116170022002000080
20151116170022014100080
20151116170022013600080
20151116170022025100080
20151116170022016800080
20151116170022018500080
20151116170022027300080
20151116170022012700080
20151116170022023700080
20151116170022023200080
20151116170022026700080
20151116170022011700080
20151116170022022000080
20151116170022009200080
20151116170022006700080
20151116170022004700080
20151116170022015500080
20151116170022021300080
20151116170022001600080
20151116170122003700080
20151116170122028400080
20151116170122023100080
20151116170122005300080
20151116170122005200080
20151116170122023300080
20151116170122024000080
20151116170122002800080
20151116170122023400080
20151116170222027700080
20151116170222028600080
20151116170222026600080
20151116170222004500080
20151116170222023900080
20151116170322027800080
20151116170322002400080
20151116170322008700080
20151116170322023500080
20151116170322023000080
20151116170822010500080
20151116170922028200080
20151116171522003800080
20151116171722018200080
20151116171922002610080
20151116171922014410080
20151116172722019000080
20151116173022001200080
20151116173022000600080
20151116173122009500080
20151116173222009300080
20151116173322014200080
20151116173522027900080
20151116173622005600080
20151116173722022600080
20151116173822027010080
20151116173822027010080
20151116174122008900080
20151116174922021510080
20151116174922021510080
20151116175122024410080
20151116175122026910080
20151116175422016510080
20151116180122011600080
20151116180222021600080
20151116180222005400080
20151116180222016600080
20151116180222017300080
20151116180222017300080
20151116180322008600080
20151116180422004400080
20151116180422025600080
20151116180422000900080
20151116180422024300080
20151116180422011000080
20151116180522028100080
20151116181422012400080
20151116190022022500080
20151116190022000500080
20151116190122029500080
20151116190122011300080
20151116190522028500080
20151116193022028300080
20151116193422028700080
20151116200022006400080
20151116200122020700080
20151116200122029300080
20151116200222018800080
20151116200922000400080
20151116201622000100080
20151116202122020800080
20151116202422001700080
20151116212622000300080
20151116213122020210080
20151116213422011510080
20151116213522027210080
20151116213822012210080
20151116213822014510080
20151116213822005710080
20151116214022010900080
20151116214022012010080
20151116214022017210080
20151116214022018110080
20151116214022023810080
20151116214222025710080
20151116214222027110080
20151116214222027410080
20151116214222026010080
20151116214222025910080
20151116214322025510080
20151116214422009010080
20151116214522005910080
20151116214522019910080
20151116214622004610080
20151116214622003110080
20151116214722003010080
20151116220022017400080
20151116220022004900080
20151116220022004000080
20151116220022017900080
20151116220022003500080
20151116220022002200080
20151116220022005500080
20151116220022024200080
20151116220022025300080
20151116220022026100080
20151116220022025800080
20151116220022021100080
20151116220022026900080
20151116220022017500080
20151116220122016400080
20151116220122026800080
20151116220122027000080
20151116220122027000080
20151116220122027600080
20151116220222006200080
20151116220222005000080
20151116220322018700080
20151116220322025000080
20151116220422003300080
20151116222022016500080
20151117052722012810080
20151117053322003210080
20151117053422002110080
20151117053422001510080
20151117053522026210080
20151117053522021010080
20151117053622026310080
20151117053722014610080
20151117053722010710080
20151117053822018010080
20151117053822020910080
20151117053822002310080
20151117054022024710080
20151117054122008810080
20151117054122020310080
20151117054122012110080
20151117054122024810080
20151117054122004310080
20151117054522024910080
20151117054522025210080
20151117054522026510080
20151117054522026510080
20151117054722011910080
20151117054722021810080
20151117054822027510080
20151117060022012200080
20151117060022005900080
20151117060022002600080
20151117060022003000080
20151117060022011500080
20151117060022025700080
20151117060022009000080
20151117060022012000080
20151117060022021500080
20151117060022018100080
20151117060022014300080
20151117060022023800080
20151117060022010900080
20151117060022026000080
20151117060022027200080
20151117060022025900080
20151117060022020200080
20151117060022003100080
20151117060122014400080
20151117060122027400080
20151117060122005700080
20151117060122004600080
20151117060322027100080
20151117062022024400080
20151117064322028210080
20151117064322028210080
20151117065922006710080
20151117072322000110080
20151117072522000410080
20151117072822028310080
20151117072822013610080
20151117072822023210080
20151117072922028110080
20151117073122009510080
20151117073122014710080
20151117073122018810080
20151117073322004510080
20151117073322004810080
20151117073322001710080
20151117073322003710080
20151117073422028410080
20151117073422024010080
20151117073422027710080
20151117073422000510080
20151117073922020710080
20151117074022021310080
20151117074122008910080
20151117074122017710080
20151117074122027910080
20151117074122023910080
20151117074222005610080
20151117074322011710080
20151117074322003810080
20151117074422000310080
20151117074422005110080
20151117074422000910080
20151117074422028710080
20151117074422008710080
20151117074522011310080
20151117074522000610080
20151117074622012710080
20151117074622022610080
20151117074722005310080
20151117074722014210080
20151117074822009310080
20151117074822002010080
20151117074822022010080
20151117074822018510080
20151117074922025110080
20151117074922023510080
20151117074922014110080
20151117074922023410080
20151117074922006410080
20151117074922027810080
20151117074922023110080
20151117074922015510080
20151117075022021610080
20151117075022020810080
20151117075022029310080
20151117075022005210080
20151117075022012410080
20151117075222028610080
20151117075222026610080
20151117075222023310080
20151117075222023710080
20151117075622022510080
20151117075622001210080
20151117075622002410080
20151117075722029510080
20151117075722028510080
20151117075722016810080
20151117075722023010080
20151117075822019010080
20151117075822010510080
2015111609161061212900070
2015111609171100425100070
2015111609431060210510070
2015111609440980366710070
2015111609440950947710070
2015111609440950947710070
2015111609470950949010070
2015111609500941239710070
2015111609510930118110070
2015111609510930118110070
2015111610020950947600070
2015111610031051109600070
2015111610030930116300070
2015111610030930116300070
2015111610040930119000070
2015111611161100224410070
2015111613260950543210070
2015111613260950543210070
2015111613290950542810070
2015111613290950542810070
2015111613340950663110070
2015111613340950663110070
2015111613351120634610070
2015111613370930524810070
2015111613370930524810070
2015111613437311201310070
2015111613461060711810070
2015111613500960655910070
2015111613500960655910070
2015111613500931030510070
2015111613500931030510070
2015111613511111232110070
2015111613511111232110070
2015111614011040407700070
2015111614020950663200070
2015111614031091123600070
2015111614031091123600070
2015111614130960352200070
2015111617001130436000070
2015111617010930524200070
2015111617010950644200070
2015111617011110830600070
2015111617020921211700070
2015111617020921211700070
2015111617020931030700070
2015111617020930115600070
2015111617020941239300070
2015111617020930928800070
2015111617030930422300070
2015111617030921213300070
2015111617041100626400070
2015111617040930116000070
2015111617041090922700070
2015111617040930117400070
2015111617040921212800070
2015111617051090418500070
2015111617060950744600070
2015111617060930626000070
2015111617060930219900070
2015111617070960151100070
2015111617071090418800070
2015111617080960655500070
2015111617081051009200070
2015111617080931133200070
2015111617091130335800070
2015111617100930320600070
2015111617120960150900070
2015111617120960150900070
2015111617171100425900070
2015111617210931030600070
2015111617220941138900070
2015111617241020905000070
2015111617240920604500070
2015111617251111031300070
2015111617270930422200070
2015111617321100425200070
2015111617321100425200070
2015111617330930421300070
2015111617340940535500070
2015111617390940837010070
2015111617390940837010070
2015111617431090620610070
2015111617440950945810070
2015111617440950945810070
2015111617461120333710070
2015111617540920604200070
2015111617550930727210070
2015111617560930727210070
2015111618042401201400070
2015111618181090419900070
2015111618281060711700070
2015111618291100224400070
2015111618520931233900070
2015111619180931233800070
2015111619370930928500070
2015111620010950663000070
2015111620010950663000070
2015111620010930929700070
2015111620010930929700070
2015111620021140836800070
2015111620021150337200070
2015111621241110629910070
2015111621241110629910070
2015111621300930119010070
2015111621301060712010070
2015111621320950663210070
2015111621340950947610070
2015111621370950662910070
2015111621370950662910070
2015111621381040407710070
2015111621390950948410070
2015111621391051109610070
2015111621390950948010070
2015111621390930928310070
2015111621390930928310070
2015111621400951050010070
2015111621400981203810070
2015111621450930929010070
2015111622000950663100070
2015111622000950663100070
2015111622020931031600070
2015111622040930524800070
2015111705320921213610070
2015111705330921211610070
2015111705350930524310070
2015111705360960251710070
2015111705360960352710070
2015111705380921212010070
2015111705380921212010070
2015111705381120333410070
2015111705380930118910070
2015111705401081016810070
2015111705401081016810070
2015111705410930928810070
2015111705411090621110070
2015111705410950947510070
2015111705421081217910070
2015111705421090318410070
2015111705420930116910070
2015111705420930117210070
2015111705430950946610070
2015111705430950946610070
2015111705441090621010070
2015111705441111232310070
2015111705480950948710070
2015111705480950948710070
2015111706000950947600070
2015111706000951050000070
2015111706010930116300070
2015111706020930116300070
2015111706031040407700070
2015111706081150337210070
2015111706470941239310070
2015111707190930827610070
2015111707240950744610070
2015111707250930662310070
2015111707270950662210070
2015111707280911102110070
2015111707280911102110070
2015111707281111131610070
2015111707291090419910070
2015111707301111031210070
2015111707311061212910070
2015111707311061212910070
2015111707311100425210070
2015111707311100425210070
2015111707320930114410070
2015111707320931030710070
2015111707340940836710070
2015111707341061213110070
2015111707341100425110070
2015111707340931233810070
2015111707361090419510070
2015111707361070714310070
2015111707360930524210070
2015111707371080315010070
2015111707371090419010070
2015111707371111031310070
2015111707380930115510070
2015111707410960151110070
2015111707411120835410070
2015111707411090419310070
2015111707412805201510070
2015111707412805201510070
2015111707410941038310070
2015111707440930116010070
2015111707451100626410070
2015111707450940735710070
2015111707450960252110070
2015111707450970965110070
2015111707451090922710070
2015111707450930219810070
2015111707450931030310070
2015111707460960856110070
2015111707460931031010070
2015111707470920605610070
2015111707481020905010070
2015111707480930421310070
2015111707480930115610070
2015111707480930422210070
2015111707480930422310070
2015111707490950663010070
2015111707490950663010070
2015111707490930929710070
2015111707491140836810070
2015111707500931234010070
2015111707500950543310070
2015111707500921212810070
2015111707500930115910070
2015111707500930115910070
2015111707500960454010070
2015111707500930928510070
2015111707511090419410070
2015111707510931031210070
2015111707510931133510070
2015111707511100425910070
2015111707521100224410070
2015111707521081117410070
2015111707520921211710070
2015111707520921211710070
2015111707530960150910070
2015111707530960150910070
2015111707530960150910070
2015111707530941258510070
2015111707531060812410070
2015111707540930117410070
2015111707560921213310070
2015111707560921213310070
2015111707560920604510070
2015111707561020303710070
2015111707571090721710070
2015111707571090721710070
2015111707581081016110070
2015111707590920605110070
2015111609431060712310060
2015111609460950949410060
2015111609511120634310060
2015111609511120634310060
2015111610000950948000060
2015111610011060712000060
2015111610011110629900060
2015111610011110629900060
2015111610011110629600060
2015111610021120634400060
2015111610021120634400060
2015111610050951050000060
2015111610050981203800060
2015111613211090520100060
2015111613280950543210060
2015111613280950543210060
2015111613390930524810060
2015111613410931031610060
2015111613420950946310060
2015111613467311201310060
2015111613520931030510060
2015111613590941038710060
2015111614011100626800060
2015111614010930422100060
2015111614010930524700060
2015111614010930524700060
2015111614020960251800060
2015111614021081117100060
2015111614020940837300060
2015111614020941038600060
2015111614020941038600060
2015111614031040407700060
2015111614041111232000060
2015111614040930118600060
2015111614040930118600060
2015111616521100626310060
2015111616521100626310060
2015111617000931234000060
2015111617000931234000060
2015111617011081117200060
2015111617010930929300060
2015111617010930421400060
2015111617012805201500060
2015111617011090419500060
2015111617011090419500060
2015111617021130436000060
2015111617020960454000060
2015111617020970364400060
2015111617020970364400060
2015111617021070714300060
2015111617020950543100060
2015111617030930524200060
2015111617031081117400060
2015111617030930428000060
2015111617030930428000060
2015111617030911102100060
2015111617030911102100060
2015111617030941038300060
2015111617032804201400060
2015111617040930827400060
2015111617040930827400060
2015111617040930114400060
2015111617040931030700060
2015111617041090419600060
2015111617040930115000060
2015111617040930115000060
2015111617040931233700060
2015111617040930421200060
2015111617041090621100060
2015111617050930928800060
2015111617050951150400060
2015111617050980366800060
2015111617050931031000060
2015111617050960151000060
2015111617050931032500060
2015111617050950662200060
2015111617061090721700060
2015111617060931030300060
2015111617060931031200060
2015111617061081117500060
2015111617060960252100060
2015111617061090822200060
2015111617061090822200060
2015111617061120434000060
2015111617060940735700060
2015111617061110329200060
2015111617060930115500060
2015111617060930115900060
2015111617070930421600060
2015111617071120835400060
2015111617070930523700060
2015111617070930523700060
2015111617081150437400060
2015111617081021005500060
2015111617081110329000060
2015111617091090418700060
2015111617091090418800060
2015111617100930662300060
2015111617150920605600060
2015111617150920604400060
2015111617180930219800060
2015111617230931030600060
2015111617231090520400060
2015111617231081016100060
2015111617261110328900060
2015111617260961056500060
2015111617310950543300060
2015111617320940836400060
2015111617321020905200060
2015111617330930928400060
2015111617341090419200060
2015111617350930421300060
2015111617370931234100060
2015111617431100124310060
2015111617431100124310060
2015111617431100124310060
2015111617440921212310060
2015111617451090620610060
2015111617461111232210060
2015111617561120735210060
2015111618001100425600060
2015111618000950945900060
2015111618040960655800060
2015111618040960655800060
2015111618301060110200060
2015111618351090822100060
2015111619150941258500060
2015111619360930321000060
2015111619390951049700060
2015111620001090419400060
2015111620001090419400060
2015111620020981267700060
2015111620020981267700060
2015111620021120232700060
2015111620061111031400060
2015111620061111031400060
2015111620061111031400060
2015111620277878787800060
2015111621361120735310060
2015111621361120735310060
2015111621381101228310060
2015111621381101228310060
2015111621390931031510060
2015111621400950745010060
2015111621400950745010060
2015111621401100927210060
2015111621401100927210060
2015111621401040407710060
2015111621420930524610060
2015111621444110201510060
2015111621444110201510060
2015111621440930116310060
2015111621440930116310060
2015111621460950946910060
2015111622000950947700060
2015111622000950947700060
2015111622000950946300060
2015111622001110629800060
2015111622001110629800060
2015111622000931030500060
2015111622001120634300060
2015111622001120634300060
2015111622001120634600060
2015111622001120634600060
2015111622000950946500060
2015111622000950949000060
2015111622001060712300060
2015111622001111232100060
2015111622001111232100060
2015111622000950949400060
2015111622010941239700060
2015111622010930118100060
2015111622010930118100060
2015111622011060711800060
2015111622020950662800060
2015111622020980366700060
2015111622030950542800060
2015111622030950542800060
2015111622030941038700060
2015111622060930524800060
2015111622060930524800060
2015111622060930524800060
2015111623421091223900060
2015111705340950745210060
2015111705360921213110060
2015111705360921213110060
2015111705380921213010060
2015111705380930525110060
2015111705380960352710060
2015111705400930117510060
2015111705400930117510060
2015111705401081218010060
2015111705421101228110060
2015111705421120333210060
2015111705421120333210060
2015111705420971266110060
2015111705431090621110060
2015111705430950947510060
2015111705430931032710060
2015111705491020604310060
2015111706001120735200060
2015111706000950948400060
2015111706001090620600060
2015111706000950543200060
2015111706000950543200060
2015111706000950543200060
2015111706001100927200060
2015111706000960655900060
2015111706000950946900060
2015111706000950946900060
2015111706001120735300060
2015111706001120735300060
2015111706001110830500060
2015111706011120634400060
2015111706011120634400060
2015111706010981203800060
2015111706010950945800060
2015111706010950945800060
2015111706011110629900060
2015111706011110629900060
2015111706011060712000060
2015111706010921212300060
2015111706010941038700060
2015111706014110201500060
2015111706011111232200060
2015111706011111232200060
2015111706017311201300060
2015111706017311201300060
2015111706020930928300060
2015111706020930928300060
2015111706020930929000060
2015111706020950946700060
2015111706020930119000060
2015111706050950745000060
2015111706051040407700060
2015111706051051109600060
2015111706071100626300060
2015111706071100626300060
2015111706140930727200060
2015111706140930727200060
2015111706431110328910060
2015111707111110329010060
2015111707210930827610060
2015111707300980366810060
2015111707311090822210060
2015111707311090822210060
2015111707310930428010060
2015111707311120232710060
2015111707311110329210060
2015111707332804201410060
2015111707331060611410060
2015111707340930114410060
2015111707340931030710060
2015111707351120434010060
2015111707361020303810060
2015111707371090418810060
2015111707371021005510060
2015111707371040107310060
2015111707370960353610060
2015111707370960353610060
2015111707381090419510060
2015111707381090419510060
2015111707380930524210060
2015111707390930928410060
2015111707401051009210060
2015111707410930421610060
2015111707440931133210060
2015111707450950662810060
2015111707451100727010060
2015111707461091223910060
2015111707470950542610060
2015111707471090418610060
2015111707471090418610060
2015111707471111031410060
2015111707470960151210060
2015111707480930115710060
2015111707480960856110060
2015111707480931233710060
2015111707500930421310060
2015111707511090419610060
2015111707511090419210060
2015111707510930421210060
2015111707521081117210060
2015111707520960454010060
2015111707521090418710060
2015111707531150437410060
2015111707530930321010060
2015111707531090419410060
2015111707530930827510060
2015111707541090520410060
2015111707550930929310060
2015111707560930421410060
2015111707560961056510060
2015111707560931234110060
2015111707580940836410060
2015111707580930320610060
2015111707580951150410060
2015111707590931032510060
2015111707591081117510060
2015111708020920604310060
2015111708060960151300060
2015111708111110830900060
2015111708111110830900060
