20151222093922027010080
20151222093922014410080
20151222094622027610080
20151222095122018710080
20151222095122005010080
20151222095122010310080
20151222095122017510080
20151222100022020300080
20151222100022026200080
20151222100022020300080
20151222100022026200080
20151222100022021800080
20151222100022021800080
20151222100022008800080
20151222100122014600080
20151222100122018000080
20151222102522027500080
20151222133722005510080
20151222133822002210080
20151222134122006210080
20151222134222014310080
20151222134222025810080
20151222134222025310080
20151222134222026810080
20151222134222016410080
20151222134222026110080
20151222134322026910080
20151222134422025010080
20151222134622003310080
20151222134722024210080
20151222134722016510080
20151222134822004010080
20151222134822017910080
20151222135322021110080
20151222140022019800080
20151222140022018500080
20151222140122003900080
20151222140122004700080
20151222140122020600080
20151222140122021900080
20151222140122027300080
20151222140222002800080
20151222140222019600080
20151222140222024300080
20151222140222017300080
20151222140222017300080
20151222140222017300080
20151222140322001000080
20151222140522024600080
20151222143222009100080
20151222170022012400080
20151222170022019700080
20151222170022023700080
20151222170222023900080
20151222170222028400080
20151222170222003700080
20151222170222014100080
20151222170222005300080
20151222170222005200080
20151222170322022000080
20151222170322009200080
20151222170322023200080
20151222170322023600080
20151222170322027800080
20151222170322004500080
20151222170422022200080
20151222170422028600080
20151222170422013600080
20151222170522024000080
20151222170522023100080
20151222170622028100080
20151222170622029500080
20151222170722011300080
20151222170722022500080
20151222170922028300080
20151222171122006700080
20151222172022006400080
20151222172422027900080
20151222172522014700080
20151222173122000600080
20151222173122008700080
20151222173122011700080
20151222173222009300080
20151222173322010500080
20151222173522003800080
20151222174422004910080
20151222174622004910080
20151222175022003510080
20151222180022008600080
20151222180022016600080
20151222180022024500080
20151222180022026700080
20151222180022026600080
20151222180022025400080
20151222180022026400080
20151222180022001200080
20151222180122001600080
20151222180312036300080
20151222180322014200080
20151222180422021510080
20151222184722009500080
20151222190022001700080
20151222190022015500080
20151222190022002000080
20151222190122023400080
20151222190222020800080
20151222190522018800080
20151222190522022600080
20151222190522028700080
20151222190622008900080
20151222190622005600080
20151222191522021600080
20151222191622021600080
20151222191922023000080
20151222192922000100080
20151222194922011000080
20151222194922005100080
20151222195222002400080
20151222200022027700080
20151222200022012700080
20151222200222025100080
20151222200322028200080
20151222200822023300080
20151222201522019000080
20151222203022028500080
20151222203522000400080
20151222210022029300080
20151222213022027210080
20151222213422003010080
20151222213522011110080
20151222213922011510080
20151222213922004610080
20151222213922009010080
20151222214022005910080
20151222214022019910080
20151222214122000300080
20151222214222014510080
20151222214222005710080
20151222214322026010080
20151222214422025710080
20151222214422025510080
20151222214422027110080
20151222214422025910080
20151222214722023810080
20151222214722002610080
20151222214722020210080
20151222214722012010080
20151222214722018110080
20151222214722017210080
20151222214722024410080
20151222214922027410080
20151222215122012210080
20151222220022004000080
20151222220022005000080
20151222220022006200080
20151222220022021100080
20151222220022016400080
20151222220022002200080
20151222220022018700080
20151222220122025800080
20151222220122014400080
20151222220122017900080
20151222220122014300080
20151222220122005500080
20151222220122024200080
20151222220122025300080
20151222220122017500080
20151222220222026800080
20151222220222010300080
20151222220222026100080
20151222220322003300080
20151222220322027600080
20151222220322026900080
20151222220322025000080
20151222220422027000080
20151222222722016500080
20151223052822009110080
20151223053522004710080
20151223053522001010080
20151223053622008610080
20151223053722003910080
20151223053722025610080
20151223054022025410080
20151223054122011610080
20151223054122020610080
20151223054122001610080
20151223054122017310080
20151223054122017310080
20151223054222026710080
20151223054222024510080
20151223054222027310080
20151223054222019610080
20151223054222026410080
20151223054322024610080
20151223054322002810080
20151223054322016610080
20151223054722005410080
20151223054722019810080
20151223055022019710080
20151223055022021910080
20151223060022012200080
20151223060022005900080
20151223060022002600080
20151223060022021500080
20151223060022027200080
20151223060022005700080
20151223060022020200080
20151223060022025500080
20151223060022027400080
20151223060022011100080
20151223060022023800080
20151223060022026000080
20151223060122003500080
20151223060122025700080
20151223060122004900080
20151223060122004600080
20151223060122009000080
20151223060122003000080
20151223060222025900080
20151223060222014500080
20151223060222019900080
20151223060422027100080
20151223070422009510080
20151223070522006710080
20151223071122013610080
20151223071122023210080
20151223071422028210080
20151223072022023610080
20151223072922009210080
20151223073022028110080
20151223073022023410080
20151223073222027910080
20151223073322014710080
20151223073322001710080
20151223073422027710080
20151223073422018810080
20151223073422024010080
20151223073522022210080
20151223073522003710080
20151223073522004510080
20151223073522005310080
20151223073522028410080
20151223073822000110080
20151223073922028310080
20151223073922011710080
20151223073922008710080
20151223074022011310080
20151223074022018510080
20151223074022022010080
20151223074122029510080
20151223074122029510080
20151223074122029510080
20151223074422012410080
20151223074522021310080
20151223074622009310080
20151223074622025110080
20151223074622027810080
20151223074622023110080
20151223074722014210080
20151223074722023910080
20151223074822012710080
20151223074922001210080
20151223074922005110080
20151223074922005610080
20151223075022028510080
20151223075222028710080
20151223075322022610080
20151223075322020710080
20151223075422022510080
20151223075422021610080
20151223075422020810080
20151223075422005210080
20151223075522006410080
20151223075622028610080
20151223075622023710080
20151223075622026610080
20151223075722017710080
20151223075822023010080
20151223075822019110080
20151223075922011010080
20151223075922011010080
20151223075922011010080
20151223080222019010080
20151223080222010510080
2015122209470980366710070
2015122209520921212310070
2015122209570960453810070
2015122209570960453810070
2015122210000921211600070
2015122210000921212000070
2015122210000921212000070
2015122210010921213000070
2015122210011070714400070
2015122210010921213100070
2015122210010921213100070
2015122210041120333400070
2015122210040930117500070
2015122210040930117500070
2015122210121090621000070
2015122213230950543210070
2015122213230950543210070
2015122213350960352710070
2015122213370930524810070
2015122213370930524810070
2015122213370930524810070
2015122213390931031610070
2015122213400930118110070
2015122213400930118110070
2015122213400941239710070
2015122213400940837010070
2015122213400940837010070
2015122213410950946310070
2015122213421060711810070
2015122213440950542810070
2015122213440950542810070
2015122213441060210510070
2015122213481090620610070
2015122213490941038710070
2015122213501120634610070
2015122213520950663110070
2015122213520950663110070
2015122214000960251800070
2015122214000930422100070
2015122214000960655800070
2015122214001111232000070
2015122214000931030200070
2015122214002704201400070
2015122214000950949300070
2015122214030960655500070
2015122214040971266100070
2015122214041120333100070
2015122214040940837400070
2015122214040940837400070
2015122214041110830600070
2015122217001081117400070
2015122217001111131800070
2015122217000930928500070
2015122217002805201500070
2015122217000960352700070
2015122217000930727200070
2015122217001100626300070
2015122217000930929300070
2015122217001081117100070
2015122217000930928800070
2015122217000930928800070
2015122217000931233700070
2015122217000921211700070
2015122217000931030700070
2015122217001080315000070
2015122217010931234000070
2015122217010931030700070
2015122217010960352200070
2015122217011070714300070
2015122217010930422300070
2015122217010940736000070
2015122217010930523700070
2015122217010930523700070
2015122217010930524200070
2015122217010930524200070
2015122217010930524700070
2015122217010930524700070
2015122217020930116400070
2015122217020930114400070
2015122217020930421400070
2015122217021081117200070
2015122217020921213300070
2015122217020921213300070
2015122217021130436000070
2015122217031091223900070
2015122217030941038300070
2015122217030950543100070
2015122217031100626400070
2015122217030931234200070
2015122217030960353600070
2015122217030960353600070
2015122217030931030900070
2015122217030930117400070
2015122217041090419500070
2015122217040930827400070
2015122217040930422200070
2015122217040960150900070
2015122217040911102100070
2015122217040911102100070
2015122217051081016800070
2015122217050960555300070
2015122217050950744600070
2015122217051020303800070
2015122217051020905200070
2015122217050950662200070
2015122217051061212900070
2015122217061100425200070
2015122217061100425200070
2015122217060930115500070
2015122217080930929700070
2015122217080930929700070
2015122217110931030300070
2015122217111100626600070
2015122217111140636700070
2015122217111140636700070
2015122217120930320600070
2015122217170941239300070
2015122217180931030600070
2015122217180931030600070
2015122217190920604400070
2015122217201081016100070
2015122217221140836800070
2015122217250920604200070
2015122217260921213700070
2015122217281090520400070
2015122217300930421300070
2015122217331090621300070
2015122217357311201300070
2015122217370940535500070
2015122217400950947710070
2015122217400950947710070
2015122217430930929010070
2015122217430950949410070
2015122217430950949410070
2015122217441060712310070
2015122217441060712310070
2015122217460950948610070
2015122217460931030510070
2015122217460931030510070
2015122217460950945810070
2015122217460950945810070
2015122217491020905000070
2015122217491110629910070
2015122217501110629910070
2015122217511021005600070
2015122218000930118600070
2015122218000930118600070
2015122218001100425500070
2015122218001100425500070
2015122218001100425500070
2015122218000960251900070
2015122218000960251900070
2015122218000960251900070
2015122218001100626800070
2015122218001120333800070
2015122218001120333800070
2015122218000950946800070
2015122218021060711800070
2015122218310931234100070
2015122218390920604500070
2015122219020950663000070
2015122219020950663000070
2015122220001090621100070
2015122220021100727000070
2015122220020930827500070
2015122220030930115600070
2015122220030930115600070
2015122220071130335800070
2015122221301040407710070
2015122221350941239410070
2015122221360950947610070
2015122221370950662910070
2015122221370950662910070
2015122221370960454010070
2015122221390950948010070
2015122221441060712010070
2015122221451120333710070
2015122221460930928310070
2015122221460950745010070
2015122221500930116310070
2015122221500930116310070
2015122222001111232200070
2015122222000950543200070
2015122222000950543200070
2015122222000950946300070
2015122222001120634600070
2015122222001120735200070
2015122222001120634300070
2015122222001120634300070
2015122222001090620600070
2015122222001090620600070
2015122222001111232100070
2015122222001111232100070
2015122222000960655900070
2015122222001110830500070
2015122222000960655900070
2015122222001110830500070
2015122222000941038700070
2015122222000950663100070
2015122222000941038700070
2015122222011110629800070
2015122222011110629800070
2015122222010930118100070
2015122222010930118100070
2015122222010980366700070
2015122222021060210500070
2015122222020941239700070
2015122222040940837000070
2015122222040940837000070
2015122222040960453800070
2015122222040950542800070
2015122222040950542800070
2015122222050930524800070
2015122222050930524800070
2015122222050930524800070
2015122223331090419000070
2015122305332401201410070
2015122305330930118610070
2015122305330930118610070
2015122305350931030210070
2015122305370950946810070
2015122305400940837310070
2015122305400940837310070
2015122305420960251810070
2015122305440930422110070
2015122305441100425510070
2015122305451120333110070
2015122305461120333810070
2015122305460960251910070
2015122305460960251910070
2015122305491060712210070
2015122305491060712210070
2015122305571060711810070
2015122306001060712000070
2015122306000931030500070
2015122306000950949400070
2015122306001120634800070
2015122306001060712300070
2015122306000950945800070
2015122306000950945800070
2015122306001110629600070
2015122306000950947700070
2015122306000950948600070
2015122306001100927200070
2015122306001100927200070
2015122306001060711900070
2015122306000950946900070
2015122306000950946900070
2015122306001060711900070
2015122306004110201500070
2015122306004110201500070
2015122306000930524600070
2015122306001120735300070
2015122306001120735300070
2015122306010950662900070
2015122306010950662900070
2015122306010930116300070
2015122306010930116300070
2015122306010950745000070
2015122306010950745000070
2015122306010930928300070
2015122306010930928300070
2015122306050931031500070
2015122306050931031500070
2015122307121130436010070
2015122307200941239310070
2015122307240930929710070
2015122307240930320310070
2015122307241070714310070
2015122307271111031210070
2015122307281061212910070
2015122307280911102110070
2015122307280911102110070
2015122307290931030710070
2015122307290921211710070
2015122307290930219910070
2015122307290960150910070
2015122307290960150910070
2015122307290960150910070
2015122307301090418510070
2015122307301150337210070
2015122307311100425210070
2015122307311100425210070
2015122307311090418710070
2015122307320930114410070
2015122307330921212810070
2015122307331021005510070
2015122307360930523710070
2015122307360940535510070
2015122307360931233710070
2015122307361090419010070
2015122307370940736010070
2015122307370940736010070
2015122307371081117110070
2015122307371090419510070
2015122307371090419510070
2015122307371081016810070
2015122307381110328810070
2015122307381110328810070
2015122307390930421410070
2015122307391081117210070
2015122307391090520110070
2015122307400931234210070
2015122307400930827610070
2015122307401111131810070
2015122307402805201510070
2015122307402805201510070
2015122307400931234010070
2015122307400930421310070
2015122307400930626010070
2015122307400950543310070
2015122307411140836810070
2015122307410930524210070
2015122307411081117410070
2015122307410930422310070
2015122307410930422210070
2015122307410930422210070
2015122307430960252110070
2015122307431090922710070
2015122307430941038310070
2015122307430950542610070
2015122307441090419610070
2015122307441140436710070
2015122307440930929310070
2015122307440930929310070
2015122307441081117310070
2015122307441020905010070
2015122307440930117410070
2015122307440931234410070
2015122307440920604210070
2015122307450951150410070
2015122307451100727010070
2015122307451080315010070
2015122307450930115910070
2015122307460930827410070
2015122307460930827410070
2015122307460930524710070
2015122307460930524710070
2015122307471091223910070
2015122307471100626410070
2015122307470950663010070
2015122307480950543110070
2015122307490930928510070
2015122307510950662210070
2015122307510921213310070
2015122307521140636710070
2015122307521140636710070
2015122307531081117510070
2015122307530931031210070
2015122307540960352210070
2015122307540960352210070
2015122307541060812410070
2015122307560920604510070
2015122307570930115610070
2015122307580940735710070
2015122307580920605610070
2015122307590950644210070
2015122308271021005610070
2015122308390931234110070
2015122209381120634310060
2015122209381120634310060
2015122209401111232210060
2015122209500950946510060
2015122209591120735210060
2015122210011020604300060
2015122210031120634500060
2015122210031120634500060
2015122210031120634500060
2015122210041081218000060
2015122213220950543210060
2015122213220950543210060
2015122213350960352710060
2015122213360930524810060
2015122213360930524810060
2015122213360930524810060
2015122213471090620610060
2015122214020960655500060
2015122214041100425900060
2015122214121060110200060
2015122216590960151300060
2015122217010930114400060
2015122217011130436000060
2015122217010930115900060
2015122217021091223900060
2015122217020930428000060
2015122217030960151000060
2015122217032804201400060
2015122217030960252100060
2015122217031110329000060
2015122217041081016800060
2015122217041120434000060
2015122217041090922700060
2015122217050940735700060
2015122217051150437400060
2015122217051110329200060
2015122217051090418500060
2015122217061120835400060
2015122217060961056500060
2015122217061090418700060
2015122217130951049700060
2015122217161090418800060
2015122217170931030600060
2015122217170930219800060
2015122217181061213100060
2015122217190920605600060
2015122217221140836800060
2015122217231081117500060
2015122217240940836400060
2015122217271090520400060
2015122217270950542600060
2015122217310930662300060
2015122217311120232700060
2015122217321060611400060
2015122217321090621300060
2015122217321110328900060
2015122217347311201300060
2015122217361150337200060
2015122217441020303700060
2015122217451120634810060
2015122217451120634810060
2015122218000950946800060
2015122218010931133200060
2015122218010931133200060
2015122218020930116300060
2015122218030930117000060
2015122218030930117000060
2015122218030960251500060
2015122218300931234100060
2015122219501100626100060
2015122220011090419600060
2015122220011100727000060
2015122220010930827500060
2015122220011090419300060
2015122220020930115700060
2015122220031150337100060
2015122220061130335800060
2015122220331090721700060
2015122220331090721700060
2015122221011111031400060
2015122221011111031400060
2015122221011111031400060
2015122221351120735310060
2015122221351120735310060
2015122221360960454010060
2015122221361101228310060
2015122221361101228310060
2015122221381051109610060
2015122221390931031510060
2015122221401090318210060
2015122221401090318210060
2015122221430950946910060
2015122221430950946910060
2015122221444110201510060
2015122221444110201510060
2015122221450950745010060
2015122221461100927210060
2015122221471081217710060
2015122221500930524610060
2015122221590950663210060
2015122222010921212300060
2015122222010921212300060
2015122222010950946500060
2015122222040930524800060
2015122222040930524800060
2015122222040930524800060
2015122222140931031600060
2015122223321090419000060
2015122305330941038610060
2015122305330941038610060
2015122305370960251510060
2015122305411100626110060
2015122305420950949310060
2015122305450960655510060
2015122305450960655510060
2015122305460930117010060
2015122305561111232010060
2015122306010930929000060
2015122306021090318200060
2015122307121130436010060
2015122307151110329010060
2015122307151110329010060
2015122307231020303810060
2015122307251120232710060
2015122307261150337110060
2015122307281110328910060
2015122307280931030710060
2015122307280971165510060
2015122307280930428010060
2015122307302804201410060
2015122307311111031410060
2015122307311090418710060
2015122307311110329210060
2015122307321020905210060
2015122307350930523710060
2015122307350960353610060
2015122307350960353610060
2015122307350930115710060
2015122307351090520410060
2015122307350931030910060
2015122307371060611410060
2015122307371110328810060
2015122307390930827610060
2015122307391111131810060
2015122307390930421310060
2015122307400950543310060
2015122307401090621110060
2015122307400921213710060
2015122307400930524210060
2015122307401150437410060
2015122307410930827510060
2015122307411090822110060
2015122307420960151210060
2015122307420951049710060
2015122307430960856110060
2015122307430931133210060
2015122307437878787810060
2015122307490930662310060
2015122307531061213110060
2015122307540960151310060
2015122307561090721710060
2015122307561090721710060
2015122307570931032510060
2015122308001040107310060
2015122308380931234110060
