20151101092722012810080
20151101093122026510080
20151101093122026510080
20151101094522021810080
20151101095122001510080
20151101095222002110080
20151101100022019600080
20151101100022024300080
20151101100022026700080
20151101100022025400080
20151101100022026700080
20151101113322014210080
20151101113422026610080
20151101115222026600080
20151101125022020710080
20151101131922003210080
20151101132422026310080
20151101133122027510080
20151101133722010710080
20151101133922025210080
20151101134022002310080
20151101134122004310080
20151101134522012110080
20151101134522020310080
20151101134522014610080
20151101134522028010080
20151101134622011910080
20151101134722007310080
20151101134722018010080
20151101134822020910080
20151101135022015910080
20151101135622021010080
20151101140022012200080
20151101140022005900080
20151101140022018100080
20151101140022009000080
20151101140022011100080
20151101140022003100080
20151101140022027100080
20151101140022003000080
20151101140022020200080
20151101140022025500080
20151101140122017200080
20151101140222026000080
20151101140222012000080
20151101140222023800080
20151101140222004600080
20151101142822008910080
20151101170022012700080
20151101170022028100080
20151101170022005600080
20151101170022004500080
20151101170022005100080
20151101170122027700080
20151101170622002400080
20151101170622023900080
20151101170922008900080
20151101170922020700080
20151101172422011610080
20151101173122024810080
20151101173722016610080
20151101174122026410080
20151101174122026210080
20151101180022014500080
20151101180022002600080
20151101180022025900080
20151101180022021500080
20151101180022021500080
20151101180122019900080
20151101180122011500080
20151101180122010900080
20151101180122002000080
20151101180222018700080
20151101180422027400080
20151101185122004410080
20151101211622014200080
20151101212522008610080
20151101213022025410080
20151101213222024510080
20151101213222006110080
20151101213222025610080
20151101213622020610080
20151101213622021910080
20151101213722017310080
20151101213722001610080
20151101213822001010080
20151101213822004710080
20151101213822002810080
20151101213922024610080
20151101213922019610080
20151101213922027310080
20151101213922020410080
20151101214022009110080
20151101214022024310080
20151101214122018210080
20151101214522005410080
20151101214622019810080
20151101220022020900080
20151101220022010700080
20151101220022015900080
20151101220022024700080
20151101220022012100080
20151101220022004300080
20151101220022020300080
20151101220022011900080
20151101220022026500080
20151101220022026500080
20151101220022001500080
20151101220022024800080
20151101220122012800080
20151101220122021000080
20151101220122014600080
20151101220122018000080
20151101220122007300080
20151101220222026200080
20151101220222024900080
20151101220222002100080
20151101220322002300080
20151101220422021800080
20151101220422002300080
20151101220422027500080
20151101220722003200080
20151102052822003110080
20151102053122026010080
20151102053122004610080
20151102053122025710080
20151102053122025910080
20151102053422011110080
20151102053422011510080
20151102053422009010080
20151102053522027210080
20151102053522027210080
20151102054122019910080
20151102054122025510080
20151102054122014510080
20151102054222002610080
20151102054322012010080
20151102054322018110080
20151102054322024410080
20151102054322017210080
20151102054322023810080
20151102054522027410080
20151102054522003010080
20151102054722012210080
20151102054822027110080
20151102060022001000080
20151102060022009100080
20151102060022011600080
20151102060022019600080
20151102060022008600080
20151102060022021900080
20151102060022020600080
20151102060022024600080
20151102060022004700080
20151102060022027300080
20151102060022026400080
20151102060022005400080
20151102060022024300080
20151102060022016600080
20151102060022026300080
20151102060022025600080
20151102060022019800080
20151102060022025400080
20151102060022024500080
20151102060022020400080
20151102060122028000080
20151102060122006100080
20151102060222002800080
20151102060222018200080
20151102060222004400080
20151102060322007200080
20151102062022020810080
20151102070222028210080
20151102070222028210080
20151102071322027910080
20151102071922021310080
20151102071922028310080
20151102072222023210080
20151102072322003810080
20151102072822005610080
20151102072822014710080
20151102072822006710080
20151102072922018810080
20151102073222023610080
20151102073222024010080
20151102073222027710080
20151102073222028510080
20151102073322010510080
20151102073422013610080
20151102073612036310080
20151102073622022210080
20151102073622003710080
20151102073722004510080
20151102073722020710080
20151102073722004810080
20151102073722009210080
20151102073822000510080
20151102073822028710080
20151102073922008910080
20151102073922028110080
20151102074222000610080
20151102074222011310080
20151102074322023910080
20151102074422005310080
20151102074422014210080
20151102074522000910080
20151102074522008710080
20151102074522005110080
20151102074622028410080
20151102074622023510080
20151102074622027810080
20151102074622025110080
20151102074622015510080
20151102074622023110080
20151102074722009310080
20151102074722002010080
20151102074722018510080
20151102074722023410080
20151102074722006410080
20151102074722003310080
20151102074722022010080
20151102074822014110080
20151102074822019110080
20151102074822012710080
20151102074922012410080
20151102074922023310080
20151102074922023710080
20151102074922029510080
20151102075222029310080
20151102075222022610080
20151102075322023010080
20151102075322005210080
20151102075422022510080
20151102075522017710080
20151102075622000310080
20151102075722002410080
20151102075722019010080
20151102075922001210080
2015110109290930116910070
2015110109300950947510070
2015110109320930524310070
2015110109421120333410070
2015110110001060711700070
2015110113280950662710070
2015110113320921213610070
2015110113320921211610070
2015110113350921212010070
2015110113350921212010070
2015110113371090621010070
2015110113390950946610070
2015110113390950946610070
2015110113411070714410070
2015110113450930117210070
2015110113461090418710070
2015110114000950663200070
2015110114000940735900070
2015110114001051109600070
2015110116007311201300070
2015110116007311201300070
2015110117000930928500070
2015110117000930524200070
2015110117000930524200070
2015110117000930929300070
2015110117000930524200070
2015110117081130436000070
2015110117350960352710070
2015110117360981203710070
2015110117540921213010070
2015110117541111232010070
2015110117561091123610070
2015110117561091123610070
2015110118020950361200070
2015110121240960352210070
2015110121240960352210070
2015110121270931030210070
2015110121290950946810070
2015110121300930118610070
2015110121300930118610070
2015110121342704201410070
2015110121361100425510070
2015110121391110830810070
2015110121391110830810070
2015110121411081117110070
2015110121410960251810070
2015110121430921211110070
2015110121431120333110070
2015110121430970364410070
2015110121432401201410070
2015110121481120333810070
2015110121481120333810070
2015110121541060711710070
2015110122000940837400070
2015110122010940837400070
2015110122010940837400070
2015110122010950946600070
2015110122010950946600070
2015110123321090419500070
2015110123321090419500070
2015110205300930929010070
2015110205310941239410070
2015110205310941239410070
2015110205320940735910070
2015110205320950663210070
2015110205320930119010070
2015110205321110629910070
2015110205321110629910070
2015110205330950947610070
2015110205330950662910070
2015110205330950662910070
2015110205341051109610070
2015110205350950948410070
2015110205351060712010070
2015110205350951050010070
2015110205361040407710070
2015110205401110629610070
2015110205411120333710070
2015110205420950745010070
2015110205440930928310070
2015110205440930928310070
2015110205470930116310070
2015110205470930116310070
2015110205481100927210070
2015110205481100927210070
2015110206001110830800070
2015110206010931030200070
2015110206160960352200070
2015110206160960352200070
2015110207021150337210070
2015110207060941239310070
2015110207180930827610070
2015110207240911102110070
2015110207240911102110070
2015110207250931030710070
2015110207251011002910070
2015110207251090419910070
2015110207250930219910070
2015110207271100425110070
2015110207271111031310070
2015110207281090822110070
2015110207290930114410070
2015110207301111131610070
2015110207300930428010070
2015110207311080315010070
2015110207331090418510070
2015110207331040107310070
2015110207340930928510070
2015110207340930928510070
2015110207341100425210070
2015110207341100425210070
2015110207351090822210070
2015110207351090822210070
2015110207350930662310070
2015110207350930662310070
2015110207371070714310070
2015110207370930928810070
2015110207370930524210070
2015110207380960151110070
2015110207380930115910070
2015110207381140836810070
2015110207390940736010070
2015110207390940736010070
2015110207391090419510070
2015110207391090419510070
2015110207411090520110070
2015110207420950744610070
2015110207420940735710070
2015110207421100224410070
2015110207420960856110070
2015110207420931031010070
2015110207420930928410070
2015110207421090922710070
2015110207431090419010070
2015110207430931234410070
2015110207430960252110070
2015110207430960252110070
2015110207431120835410070
2015110207432805201510070
2015110207440950662210070
2015110207440950662210070
2015110207440950663010070
2015110207451020905010070
2015110207450930929710070
2015110207470960150910070
2015110207470960150910070
2015110207471090418710070
2015110207470921213310070
2015110207470921213310070
2015110207470930421410070
2015110207470951150410070
2015110207481081117210070
2015110207481150337110070
2015110207480921213710070
2015110207480950644210070
2015110207480930422210070
2015110207490930827410070
2015110207490930827410070
2015110207490960454010070
2015110207491100425910070
2015110207501090419310070
2015110207500920604510070
2015110207511081117410070
2015110207511060812410070
2015110207510931133510070
2015110207520930117410070
2015110207520930929310070
2015110207531081117310070
2015110207530950543110070
2015110207550940836610070
2015110207561081117510070
2015110207590941258510070
2015110208481120634910070
2015110109320950947510060
2015110109360921213110060
2015110109491111232310060
2015110109500971266110060
2015110110000930118600060
2015110110000930118600060
2015110110000930118600060
2015110110001060712200060
2015110110020931030200060
2015110110020950945900060
2015110110020960251800060
2015110110030960655800060
2015110110030960655800060
2015110110040960251500060
2015110113330930118910060
2015110113330950745210060
2015110113330930118910060
2015110113370930525110060
2015110113381101228110060
2015110113390930117510060
2015110113390930117510060
2015110113390950948710060
2015110113391120333210060
2015110113391120333210060
2015110113420960251710060
2015110113420960251710060
2015110113471081218010060
2015110113481020604310060
2015110114002401201400060
2015110114001040407700060
2015110114001040407700060
2015110114000950948400060
2015110114001060712000060
2015110114010950947600060
2015110114011120333100060
2015110114010950662900060
2015110114010950662900060
2015110114010930119000060
2015110114010950662800060
2015110114010950662800060
2015110114010951050000060
2015110114014110201500060
2015110114010930524600060
2015110114021120634400060
2015110114021120634400060
2015110114020950946900060
2015110114020950948000060
2015110114021060711900060
2015110114020981203800060
2015110114021101228300060
2015110114030931031500060
2015110114030950745000060
2015110114030950745000060
2015110114061081217700060
2015110114061081217700060
2015110116230941038700060
2015110117091130436000060
2015110117301110629600060
2015110117370960352710060
2015110117390941038610060
2015110117390941038610060
2015110118001110629600060
2015110118001120333700060
2015110118001090318200060
2015110118001120735300060
2015110118001120735300060
2015110118030930929000060
2015110119031090418700060
2015110120090931032500060
2015110120090931032500060
2015110121300930524710060
2015110121300930524710060
2015110121351100626110060
2015110121362704201410060
2015110121360930117010060
2015110121380960251510060
2015110121431100626810060
2015110121430950945910060
2015110121450930422110060
2015110121471060712210060
2015110121470960655810060
2015110121470960655810060
2015110121470950949300060
2015110121470960251910060
2015110121470960251910060
2015110121470970364410060
2015110121470970364410060
2015110122000930117500060
2015110122000930116900060
2015110122001111232300060
2015110122000950745200060
2015110122000921213100060
2015110122000930525100060
2015110122000930118900060
2015110122000930524300060
2015110122001120333400060
2015110122000931032700060
2015110122000921211600060
2015110122001081218000060
2015110122001120634500060
2015110122000921213600060
2015110122000921213000060
2015110122001101228100060
2015110122001090621000060
2015110122000950948700060
2015110122001120333200060
2015110122001020604300060
2015110122010960352700060
2015110122010971266100060
2015110122010950947500060
2015110122010921212000060
2015110122010930117200060
2015110122021070714400060
2015110122030960251700060
2015110122030960251700060
2015110123341081117500060
2015110123341081117500060
2015110123340950543300060
2015110123340950543300060
2015110123341090419500060
2015110123341090419500060
2015110123341090419500060
2015110205361120735310060
2015110205371120735310060
2015110205381040407710060
2015110205390950948610060
2015110205391101228310060
2015110205391101228310060
2015110205390950948010060
2015110205430931031510060
2015110205430950946710060
2015110205430950946910060
2015110205440950745010060
2015110205451090318210060
2015110205451090318210060
2015110205460981203810060
2015110205484110201510060
2015110205500930524610060
2015110206000930422100060
2015110206001120333800060
2015110206001120333800060
2015110206000930118600060
2015110206000930118600060
2015110206000950945900060
2015110206001060711700060
2015110206001060110200060
2015110206000981203700060
2015110206000950949300060
2015110206002401201400060
2015110206000950946800060
2015110206000960251800060
2015110206000960655800060
2015110206011060712200060
2015110206012704201400060
2015110206011111232000060
2015110206011100626100060
2015110206011091123600060
2015110206010930117000060
2015110206010930117000060
2015110206020930524700060
2015110206020930524700060
2015110206021110830800060
2015110206020950662700060
2015110206020950662700060
2015110206021100626800060
2015110206020960251500060
2015110206031081117100060
2015110206040970364400060
2015110207090931233910060
2015110207090931233910060
2015110207111110329010060
2015110207200930827610060
2015110207231110329210060
2015110207261061213110060
2015110207260980366810060
2015110207270931030710060
2015110207271110328910060
2015110207271100124310060
2015110207271100124310060
2015110207271100124310060
2015110207271100124310060
2015110207291120232710060
2015110207291120232710060
2015110207301061212910060
2015110207301061212910060
2015110207310930114410060
2015110207310930115510060
2015110207321051009210060
2015110207321090721610060
2015110207331060611410060
2015110207341021005510060
2015110207351040107310060
2015110207362804201410060
2015110207371020303810060
2015110207380940535510060
2015110207390930115010060
2015110207390930115010060
2015110207390930928810060
2015110207390930524210060
2015110207400930115910060
2015110207400930421310060
2015110207410960151310060
2015110207410960151310060
2015110207410960655510060
2015110207410931133210060
2015110207411090419510060
2015110207411090419510060
2015110207421090418810060
2015110207431100727010060
2015110207431090418610060
2015110207431090418610060
2015110207440970965110060
2015110207441111031410060
2015110207441111031410060
2015110207440931030310060
2015110207440960856110060
2015110207441090721710060
2015110207440950542610060
2015110207452805201510060
2015110207461090419610060
2015110207460930523710060
2015110207460930523710060
2015110207461100626410060
2015110207461090419210060
2015110207460930115710060
2015110207460931030910060
2015110207460931233710060
2015110207471091223910060
2015110207470920605610060
2015110207490921213310060
2015110207501081117210060
2015110207500951049710060
2015110207500950543310060
2015110207500961056510060
2015110207511111131810060
2015110207510960454010060
2015110207510931032510060
2015110207520930827510060
2015110207521090520410060
2015110207521150437410060
2015110207530930421610060
2015110207530930421210060
2015110207570930320610060
2015110207590920605110060
2015110208001100626310060
