20151125093622025310080
20151125094422002210080
20151125095122017410080
20151125100022005900080
20151125100022018100080
20151125100022009000080
20151125100922006210080
20151125123722028400080
20151125123822001200080
20151125123822001210080
20151125133422004910080
20151125133522003310080
20151125133722016410080
20151125133822003510080
20151125133822005510080
20151125133922017510080
20151125133922005510080
20151125133922014410080
20151125134022021110080
20151125134122027610080
20151125134222025010080
20151125134222026810080
20151125134322004010080
20151125134322018710080
20151125134322010310080
20151125134322005010080
20151125134922026110080
20151125134922026910080
20151125135122014310080
20151125135222016010080
20151125160322024300080
20151125161222011600080
20151125161322001000080
20151125161322006100080
20151125161422019600080
20151125161522024600080
20151125161522008600080
20151125161522021900080
20151125161522024500080
20151125161622019800080
20151125161622017300080
20151125161622017300080
20151125161622020600080
20151125161722020400080
20151125161722026700080
20151125161722027300080
20151125161722001600080
20151125161822019700080
20151125170022012400080
20151125170022014100080
20151125170022025100080
20151125170022016800080
20151125170022028200080
20151125170022025400080
20151125170022013600080
20151125170022015500080
20151125170022004800080
20151125170022023700080
20151125170022026600080
20151125170022023900080
20151125170022022000080
20151125170022005300080
20151125170022003700080
20151125170022023100080
20151125170122014200080
20151125170122023300080
20151125170122005200080
20151125170122018500080
20151125170122002000080
20151125170222008700080
20151125170222023400080
20151125170222029300080
20151125170322028600080
20151125170322010500080
20151125170422023500080
20151125170722028100080
20151125170722005600080
20151125170922027900080
20151125170922008900080
20151125171622002610080
20151125171622002610080
20151125171622022500080
20151125172022006700080
20151125173022000600080
20151125173022017910080
20151125173022009300080
20151125173222028300080
20151125173322022200080
20151125174322025810080
20151125174322024210080
20151125174422027210080
20151125174422027010080
20151125175322016510080
20151125180022002800080
20151125180022026400080
20151125180522016600080
20151125180522005400080
20151125180522003900080
20151125180522025600080
20151125180622004400080
20151125183822003800080
20151125185422000500080
20151125190022020800080
20151125190022027700080
20151125190022011700080
20151125190122012700080
20151125190222028700080
20151125190222004500080
20151125190322020700080
20151125190322011300080
20151125190522000900080
20151125190722021300080
20151125190722021300080
20151125190822002400080
20151125191022009500080
20151125191122001700080
20151125191612036300080
20151125200022023600080
20151125200022027800080
20151125200022006400080
20151125200022029500080
20151125200022009200080
20151125200022024000080
20151125200022017700080
20151125200122005100080
20151125201122028500080
20151125201322000400080
20151125201822011000080
20151125202222014110080
20151125203322018800080
20151125212122000300080
20151125212622020210080
20151125212822012010080
20151125213222011510080
20151125213322010910080
20151125213322011110080
20151125213622009010080
20151125213722019910080
20151125213722005910080
20151125213922003110080
20151125213922004610080
20151125214122023810080
20151125214122018110080
20151125214122024410080
20151125214122017210080
20151125214222005710080
20151125214222025510080
20151125214222014510080
20151125214322003010080
20151125214422025710080
20151125214422027110080
20151125214422026010080
20151125214422025910080
20151125214722027410080
20151125220022021100080
20151125220022025000080
20151125220022005500080
20151125220022002200080
20151125220022006200080
20151125220022025300080
20151125220022004000080
20151125220022004900080
20151125220022010300080
20151125220022026100080
20151125220022026800080
20151125220022016400080
20151125220022005000080
20151125220022027600080
20151125220022018700080
20151125220022003500080
20151125220022017400080
20151125220022017500080
20151125220122026900080
20151125220222016000080
20151125220222024200080
20151125220322003300080
20151125221622027000080
20151125221622027000080
20151125221722025800080
20151125221722025800080
20151125221722016500080
20151125223022021600080
20151125231522019100080
20151126003022014100080
20151126010022014100080
20151126053222020310080
20151126053222012110080
20151126053222024810080
20151126053222002110080
20151126053222024710080
20151126053322021010080
20151126053322001510080
20151126053322026310080
20151126053422018010080
20151126053622026210080
20151126053722020910080
20151126053722002310080
20151126053722028010080
20151126053922010710080
20151126053922014610080
20151126053922024910080
20151126053922025210080
20151126053922026510080
20151126054022026510080
20151126054022007210080
20151126054522004310080
20151126054522008810080
20151126054522011910080
20151126054522021810080
20151126054622012810080
20151126054622027510080
20151126054822015910080
20151126055822007310080
20151126060022005900080
20151126060022002600080
20151126060022014500080
20151126060022010900080
20151126060022014400080
20151126060022024400080
20151126060022003100080
20151126060022014300080
20151126060022027400080
20151126060022025700080
20151126060022011100080
20151126060022005700080
20151126060022017900080
20151126060022009000080
20151126060022004600080
20151126060022018100080
20151126060022017200080
20151126060022025500080
20151126060022020200080
20151126060022023800080
20151126060022025900080
20151126060122027100080
20151126060122027200080
20151126060222003000080
20151126060422012000080
20151126071522028210080
20151126071522028210080
20151126071722003810080
20151126071822023210080
20151126072022000410080
20151126072322005610080
20151126072722000110080
20151126072822013610080
20151126072822021310080
20151126073122027710080
20151126073122023610080
20151126073122024010080
20151126073122014210080
20151126073112036310080
20151126073322028310080
20151126073422001710080
20151126073422028110080
20151126073522003710080
20151126073522009510080
20151126073522022210080
20151126073522004810080
20151126073522018810080
20151126073622027910080
20151126074022009210080
20151126074022023110080
20151126074122000510080
20151126074222023910080
20151126074522005310080
20151126074522028710080
20151126074622022610080
20151126074622008910080
20151126074622028510080
20151126074722020710080
20151126074822015510080
20151126074822020810080
20151126074822021610080
20151126074822000310080
20151126074822000910080
20151126074822005110080
20151126074822025110080
20151126074822023510080
20151126074822027810080
20151126074822016810080
20151126074922017710080
20151126074922008710080
20151126075222023410080
20151126075322028610080
20151126075322026610080
20151126075322023310080
20151126075322023710080
20151126075322006410080
20151126075322002410080
20151126075422019110080
20151126075422022510080
20151126075622019010080
20151126075822029310080
20151126075822006710080
20151126075922023010080
20151126080022009310080
20151126080022005210080
20151126080022002010080
20151126080022018510080
20151126080022022010080
20151126080122029510080
20151126080122012710080
20151126080122011710080
20151126080222000610080
20151126080222012410080
20151126080222011310080
2015112509381060712310070
2015112509460950949410070
2015112509480950543210070
2015112509480950543210070
2015112509510950945810070
2015112509510950945810070
2015112509511120735210070
2015112509581110830510070
2015112509591110830510070
2015112510010951050000070
2015112510231100927200070
2015112513350940837010070
2015112513380950542810070
2015112513380950542810070
2015112513427311201310070
2015112513430980366710070
2015112513451060210510070
2015112513480930524810070
2015112513480930524810070
2015112514012401201400070
2015112514020960353600070
2015112514020960353600070
2015112514020960352200070
2015112514020960251500070
2015112517000911102100070
2015112517000921211700070
2015112517000921211700070
2015112517000930929300070
2015112517000930929300070
2015112517000930727200070
2015112517001130436000070
2015112517001130436000070
2015112517000960454000070
2015112517001070714300070
2015112517000941038300070
2015112517000950644200070
2015112517011081117300070
2015112517010930928800070
2015112517011100626300070
2015112517011100626300070
2015112517011090621100070
2015112517010930428000070
2015112517010930524200070
2015112517010930524200070
2015112517010960151300070
2015112517010950662800070
2015112517010940736000070
2015112517010940736000070
2015112517020930421400070
2015112517020930115700070
2015112517020931233800070
2015112517020931030600070
2015112517020930422300070
2015112517021090419500070
2015112517020931030700070
2015112517030950663000070
2015112517031140836800070
2015112517030930116000070
2015112517030930115000070
2015112517030930115000070
2015112517041090621300070
2015112517040960252100070
2015112517040930117400070
2015112517050921213310070
2015112517050921213300070
2015112517050921213300070
2015112517050931133200070
2015112517050960151100070
2015112517051090418800070
2015112517060940836700070
2015112517060930320300070
2015112517061020303800070
2015112517060950744600070
2015112517060930626000070
2015112517060921212800070
2015112517070940535500070
2015112517071100224400070
2015112517070960655500070
2015112517080930929700070
2015112517080930929700070
2015112517080950543100070
2015112517080930219900070
2015112517101090822200070
2015112517101090822200070
2015112517100941138900070
2015112517120930928500070
2015112517120930525200070
2015112517131020905000070
2015112517160930422200070
2015112517180961056500070
2015112517230921213700070
2015112517241140636700070
2015112517241140636700070
2015112517241100425200070
2015112517241100425200070
2015112517251120634310070
2015112517251120634310070
2015112517271090620610070
2015112517281061212900070
2015112517281120634610070
2015112517290930119010070
2015112517290941239710070
2015112517291100425100070
2015112517301060712010070
2015112517301110629910070
2015112517301110629910070
2015112517350950662910070
2015112517350950662910070
2015112517350950947710070
2015112517350950947710070
2015112517360950948410070
2015112517440930116310070
2015112517450930116310070
2015112517471110629610070
2015112517501111232110070
2015112517501111232110070
2015112518011110830800070
2015112518011110830800070
2015112518011110830800070
2015112518020931030200070
2015112518050940837300070
2015112518050940837300070
2015112518060950946800070
2015112518060950946800070
2015112518061120333800070
2015112518061120333800070
2015112518111080315000070
2015112518140920604200070
2015112518181100626100070
2015112518410931233900070
2015112518410931233900070
2015112519191090419310070
2015112519530920604500070
2015112520041090419400070
2015112520041150337100070
2015112520041130335800070
2015112520040930114500070
2015112520040930114500070
2015112520040930114400070
2015112521250950663210070
2015112521311040407710070
2015112521320950947610070
2015112521330941239410070
2015112521361051109610070
2015112521370951050010070
2015112521380950948010070
2015112521380930929010070
2015112521411120333710070
2015112521411091223900070
2015112521411150337200070
2015112521420940735910070
2015112521430950745010070
2015112521451060711910070
2015112521470930928310070
2015112521470930928310070
2015112521481110629810070
2015112521481110629810070
2015112522020931031600070
2015112522021060210500070
2015112522020940837000070
2015112522020930524800070
2015112522030930524800070
2015112605280960251710070
2015112605322401201410070
2015112605330950662710070
2015112605330950662710070
2015112605341120333410070
2015112605350921213610070
2015112605350960352710070
2015112605380921211610070
2015112605380950949010070
2015112605380930118910070
2015112605391120333210070
2015112605391101228110070
2015112605390921212010070
2015112605390921212010070
2015112605410950947510070
2015112605431081217910070
2015112605430930116910070
2015112605470950946610070
2015112605470940837410070
2015112605470950948710070
2015112605470950948710070
2015112606000950947700070
2015112606000950947700070
2015112606010940735900070
2015112606011040407700070
2015112606020950663200070
2015112606020930119000070
2015112606021051109600070
2015112606190930525210070
2015112606480931233810070
2015112607160930827610070
2015112607181130436010070
2015112607220950744610070
2015112607301081016810070
2015112607300930524210070
2015112607301081117210070
2015112607311061212910070
2015112607311061212910070
2015112607311100425110070
2015112607310930662310070
2015112607320930116410070
2015112607331150337210070
2015112607331090419910070
2015112607330930219910070
2015112607341111031310070
2015112607350930428010070
2015112607361100425210070
2015112607361100425210070
2015112607360930320310070
2015112607370930827410070
2015112607371090822210070
2015112607372805201510070
2015112607372805201510070
2015112607370960151110070
2015112607381111131610070
2015112607381090419510070
2015112607380940836710070
2015112607380940736010070
2015112607380940736010070
2015112607381090419010070
2015112607381011002910070
2015112607391120835410070
2015112607391091223910070
2015112607400931234410070
2015112607410950542610070
2015112607410941038310070
2015112607410930116010070
2015112607411020905010070
2015112607420950662210070
2015112607420950662210070
2015112607430921213710070
2015112607430930422310070
2015112607430930422210070
2015112607430930626010070
2015112607441090418710070
2015112607440931030310070
2015112607441140636710070
2015112607441140636710070
2015112607450931031010070
2015112607450921212810070
2015112607460930928510070
2015112607461090822110070
2015112607471100727010070
2015112607481100626410070
2015112607480930115910070
2015112607500930320610070
2015112607500951150410070
2015112607501100224410070
2015112607520941258510070
2015112607531081117510070
2015112607541100626610070
2015112607540931031210070
2015112607540921213310070
2015112607540921213310070
2015112607540920605110070
2015112607550930727210070
2015112607550930727210070
2015112607550920604510070
2015112607571020303710070
2015112607571100425910070
2015112607570950543110070
2015112607581021005610070
2015112607591140836810070
2015112607590960151310070
2015112607590930115710070
2015112607590950663010070
2015112607591150437410070
2015112607590930117410070
2015112607590931233710070
2015112607591090621110070
2015112607590931030910070
2015112608000930929710070
2015112608000950644210070
2015112608090931234110070
2015112608110950662810070
2015112509401120634810060
2015112509401120634810060
2015112509401060711810060
2015112509480950946510060
2015112509480950946310060
2015112509480950946310060
2015112509500950543210060
2015112509500950543210060
2015112509521111232210060
2015112510010950947600060
2015112510014110201500060
2015112510010950948000060
2015112510011120634400060
2015112510011120634400060
2015112510020950946900060
2015112510020950946900060
2015112510020981203800060
2015112510020981203800060
2015112510020930928300060
2015112510020930928300060
2015112510030941239400060
2015112510030941239400060
2015112510061120333700060
2015112510061081217700060
2015112510061060711900060
2015112513430960655910060
2015112513430931031610060
2015112513447311201310060
2015112513500930524810060
2015112513500930524810060
2015112514002704201400060
2015112514002704201400060
2015112514001100626800060
2015112514010930524700060
2015112514010930524700060
2015112514021081117100060
2015112514021081117100060
2015112514040960251500060
2015112514050970364400060
2015112514050970364400060
2015112517012805201500060
2015112517012805201500060
2015112517020911102100060
2015112517020911102100060
2015112517030931233700060
2015112517031090621100060
2015112517030941038600060
2015112517030941038600060
2015112517031090419600060
2015112517040930827500060
2015112517041090419500060
2015112517040931030600060
2015112517040980366800060
2015112517041120333100060
2015112517040931030700060
2015112517040931030900060
2015112517041100124300060
2015112517041100124300060
2015112517051100124300060
2015112517051081117200060
2015112517051011002900060
2015112517050951049700060
2015112517051140836800060
2015112517061090721700060
2015112517061090721700060
2015112517060960555300060
2015112517061090621300060
2015112517060931234000060
2015112517060931032500060
2015112517061090922700060
2015112517060981267700060
2015112517060981267700060
2015112517060940735700060
2015112517060970965100060
2015112517060930320600060
2015112517060930523700060
2015112517060930523700060
2015112517060930115500060
2015112517071100626400060
2015112517071120434000060
2015112517071090418500060
2015112517071081117500060
2015112517070960151100060
2015112517070950542600060
2015112517071051009200060
2015112517081090418800060
2015112517081111131800060
2015112517081150437400060
2015112517081061213100060
2015112517080930827600060
2015112517080930827600060
2015112517081090721600060
2015112517080921212800060
2015112517080931030300060
2015112517080931234400060
2015112517081090520100060
2015112517082804201400060
2015112517100930219900060
2015112517100930421600060
2015112517151100425900060
2015112517201110329200060
2015112517200961056500060
2015112517201120232700060
2015112517201090419000060
2015112517221100727000060
2015112517221100727000060
2015112517251081016100060
2015112517280930219800060
2015112517291090620610060
2015112517301090520400060
2015112517310950543300060
2015112517310930421300060
2015112517320930115900060
2015112517320930115900060
2015112517320921212310060
2015112517370940836400060
2015112517390931030510060
2015112517390931030510060
2015112517411120735310060
2015112517411120735310060
2015112517431090318210060
2015112517431090318210060
2015112517430950948610060
2015112517481101228310060
2015112517481101228310060
2015112517480930118110060
2015112517480930118110060
2015112517520941258500060
2015112517561110328900060
2015112518001091123600060
2015112518000950949300060
2015112518000981203700060
2015112518001100425500060
2015112518000950945900060
2015112518001060110200060
2015112518001060711700060
2015112518040930117000060
2015112518040930117000060
2015112518070960251800060
2015112518080930118600060
2015112518080930118600060
2015112518080921211100060
2015112518080930422100060
2015112518081100425600060
2015112518081060712200060
2015112518081060712200060
2015112518080960251900060
2015112518080960251900060
2015112518131090419900060
2015112518491111031300060
2015112519161120835400060
2015112519160931234100060
2015112519220920605100060
2015112519470960151200060
2015112520031111031400060
2015112520031111031400060
2015112520031111031400060
2015112520061090419400060
2015112520061150337100060
2015112520061090418700060
2015112521320930827400060
2015112521320930827400060
2015112521331040407710060
2015112521431091223900060
2015112521431150337200060
2015112521450950745010060
2015112521470931031510060
2015112521470950946910060
2015112521470950946910060
2015112521471100927210060
2015112521481081217710060
2015112521481081217710060
2015112521490930524610060
2015112521504110201510060
2015112521500981203810060
2015112521500981203810060
2015112522001060712300060
2015112522001060712300060
2015112522001120634800060
2015112522001120634800060
2015112522001111232200060
2015112522000950946500060
2015112522000950946300060
2015112522000950946300060
2015112522001120735200060
2015112522001060711800060
2015112522001110830500060
2015112522010950949400060
2015112522010950945800060
2015112522010950945800060
2015112522011110328800060
2015112522011110328800060
2015112522020980366700060
2015112522020950543200060
2015112522020950543200060
2015112522020950542800060
2015112522020950542800060
2015112522020960453800060
2015112522020960453800060
2015112522050930524800060
2015112522050930524800060
2015112522050930524800060
2015112522050930524800060
2015112522441110830900060
2015112522441110830900060
2015112605350921213110060
2015112605350921213110060
2015112605360921213010060
2015112605371081218010060
2015112605370960352710060
2015112605380950745210060
2015112605430950947510060
2015112605450930117210060
2015112605461090318410060
2015112605460971266110060
2015112605501020604310060
2015112605501111232310060
2015112605501090621010060
2015112605510930525110060
2015112605510930525110060
2015112606000950948400060
2015112606001110629600060
2015112606001110629900060
2015112606001110629900060
2015112606000921212300060
2015112606000921212300060
2015112606000950948600060
2015112606001120634300060
2015112606001120634300060
2015112606001120634600060
2015112606001090620600060
2015112606001090620600060
2015112606001111232100060
2015112606001111232100060
2015112606000931030500060
2015112606000960655900060
2015112606001090318200060
2015112606001120735300060
2015112606011120735300060
2015112606010950745000060
2015112606020930524600060
2015112606021101228300060
2015112606021101228300060
2015112606021110629800060
2015112606021110629800060
2015112606030941239700060
2015112606030950662900060
2015112606030950662900060
2015112606030930118100060
2015112606030930118100060
2015112606031040407700060
2015112606040950946700060
2015112606041060712000060
2015112606050930929000060
2015112606060931031500060
2015112607091110329010060
2015112607101110328910060
2015112607180930827610060
2015112607201130436010060
2015112607270960150910060
2015112607270960150910060
2015112607270960150910060
2015112607281140436710060
2015112607320931234010060
2015112607320930421410060
2015112607321120232710060
2015112607331150337110060
2015112607331060611410060
2015112607330930662310060
2015112607351120434010060
2015112607351090418510060
2015112607352804201410060
2015112607350971165510060
2015112607350980366810060
2015112607351080315010060
2015112607351100124310060
2015112607351100124310060
2015112607351110329210060
2015112607351051009210060
2015112607370930114410060
2015112607371021005510060
2015112607380931233910060
2015112607390930115510060
2015112607400930115010060
2015112607400930115010060
2015112607401061213110060
2015112607401090419510060
2015112607401040107310060
2015112607401070714310060
2015112607420931133210060
2015112607421090419610060
2015112607420960151210060
2015112607450930421310060
2015112607450930422310060
2015112607450961056510060
2015112607451090418610060
2015112607451090418610060
2015112607451090418610060
2015112607460970965110060
2015112607460940735710060
2015112607461111031410060
2015112607470951049710060
2015112607470951049710060
2015112607470930421610060
2015112607470960555310060
2015112607491100727010060
2015112607500930421210060
2015112607501090419210060
2015112607510930115910060
2015112607510920604310060
2015112607561090721710060
2015112607561090721710060
2015112607560931032510060
2015112607581060812410060
2015112608000931133510060
2015112608001090418810060
2015112608011140836810060
