20151225091822008610080
20151225092222026410080
20151225092822001610080
20151225093222019710080
20151225093722006410080
20151225093722026710080
20151225093722024510080
20151225093722001010080
20151225093822027310080
20151225093822025410080
20151225094322009110080
20151225094522011610080
20151225094922020610080
20151225095422020410080
20151225095422020410080
20151225100222004000080
20151225100222003500080
20151225100422024200080
20151225133522006110080
20151225133522025610080
20151225133522004410080
20151225134022003910080
20151225134722005410080
20151225134722019810080
20151225134822019610080
20151225134822019610080
20151225135222024310080
20151225140022004300080
20151225140022026200080
20151225140122026200080
20151225140122021000080
20151225140122003200080
20151225140222021800080
20151225140222021800080
20151225140222002300080
20151225140222024800080
20151225140222026300080
20151225140322027500080
20151225140322014600080
20151225140522007300080
20151225140522026500080
20151225140522026500080
20151225140622008800080
20151225140622007200080
20151225170022018500080
20151225170122009200080
20151225170422012700080
20151225170722024000080
20151225171622008900080
20151225173622002810080
20151225173622021910080
20151225174022024610080
20151225174522016610080
20151225174722027610080
20151225174722018210080
20151225174822004710080
20151225175722017310080
20151225175722017310080
20151225175722017310080
20151225175722026910080
20151225180022006400080
20151225180022002100080
20151225180022020300080
20151225180022024700080
20151225180022025200080
20151225180022010700080
20151225180022020900080
20151225180222018000080
20151225180322015900080
20151225180422012100080
20151225180622028000080
20151225180622028000080
20151225182522012800080
20151225213522016410080
20151225213622003310080
20151225213622004910080
20151225213722005510080
20151225213722003510080
20151225213722018710080
20151225214522024210080
20151225214522017510080
20151225214722004010080
20151225214722014310080
20151225214722026810080
20151225214722025810080
20151225214822010310080
20151225214822005010080
20151225214822005010080
20151225215222016510080
20151225215222006210080
20151225215322026110080
20151225215322025310080
20151225220022024300080
20151225220022024300080
20151225220022026400080
20151225220022003900080
20151225220022027300080
20151225220022019600080
20151225220022019600080
20151225220022001000080
20151225220022019800080
20151225220022025400080
20151225220022006100080
20151225220022020600080
20151225220122019700080
20151225220122004400080
20151225220122024500080
20151225220122001600080
20151225220222020400080
20151225220222020400080
20151225220222017300080
20151225220222017300080
20151225220422008600080
20151225220522026700080
20151225220622009100080
20151225220722011600080
20151226053222026010080
20151226053222025910080
20151226053222025710080
20151226053422003010080
20151226053722011110080
20151226053722012010080
20151226053722020210080
20151226053722023810080
20151226053722017210080
20151226053722024410080
20151226053722018110080
20151226053822010910080
20151226054122009010080
20151226054222004610080
20151226054222005910080
20151226054222019910080
20151226054322005710080
20151226054522012210080
20151226054722027110080
20151226055122027410080
20151226055122025510080
20151226055222021510080
20151226060022016400080
20151226060022004000080
20151226060022005000080
20151226060022006200080
20151226060022024200080
20151226060022016600080
20151226060022003300080
20151226060022005400080
20151226060022025600080
20151226060022017500080
20151226060022021900080
20151226060022026100080
20151226060022027600080
20151226060022026800080
20151226060022002800080
20151226060222004700080
20151226060222004900080
20151226060222014300080
20151226060322025800080
20151226060322025800080
20151226060422024600080
20151226060522018200080
20151226060822026900080
20151226062122016500080
20151226072922018510080
20151226072922023410080
20151226072922027910080
20151226073822005210080
20151226073922003710080
20151226074222028310080
20151226074722014210080
20151226074822005110080
20151226075322027810080
20151226075322027710080
20151226075722021310080
20151226075722021310080
20151226080722028510080
2015122509491100626810070
2015122509551060712210070
2015122509551111232010070
2015122509560960251910070
2015122509560960251910070
2015122510000950543200070
2015122510000950543200070
2015122510001120634600070
2015122510001120634600070
2015122510000950945800070
2015122510000950945800070
2015122510000950945800070
2015122512341110629800070
2015122512341110629800070
2015122513320930118610070
2015122513320930118610070
2015122513330931030210070
2015122513331060711710070
2015122513340950946810070
2015122513410940837310070
2015122513420960655510070
2015122513421120333810070
2015122513421120333810070
2015122513441110830810070
2015122513441110830810070
2015122513441100425510070
2015122513440930422110070
2015122513481110830610070
2015122513481100425910070
2015122513571100425610070
2015122514000930525100070
2015122514000930525100070
2015122514000930116900070
2015122514000921213600070
2015122514000930118900070
2015122514000930524300070
2015122514000950948700070
2015122514000950662700070
2015122514000931032700070
2015122514001090621000070
2015122514001090621000070
2015122514001101228100070
2015122514001081218000070
2015122514000950745200070
2015122514000960352700070
2015122514001020604300070
2015122514020960251700070
2015122514020960251700070
2015122514051060210500070
2015122514050940837000070
2015122514050940837000070
2015122514050960453800070
2015122514050960453800070
2015122517000930928500070
2015122517000930929300070
2015122517000930929300070
2015122517000940736000070
2015122517000940736000070
2015122517000940736000070
2015122517010930428000070
2015122517010930827400070
2015122517010930827400070
2015122517331090620610070
2015122517370971266100070
2015122517430950946510070
2015122517452704201410070
2015122517550960655910070
2015122518000921213100070
2015122518000921213100070
2015122518000921213000070
2015122518000950949000070
2015122518000921211600070
2015122518000921212000070
2015122518000921212000070
2015122518000930117500070
2015122518001111232300070
2015122518001081217900070
2015122518001120333400070
2015122518000950947500070
2015122518000950947500070
2015122518030930117200070
2015122521270950543210070
2015122521270950543210070
2015122521360950663110070
2015122521360950663110070
2015122521370980366710070
2015122521380930118110070
2015122521380930118110070
2015122521420930524810070
2015122521420930524810070
2015122521420950946310070
2015122521421120634810070
2015122521420950945810070
2015122521420950945810070
2015122521420950945810070
2015122521430941239710070
2015122521430950949410070
2015122521460941038710070
2015122521471120634610070
2015122521510931030510070
2015122521510931030510070
2015122521521110328810070
2015122521541120735210070
2015122522000930118600070
2015122522000930118600070
2015122522000960655800070
2015122522000930422100070
2015122522001120333100070
2015122522000970364400070
2015122522000970364400070
2015122522000940837400070
2015122522000940837400070
2015122522000950949300070
2015122522001100425500070
2015122522001111232000070
2015122522001060712200070
2015122522001111232000070
2015122522000941038600070
2015122522000941038600070
2015122522000941038600070
2015122522000940837300070
2015122522000960251900070
2015122522000960251900070
2015122522001110830800070
2015122522001110830600070
2015122522000931030200070
2015122522011120333800070
2015122522010950946800070
2015122522011060711700070
2015122522011100626800070
2015122522030960655500070
2015122605310950663210070
2015122605340930119010070
2015122605340950947610070
2015122605351060712010070
2015122605351040407710070
2015122605381051109610070
2015122605380941239410070
2015122605401110629910070
2015122605401110629910070
2015122605410940735910070
2015122605420950662910070
2015122605420950662910070
2015122605420950948010070
2015122605420951050010070
2015122605440930116310070
2015122605450930116310070
2015122605541120333710070
2015122606000950949400070
2015122606001110629800070
2015122606001110629800070
2015122606000941239700070
2015122606001110830500070
2015122606001120634300070
2015122606001120634300070
2015122606002704201400070
2015122606001090620600070
2015122606010950663100070
2015122606010950663100070
2015122606011120634600070
2015122606011110328800070
2015122606011110328800070
2015122606010930117000070
2015122606010930117000070
2015122606010980366700070
2015122606020930118100070
2015122606020930118100070
2015122606030950946500070
2015122606041100626100070
2015122606070930524800070
2015122606070930524800070
2015122606070930524800070
2015122607261081117110070
2015122607271081117110070
2015122607310930524710070
2015122607310930524710070
2015122607330930827610070
2015122607330930827610070
2015122607360940736010070
2015122607360940736010070
2015122607441090419010070
2015122607450930928810070
2015122607502805201510070
2015122607502805201510070
2015122607570950543110070
2015122513300960251510060
2015122513380941038610060
2015122513380941038610060
2015122513400950949310060
2015122517320930117010060
2015122517321090620610060
2015122517350921212310060
2015122517440960655810060
2015122517440960655810060
2015122517442704201410060
2015122517591091123610060
2015122517591110830510060
2015122518020960454000060
2015122520100921211700060
2015122521260950543210060
2015122521260950543210060
2015122521360950542810060
2015122521360950542810060
2015122521410930524810060
2015122521410930524810060
2015122521421060210510060
2015122521431111232210060
2015122521441120634310060
2015122521441120634310060
2015122521521110328810060
2015122521521060712310060
2015122521590960453810060
2015122521590960453810060
2015122521591111232000060
2015122521590941038600060
2015122522000960251500060
2015122522001100425600060
2015122605340950948610060
2015122605341040407710060
2015122605380930929010060
2015122605410950745010060
2015122605421081217710060
2015122605421081217710060
2015122605441120735310060
2015122605441120735310060
2015122605440931031510060
2015122605470930524610060
2015122605491090318210060
2015122605491090318210060
2015122605494110201510060
2015122605494110201510060
2015122606001090620600060
2015122606000960655900060
2015122606020921212300060
2015122606030950542800060
2015122606030950542800060
2015122606070930524800060
2015122606070930524800060
2015122606070930524800060
2015122606121100425900060
2015122607300930929310060
2015122607300930929310060
2015122607321081117510060
2015122607321081117510060
2015122607350960353610060
2015122607350960353610060
2015122607351060812410060
2015122607400930421410060
2015122607401090721710060
2015122607401090721710060
