20151031094922021810080
20151031095922015910080
20151031100022016500080
20151031100222016000080
20151031100322024910080
20151031100722027600080
20151031100722027600080
20151031122822020810080
20151031124022000100080
20151031132922028010080
20151031132922027510080
20151031133822002310080
20151031133922026310080
20151031134322026510080
20151031134322026510080
20151031134322025210080
20151031134322004310080
20151031134322010710080
20151031134322002110080
20151031134322014610080
20151031134422001510080
20151031134422021010080
20151031134722003210080
20151031135022007310080
20151031135022018010080
20151031135522011910080
20151031140022012200080
20151031140022021500080
20151031140022005900080
20151031140022011100080
20151031140022018100080
20151031140022025500080
20151031140122005700080
20151031140222020310080
20151031140222012110080
20151031140222024710080
20151031140222017200080
20151031140222009000080
20151031140322003100080
20151031140322010900080
20151031140322019900080
20151031140422027100080
20151031140422026000080
20151031140622003000080
20151031140822020200080
20151031141622023800080
20151031170022028300080
20151031170022003700080
20151031170022022000080
20151031170022018500080
20151031170222023100080
20151031170222006400080
20151031170322027800080
20151031170622024000080
20151031171922011610080
20151031172022008610080
20151031173022005410080
20151031173122019710080
20151031173222019810080
20151031173722026410080
20151031173722026210080
20151031174722017310080
20151031174722017310080
20151031175322024810080
20151031175322004410080
20151031180022002600080
20151031180022024400080
20151031180022011500080
20151031180022014500080
20151031180022027200080
20151031180022027400080
20151031180022025900080
20151031180122018700080
20151031191422020800080
20151031213722025410080
20151031213822021910080
20151031213922020610080
20151031214022020410080
20151031214022009110080
20151031214022019610080
20151031214022027310080
20151031214122006110080
20151031214122024610080
20151031214122016610080
20151031214122025610080
20151031214222001610080
20151031214422026710080
20151031214422024510080
20151031214722004710080
20151031214722001010080
20151031214722002810080
20151031214922018210080
20151031215322024310080
20151031220022010700080
20151031220022024900080
20151031220022012100080
20151031220022020300080
20151031220022011900080
20151031220022021000080
20151031220022021800080
20151031220022014600080
20151031220022025200080
20151031220022025200080
20151031220122001500080
20151031220122024700080
20151031220122026500080
20151031220122026500080
20151031220222002300080
20151031220222018000080
20151031220222028000080
20151031220222004300080
20151031220222007300080
20151031220222002100080
20151031220322027500080
20151031220422015900080
20151031220422003200080
20151101053022020210080
20151101053422003010080
20151101053522018710080
20151101053522011510080
20151101053522011110080
20151101053622026010080
20151101053722025910080
20151101053722027110080
20151101053722010910080
20151101053922014510080
20151101054022009010080
20151101054022017210080
20151101054022023810080
20151101054022012010080
20151101054022005910080
20151101054022018110080
20151101054022019910080
20151101054022002610080
20151101054122025510080
20151101054322012210080
20151101054622027410080
20151101054822003110080
20151101054822004610080
20151101060022001000080
20151101060022026300080
20151101060022026400080
20151101060022019800080
20151101060022020600080
20151101060022021900080
20151101060022027300080
20151101060022009100080
20151101060022011600080
20151101060022016600080
20151101060022026200080
20151101060022020400080
20151101060022008600080
20151101060022004700080
20151101060022005400080
20151101060022002800080
20151101060122006100080
20151101060122006100080
20151101060122017300080
20151101060122017300080
20151101060122019700080
20151101060122024600080
20151101060122025600080
20151101060222024800080
20151101060222018200080
20151101060322001600080
20151101060322024500080
20151101060322004400080
20151101061022021510080
20151101074022012710080
20151101074022005110080
20151101074022002010080
20151101074222004510080
20151101075222027710080
20151101075322005600080
20151101075322005610080
20151101075322005610080
20151101075822028110080
2015103109340950644210070
2015103109350930524310070
2015103109560921213110070
2015103109560921213110070
2015103110171110830500070
2015103110250930118100070
2015103110250930118100070
2015103110250930118100070
2015103112350950948710070
2015103112350950948710070
2015103113110950644200070
2015103113400930118910070
2015103113400930116910070
2015103113400921213610070
2015103113410960352710070
2015103113410971266110070
2015103113410921212010070
2015103113410921212010070
2015103113420950946610070
2015103113440940837410070
2015103113440940837410070
2015103113560921213010070
2015103114000950663200070
2015103114000940735900070
2015103116040930928400070
2015103116111111031300070
2015103116111111031300070
2015103116111111031300070
2015103117000931234000070
2015103117000931234000070
2015103117000930115600070
2015103117000930115600070
2015103117031060812400070
2015103117031090418800070
2015103117100931030600070
2015103117110960655500070
2015103117110960655500070
2015103117280950662710070
2015103117370960251910070
2015103117370960251910070
2015103117451091123610070
2015103117451091123610070
2015103117501100425510070
2015103117511111232010070
2015103117520950946810070
2015103117531120333810070
2015103117531120333810070
2015103118020950361200070
2015103118051051109600070
2015103119000930928500070
2015103119000930928500070
2015103120010930929700070
2015103120010930929700070
2015103120010930827400070
2015103121320960352210070
2015103121320960352210070
2015103121340931030210070
2015103121351060711710070
2015103121390930118610070
2015103121390930118610070
2015103121401081117110070
2015103121412704201410070
2015103121440960251810070
2015103121451060712210070
2015103121450950949310070
2015103121461100425610070
2015103121470921211110070
2015103121470930422110070
2015103122010940837400070
2015103122010940837400070
2015103122010930117200070
2015103122020950946600070
2015103122020950946600070
2015103122020960251700070
2015103122020960251700070
2015103122321090419500070
2015103122321090419500070
2015110100050930827500070
2015110105301060712010070
2015110105300930119010070
2015110105340950947610070
2015110105340950662910070
2015110105340950662910070
2015110105340950663210070
2015110105340940735910070
2015110105361051109610070
2015110105360951050010070
2015110105370950948410070
2015110105380950745010070
2015110105411120333710070
2015110105421110629610070
2015110105480930929010070
2015110105540950662810070
2015110106090960352200070
2015110107380930524210070
2015110107400930928510070
2015110107400930928510070
2015110107431090419510070
2015110107431090419510070
2015110107531130436010070
2015110108131120835410070
2015103109360930117210060
2015103110000950543200060
2015103110000950543200060
2015103110000950947700060
2015103110000950947700060
2015103110561090418810060
2015103113190931030300060
2015103113400950947510060
2015103113400950947510060
2015103113411120333210060
2015103113411120333210060
2015103113411120333210060
2015103113430950745210060
2015103113430930525110060
2015103113440930117510060
2015103113440930117510060
2015103113450921211610060
2015103113461090621010060
2015103113461120634510060
2015103113491081218010060
2015103113571101228110060
2015103113571101228110060
2015103114000950947600060
2015103114000981203800060
2015103114001110629900060
2015103114001120333700060
2015103114001060711900060
2015103114000950946900060
2015103114000950946900060
2015103114001081217700060
2015103114001081217700060
2015103114011060712000060
2015103114011090318200060
2015103114011090318200060
2015103114011040407700060
2015103114010950745000060
2015103114011120634400060
2015103114011120634400060
2015103114010941239400060
2015103114010941239400060
2015103114020930524600060
2015103114020950946700060
2015103114020950946700060
2015103114034110201500060
2015103114040931031500060
2015103114040960453800060
2015103114040960453800060
2015103114040950948000060
2015103115321140436700060
2015103116050930928400060
2015103116200960151100060
2015103116200960151100060
2015103117002805201500060
2015103117002805201500060
2015103117021081117200060
2015103117030930523700060
2015103117030930523700060
2015103117030960353600060
2015103117030960353600060
2015103117051060611400060
2015103117050930928300060
2015103117050930928300060
2015103117051090418700060
2015103117051090418800060
2015103117120931030600060
2015103117300981203710060
2015103117310930117010060
2015103117331020604310060
2015103117550930115000060
2015103117550930115000060
2015103118001110629600060
2015103118000950662900060
2015103118000950662900060
2015103118021100927200060
2015103118021100927200060
2015103118020950948400060
2015103118031120735300060
2015103118031120735300060
2015103118031101228300060
2015103118030930929000060
2015103120030930827400060
2015103120030930827400060
2015103121320950945910060
2015103121380930524710060
2015103121380930524710060
2015103121432704201410060
2015103121430960251510060
2015103121481100626110060
2015103121492401201410060
2015103121490970364410060
2015103121491120333110060
2015103121490960655810060
2015103121490960655810060
2015103122000930525100060
2015103122000921211600060
2015103122000930116900060
2015103122000921213100060
2015103122001120333200060
2015103122000950745200060
2015103122000930118900060
2015103122000950948700060
2015103122000950947500060
2015103122000931032700060
2015103122000921212000060
2015103122000950947500060
2015103122010971266100060
2015103122020930117500060
2015103122020930117500060
2015103122021111232300060
2015103122020921213600060
2015103122021090621000060
2015103122021081218000060
2015103122021120634500060
2015103122030930524300060
2015103122131101228100060
2015103122131101228100060
2015103122320950543300060
2015103122320950543300060
2015103122341090419500060
2015103122341090419500060
2015103122411081117500060
2015110100070930827500060
2015110105361040407710060
2015110105361120735310060
2015110105371120735310060
2015110105370931031510060
2015110105411090318210060
2015110105411090318210060
2015110105410981203810060
2015110105410981203810060
2015110105431101228310060
2015110105431060711910060
2015110105444110201510060
2015110105440950946910060
2015110105460930524610060
2015110105560950662810060
2015110106000950946800060
2015110106000930422100060
2015110106001100425600060
2015110106000981203700060
2015110106001111232000060
2015110106001100626100060
2015110106000921213000060
2015110106000970364400060
2015110106000921211100060
2015110106001100425500060
2015110106002704201400060
2015110106001060110200060
2015110106011020604300060
2015110106010950662700060
2015110106010960352700060
2015110106011120333800060
2015110106011120333800060
2015110106011091123600060
2015110106011091123600060
2015110106010960251900060
2015110106010960251900060
2015110106020930117000060
2015110106020930117000060
2015110106020930524700060
2015110106020930524700060
2015110106020950949300060
2015110106031081117100060
2015110106577311201310060
2015110106577311201310060
2015110106577311201310060
2015110107400930524210060
2015110107430930929310060
2015110107450950543310060
2015110107450950543310060
2015110107451090419510060
2015110107451090419510060
2015110107541081117510060
