20151231094022025810080
20151231094722017510080
20151231094822016410080
20151231094822003510080
20151231094922004910080
20151231095022004910080
20151231095022019610080
20151231100022002100080
20151231100122012800080
20151231100222025200080
20151231100322025200080
20151231100322025200080
20151231100422015900080
20151231102422016510080
20151231132022018800080
20151231133422005510080
20151231133522025310080
20151231133722027010080
20151231133922004010080
20151231134222027610080
20151231134222018710080
20151231134222021110080
20151231134222003310080
20151231135222026810080
20151231135922022500080
20151231140022021900080
20151231140022004700080
20151231140022011600080
20151231140022024500080
20151231140022001000080
20151231140022026110080
20151231140122026700080
20151231140222003900080
20151231140222026400080
20151231140222024600080
20151231140222027300080
20151231140322019600080
20151231140422018200080
20151231170022009200080
20151231170022021300080
20151231170022021300080
20151231170022014100080
20151231170122018500080
20151231170222013600080
20151231170222005300080
20151231170222004800080
20151231170322011700080
20151231170322023200080
20151231170322006700080
20151231170322023100080
20151231170322022200080
20151231170322028600080
20151231170322028400080
20151231170422023300080
20151231170422023900080
20151231170422023500080
20151231170422029300080
20151231170422029500080
20151231170522004500080
20151231170522028700080
20151231170622023700080
20151231170622023400080
20151231170922020700080
20151231170922028500080
20151231170922019000080
20151231170922028300080
20151231171222021600080
20151231171322027900080
20151231172222008700080
20151231172522019100080
20151231172822025510080
20151231173622001700080
20151231173922024410080
20151231174222023810080
20151231174222024210080
20151231174322009010080
20151231174322011510080
20151231174522021510080
20151231174522021510080
20151231174622012010080
20151231175722026010080
20151231180022025600080
20151231180022024300080
20151231180022025400080
20151231180022020600080
20151231180022005400080
20151231180022019800080
20151231180022005710080
20151231180122004400080
20151231180222006100080
20151231180322000500080
20151231180422009100080
20151231181022025710080
20151231182022002400080
20151231185222009500080
20151231185922003800080
20151231190022020800080
20151231200022012700080
20151231200022003700080
20151231200222028100080
20151231210022005600080
20151231210022002000080
20151231210022005600080
20151231210022028200080
20151231212322003010080
20151231212622027210080
20151231213822017210080
20151231213822002610080
20151231213822020210080
20151231213922005910080
20151231213922011110080
20151231214122010910080
20151231214422003110080
20151231214422014510080
20151231215122012210080
20151231215522025910080
20151231215522027110080
20151231220022017500080
20151231220022021100080
20151231220022003500080
20151231220022005500080
20151231220022018700080
20151231220022004900080
20151231220022026100080
20151231220022025800080
20151231220122027600080
20151231220122003300080
20151231220122025300080
20151231220122025300080
20151231220122025300080
20151231220222027000080
20151231220222027000080
20151231220222016400080
20151231220222002200080
20151231220322026800080
20151231222122016500080
20160101053622006110080
20160101053722025610080
20160101053722004710080
20160101053722002810080
20160101053722001010080
20160101053722004410080
20160101053722025410080
20160101054022024510080
20160101054122026710080
20160101054222011610080
20160101054222017310080
20160101054222017310080
20160101054322001610080
20160101054322003910080
20160101054322008610080
20160101054422019610080
20160101054422027310080
20160101054422026410080
20160101054522005410080
20160101054522019810080
20160101054722009110080
20160101054722020410080
20160101054822016610080
20160101055422018210080
20160101055522024310080
20160101060022012200080
20160101060022005900080
20160101060022004000080
20160101060022002600080
20160101060022010900080
20160101060022020200080
20160101060022003100080
20160101060022027200080
20160101060022011100080
20160101060022014500080
20160101060022025700080
20160101060022009000080
20160101060022025900080
20160101060022026000080
20160101060022023800080
20160101060122011500080
20160101060122005700080
20160101060122027100080
20160101060122024200080
20160101060222024400080
20160101060222003000080
20160101060422025500080
20160101062122021500080
20160101062122012000080
20160101075322021310080
20160101075322021310080
20160101075322021310080
2015123109080931234110070
2015123109361060712310070
2015123109361060712310070
2015123109411060711810070
2015123109460950662910070
2015123109460950662910070
2015123109491120634610070
2015123109500950945810070
2015123109500950945810070
2015123109520950949410070
2015123109530950949410070
2015123110001081217900070
2015123110001081217900070
2015123110000950949000070
2015123110001120333400070
2015123110004110201500070
2015123110004110201500070
2015123110000921212000070
2015123110000921212000070
2015123110001111232300070
2015123110010950948700070
2015123110010950948700070
2015123110030950663100070
2015123110030950663100070
2015123113190950947710070
2015123113190950947710070
2015123113241110629810070
2015123113241110629810070
2015123113450940735910070
2015123113461110830510070
2015123113470921212310070
2015123113470921212310070
2015123114002401201400070
2015123114000960251800070
2015123114000960251800070
2015123114000930422100070
2015123114000960655800070
2015123114000960655800070
2015123114000921211100070
2015123114001100425600070
2015123114020950946600070
2015123114020950946600070
2015123115540921213700070
2015123117000960352200070
2015123117000960352200070
2015123117000931233700070
2015123117001111131800070
2015123117002805201500070
2015123117002805201500070
2015123117000930929300070
2015123117010930929300070
2015123117010931030700070
2015123117010931030700070
2015123117011120333800070
2015123117021090419600070
2015123117020970364400070
2015123117020970364400070
2015123117021130436000070
2015123117021130436000070
2015123117020930422300070
2015123117020930727200070
2015123117020930727200070
2015123117031090721700070
2015123117031090721700070
2015123117031060812400070
2015123117030950662800070
2015123117031100124300070
2015123117031100124300070
2015123117030930928800070
2015123117032804201400070
2015123117030911102100070
2015123117030911102100070
2015123117030911102100070
2015123117030941038300070
2015123117031120835400070
2015123117040930114400070
2015123117040930827500070
2015123117040930827400070
2015123117040930115600070
2015123117041100727000070
2015123117041081117300070
2015123117050930115700070
2015123117050930929700070
2015123117050930929700070
2015123117051100626400070
2015123117060950663000070
2015123117060931031000070
2015123117061080315000070
2015123117061111031300070
2015123117071100224400070
2015123117071051009200070
2015123117081081117500070
2015123117081150337200070
2015123117090940535500070
2015123117091090418600070
2015123117091090418600070
2015123117101120232700070
2015123117100921213300070
2015123117100921213300070
2015123117111110329000070
2015123117160930928500070
2015123117180960150900070
2015123117190960150900070
2015123117251090419900070
2015123117351020905000070
2015123117401111232210070
2015123117411090621110070
2015123117421060712010070
2015123117441120634310070
2015123117441120634310070
2015123117441120634310070
2015123117440931030510070
2015123117440931030510070
2015123117461120634810070
2015123117461120634810070
2015123117541110629910070
2015123117541110629910070
2015123117551090620610070
2015123118001100626800070
2015123118001060110200070
2015123118001060712200070
2015123118000960251500070
2015123118000930118600070
2015123118000930118600070
2015123118000931030200070
2015123118022704201400070
2015123118021110830600070
2015123118030950946800070
2015123118150930928310070
2015123118150930928310070
2015123119110931234100070
2015123119110950543100070
2015123119110950543100070
2015123119110931234100070
2015123119390930928400070
2015123119390930928400070
2015123120271150337100070
2015123121254110201510070
2015123121254110201510070
2015123121341120735310070
2015123121341120735310070
2015123121340950663210070
2015123121350930119010070
2015123121360950947610070
2015123121371040407710070
2015123121380941239410070
2015123121380941239410070
2015123121411051109610070
2015123121430950745010070
2015123121450950663110070
2015123121450950663110070
2015123121490981203810070
2015123121591081217710070
2015123121591081217710070
2015123121590950946910070
2015123121590950946910070
2015123122000950947700070
2015123122000950947700070
2015123122000950946300070
2015123122000950949400070
2015123122000921212300070
2015123122001110830500070
2015123122001120634600070
2015123122001060712300070
2015123122001060712300070
2015123122011060711800070
2015123122021110629800070
2015123122021110629800070
2015123122040980366700070
2016010104401150437410070
2016010105330931030210070
2016010105330930118610070
2016010105330930118610070
2016010105342401201410070
2016010105340950946810070
2016010105340950946810070
2016010105422704201410070
2016010105420921211110070
2016010105420930422110070
2016010105441110830810070
2016010105441110830810070
2016010105451100626810070
2016010105460960655510070
2016010105491120333810070
2016010105491120333810070
2016010105521060712210070
2016010105541091123610070
2016010105570960251810070
2016010105570950949310070
2016010106000950947600070
2016010106001120634300070
2016010106001120634300070
2016010106004110201500070
2016010106001111232200070
2016010106000950948000070
2016010106001060712000070
2016010106001090620600070
2016010106000931030500070
2016010106000931030500070
2016010106000950946900070
2016010106000950946900070
2016010106001120634800070
2016010106001120634800070
2016010106001100927200070
2016010106001100927200070
2016010106001120634400070
2016010106001120634400070
2016010106000950945800070
2016010106000950945800070
2016010106001090621100070
2016010106001060711900070
2016010106000930118100070
2016010106000930118100070
2016010106011110629900070
2016010106011110629900070
2016010106020940735900070
2016010106030950543200070
2016010106030950543200070
2016010106041051109600070
2016010106050941239400070
2016010106050941239400070
2016010106070931031500070
2016010106150960352710070
2016010107310930428010070
2016010107350930929710070
2016010107350930929710070
2016010107370931031010070
2016010107381070714310070
2016010107400940736010070
2016010107400940736010070
2016010107410960454010070
2016010107442805201510070
2016010107442805201510070
2016010107480930928510070
2016010107521130436010070
2016010107550930928410070
2016010107590930115610070
2015123109500950543210060
2015123109500950543210060
2015123110031020604300060
2015123113410950946510060
2015123113460950946310060
2015123113490960655910060
2015123114001100425500060
2015123114020950945900060
2015123114021100626100060
2015123115561110329200060
2015123117021100124300060
2015123117021100124300060
2015123117041100626400060
2015123117041120434000060
2015123117041120434000060
2015123117050931031000060
2015123117051150437400060
2015123117061090418700060
2015123117061140636700060
2015123117061140636700060
2015123117410950948010060
2015123117430931233800060
2015123117460931031510060
2015123117541090620610060
2015123117540931031610060
2015123118030950946800060
2015123118030941038600060
2015123118030941038600060
2015123118151100425900060
2015123119100931234100060
2015123120261150337100060
2015123120261150337100060
2015123121341101228310060
2015123121401051109610060
2015123121420950745010060
2015123121481100927210060
2015123122000950946500060
2015123122011111232100060
2015123122011111232100060
2015123122010950662900060
2015123122010950662900060
2015123122010950542800060
2015123122010950542800060
2015123122031070714300060
2015123122030960453800060
2015123122030960453800060
2016010102021090520110060
2016010105380950945910060
2016010105390981203710060
2016010105401100425910060
2016010105412704201410060
2016010105450960251910060
2016010105450960251910060
2016010105480960655810060
2016010105480960655810060
2016010105531091123610060
2016010105541060711710060
2016010105570930117010060
2016010105570930117010060
2016010106020950543200060
2016010106020950543200060
2016010106030950745000060
2016010106140960352710060
2016010106210931031600060
2016010107270941038610060
2016010107270941038610060
2016010107300930428010060
2016010107400960454010060
2016010107511130436010060
2016010108000950662810060
2016010108121150437400060
