20151230093722028510080
20151230094422017210080
20151230094522012010080
20151230094522027210080
20151230095022023810080
20151230095522011110080
20151230095522011110080
20151230100222025200080
20151230100222011900080
20151230100322002300080
20151230100322026500080
20151230100322026500080
20151230100422021000080
20151230100422021800080
20151230100422021800080
20151230101522007300080
20151230133322005910080
20151230134122011510080
20151230134322003010080
20151230134422012210080
20151230134422027110080
20151230134422026010080
20151230134422025710080
20151230134922004610080
20151230134922027410080
20151230135422021510080
20151230140022002200080
20151230140122017900080
20151230140122010300080
20151230140222010300080
20151230140222010300080
20151230140222010300080
20151230140322016400080
20151230140522024200080
20151230140522026800080
20151230140522027000080
20151230140622003300080
20151230143422016500080
20151230170122022000080
20151230170122012700080
20151230170122009200080
20151230170122018500080
20151230170222014100080
20151230170322013600080
20151230170322023600080
20151230170322028400080
20151230170322023200080
20151230170322015500080
20151230170422023900080
20151230170422022200080
20151230170422004800080
20151230170422023100080
20151230170422027700080
20151230170422027800080
20151230170422004500080
20151230170422006400080
20151230170522024000080
20151230170522028700080
20151230170522023500080
20151230170522029300080
20151230170622020700080
20151230170622008700080
20151230170622023400080
20151230170622023700080
20151230170622029500080
20151230170622023300080
20151230170822006700080
20151230171022028300080
20151230171022028200080
20151230171122008900080
20151230171122027900080
20151230171222010500080
20151230171322028100080
20151230171522025910080
20151230172312036300080
20151230172322014700080
20151230173022005200080
20151230173122025510080
20151230173122018800080
20151230173122020210080
20151230173322005300080
20151230173322002610080
20151230173722028500080
20151230174022004310080
20151230174122014510080
20151230174822005700080
20151230174922024410080
20151230175122010910080
20151230175522000500080
20151230180022026900080
20151230180022018700080
20151230180022005500080
20151230180022016000080
20151230180022004900080
20151230180022003500080
20151230180122026100080
20151230180122027600080
20151230180122025800080
20151230180222025800080
20151230180222019000080
20151230180322021100080
20151230180922009500080
20151230180922002400080
20151230183922006200080
20151230190022022500080
20151230190122009300080
20151230190322019100080
20151230190422001700080
20151230190722021600080
20151230190822020800080
20151230193522003800080
20151230194322011700080
20151230194522011000080
20151230200222002000080
20151230210022021300080
20151230210022021300080
20151230210822022600080
20151230210922005600080
20151230214122020310080
20151230214122007310080
20151230214122026210080
20151230214122026210080
20151230214122024710080
20151230214222002110080
20151230214222001510080
20151230214222021010080
20151230214622026510080
20151230214622026510080
20151230214622025210080
20151230214622025210080
20151230214622002310080
20151230214622002310080
20151230214722012810080
20151230214722028010080
20151230214722027510080
20151230215022015910080
20151230215122011910080
20151230215222010710080
20151230215222014610080
20151230220022012200080
20151230220022005900080
20151230220022025700080
20151230220022027100080
20151230220022023800080
20151230220022021500080
20151230220122020200080
20151230220122012000080
20151230220222017200080
20151230220222004600080
20151230220222010900080
20151230220222027200080
20151230220222026000080
20151230220222027400080
20151230220322011100080
20151230220322011100080
20151230220622025500080
20151230222022024400080
20151231053422025610080
20151231053422006110080
20151231053522025410080
20151231053922003910080
20151231054322011610080
20151231054322020610080
20151231054322021910080
20151231054422024610080
20151231054422027310080
20151231054522004710080
20151231054522001010080
20151231054522004410080
20151231054722024510080
20151231054722026710080
20151231054822005410080
20151231054822024310080
20151231055022019810080
20151231055122018210080
20151231055422009110080
20151231060022010700080
20151231060022027500080
20151231060022004300080
20151231060022026200080
20151231060022021000080
20151231060022025900080
20151231060022011900080
20151231060122011500080
20151231060122005700080
20151231060122003000080
20151231060122002600080
20151231060222001500080
20151231060222026500080
20151231060222026500080
20151231060222024700080
20151231060222002300080
20151231060222002300080
20151231060322020300080
20151231060322024900080
20151231060422007300080
20151231060622014600080
20151231060722014500080
20151231061122028000080
20151231070622006710080
20151231071022009510080
20151231071822028210080
20151231071822028210080
20151231072722023210080
20151231072822001710080
20151231072822018810080
20151231072822018810080
20151231073022004510080
20151231073022003710080
20151231073022022210080
20151231073022004810080
20151231073022013610080
20151231073322018510080
20151231073322009210080
20151231073722011710080
20151231073722028410080
20151231073722005310080
20151231073822002010080
20151231073822023410080
20151231073822022010080
20151231073822014110080
20151231073922028310080
20151231074022008710080
20151231074122029510080
20151231074222000510080
20151231074322023910080
20151231074422028110080
20151231074522021310080
20151231074522021310080
20151231074522027910080
20151231074822023110080
20151231074822012710080
20151231074822023510080
20151231074822028610080
20151231074822023310080
20151231074922023710080
20151231074922028710080
20151231074922020710080
20151231074922029310080
20151231075322020810080
20151231075422028510080
20151231075422022610080
20151231075722005610080
20151231075722002410080
20151231075822022510080
20151231075822019010080
20151231075822019110080
20151231080022003810080
2015123009450950662910070
2015123009450950662910070
2015123009470930929010070
2015123009481060712010070
2015123010000950745200070
2015123010000930118100070
2015123010000930118100070
2015123010001120333400070
2015123010000921213000070
2015123010010930118900070
2015123010030960352700070
2015123010080950663100070
2015123010080950663100070
2015123013341120735310070
2015123013341120735310070
2015123013340930119010070
2015123013431100927210070
2015123013450951050010070
2015123014001090620600070
2015123014001120735200070
2015123014000950949400070
2015123014001090620600070
2015123014001111232200070
2015123014021111232100070
2015123017001090419400070
2015123017001090419400070
2015123017000930827500070
2015123017000960151300070
2015123017000930929300070
2015123017000930929300070
2015123017001090419600070
2015123017002805201500070
2015123017000930928500070
2015123017000930827400070
2015123017000930827400070
2015123017001081117300070
2015123017010930114400070
2015123017010941038300070
2015123017012804201400070
2015123017010930727200070
2015123017010930727200070
2015123017010931233700070
2015123017020960454000070
2015123017021070714300070
2015123017021060210500070
2015123017020950662800070
2015123017030950644200070
2015123017030931234200070
2015123017030930115700070
2015123017030950543100070
2015123017031130436000070
2015123017030931030700070
2015123017030931030700070
2015123017030930116400070
2015123017040911102100070
2015123017040911102100070
2015123017040911102100070
2015123017040951150400070
2015123017040950663000070
2015123017040930422300070
2015123017041140836800070
2015123017040921213300070
2015123017040921213700070
2015123017051100626400070
2015123017050921211700070
2015123017051090721700070
2015123017051090721700070
2015123017060930219800070
2015123017061150437400070
2015123017060930421400070
2015123017070950744600070
2015123017071090822200070
2015123017071090822200070
2015123017071090418600070
2015123017071090418600070
2015123017090940535500070
2015123017091140636700070
2015123017091140636700070
2015123017100960352200070
2015123017231090418800070
2015123017241100727000070
2015123017241090520400070
2015123017281111031300070
2015123017281120232700070
2015123017281100124300070
2015123017281100124300070
2015123017300931032710070
2015123017310930116910070
2015123017321020604310070
2015123017321110629910070
2015123017321110629910070
2015123017330950948010070
2015123017341020905000070
2015123017340930524300070
2015123017341051009200070
2015123017351090419900070
2015123017350930524310070
2015123017424110201510070
2015123017424110201510070
2015123017430930928310070
2015123017460950946910070
2015123017460950946910070
2015123017480950663210070
2015123017480950947610070
2015123017500950947510070
2015123017500941239410070
2015123017500950948610070
2015123017500921212010070
2015123017500950947510070
2015123017510950949010070
2015123017530981203810070
2015123018000950947700070
2015123018000950947700070
2015123018001120634600070
2015123018000950946300070
2015123018001120634300070
2015123018001120634300070
2015123018001120634800070
2015123018000931030500070
2015123018000950946500070
2015123018000941038700070
2015123018000950945800070
2015123018010950945800070
2015123018011081117100070
2015123018011081117100070
2015123018010981203900070
2015123018021060711800070
2015123018031110830500070
2015123018041110629800070
2015123018041110629800070
2015123018060960453800070
2015123018060960453800070
2015123019300931030300070
2015123020020930928800070
2015123020030930928400070
2015123020030930928400070
2015123021120950745210070
2015123021382401201410070
2015123021391120333410070
2015123021420971266110070
2015123021420960352710070
2015123021440950663110070
2015123021440950663110070
2015123021460930118910070
2015123021500930117210070
2015123021511081217910070
2015123021520950946610070
2015123021520950946610070
2015123021530950948710070
2015123021530950948710070
2015123022000950948600070
2015123022000950662900070
2015123022000950662900070
2015123022001060712000070
2015123022010940736000070
2015123022010940736000070
2015123022010940735900070
2015123022031120735300070
2015123022031120735300070
2015123022040930119000070
2015123022041081217700070
2015123022041081217700070
2015123022101120634400070
2015123022101120634400070
2015123105310930118610070
2015123105310930118610070
2015123105320950542810070
2015123105320950542810070
2015123105340931030210070
2015123105350960251810070
2015123105360950946810070
2015123105420970364410070
2015123105420970364410070
2015123105442704201410070
2015123105451120333810070
2015123105450921211110070
2015123105460930422110070
2015123105461100425510070
2015123105470960655810070
2015123105470960655810070
2015123105491060712210070
2015123105531100425610070
2015123106000930116900070
2015123106000950745200070
2015123106001110629900070
2015123106001110629900070
2015123106000950948000070
2015123106000950946900070
2015123106000950946900070
2015123106001081218000070
2015123106000931032700070
2015123106000981203800070
2015123106001090621000070
2015123106010950947500070
2015123106010950663200070
2015123106010930118900070
2015123106020971266100070
2015123106020950745000070
2015123106050930117200070
2015123106050941239400070
2015123106050941239400070
2015123106130960251700070
2015123106130960251700070
2015123107180930928410070
2015123107180930928410070
2015123107230941038310070
2015123107240911102110070
2015123107240911102110070
2015123107240911102110070
2015123107241111131610070
2015123107241100224410070
2015123107240931030710070
2015123107250930115710070
2015123107261150337210070
2015123107260931233810070
2015123107271111131810070
2015123107281081117210070
2015123107300930114410070
2015123107301070714310070
2015123107301111031210070
2015123107301111031310070
2015123107311130436010070
2015123107320921213710070
2015123107331090419910070
2015123107340950663010070
2015123107340940535510070
2015123107341090418710070
2015123107341090418610070
2015123107341090418610070
2015123107340931233710070
2015123107340930929710070
2015123107350960150910070
2015123107350960150910070
2015123107350930422310070
2015123107350930929310070
2015123107350930929310070
2015123107371140836810070
2015123107370930928810070
2015123107391100124310070
2015123107391100124310070
2015123107391100124310070
2015123107390931234210070
2015123107390931031010070
2015123107391120232710070
2015123107401081117310070
2015123107411090419410070
2015123107411090419410070
2015123107410921211710070
2015123107420950542610070
2015123107461100727010070
2015123107460960453810070
2015123107460960453810070
2015123107462805201510070
2015123107462805201510070
2015123107461100626410070
2015123107480930827410070
2015123107481140636710070
2015123107481140636710070
2015123107511020905010070
2015123107511060812410070
2015123107511060812410070
2015123107520960352210070
2015123107520921213310070
2015123107520921213310070
2015123107521150337110070
2015123107521150337110070
2015123107521150337110070
2015123107530920604210070
2015123107540930115610070
2015123107541120835410070
2015123107550930727210070
2015123107550930727210070
2015123107570950543110070
2015123107581081117510070
2015123108301080315010070
2015123010020960352700060
2015123010020960352700060
2015123013291081217710060
2015123013291081217710060
2015123014011111232100060
2015123017030951150400060
2015123017031110329000060
2015123017031140836800060
2015123017031110329200060
2015123017040930115900060
2015123017041150337200060
2015123017051150437400060
2015123017061120434000060
2015123017061080315000060
2015123017061090418700060
2015123017061061212900060
2015123017221090418800060
2015123017231100727000060
2015123017281100124300060
2015123017281100124300060
2015123017280950542600060
2015123017300960251710060
2015123017300960251710060
2015123017310960151100060
2015123017320931031000060
2015123017450950745010060
2015123017561081218010060
2015123018010980366700060
2015123018010950542800060
2015123018010950542800060
2015123018010931031600060
2015123019040921212300060
2015123019040921212300060
2015123020010930928800060
2015123020031150337100060
2015123021310921213010060
2015123021420960352710060
2015123021441090621010060
2015123021451111232310060
2015123021461120634510060
2015123022021100927200060
2015123022020930929000060
2015123022020930928300060
2015123022040951050000060
2015123022041101228300060
2015123022041101228300060
2015123105330950945910060
2015123105350950946810060
2015123105361100626810060
2015123105380941038610060
2015123105380941038610060
2015123105432704201410060
2015123105440960251510060
2015123105471100626110060
2015123106000930524300060
2015123106000950947600060
2015123106010921213000060
2015123106011120634500060
2015123106011120634500060
2015123106011120634500060
2015123106010960352700060
2015123106010960352700060
2015123107051110329010060
2015123107051110329010060
2015123107230931030710060
2015123107241110329210060
2015123107252804201410060
2015123107260950662810060
2015123107301130436010060
2015123107321051009210060
2015123107331090418710060
2015123107371120434010060
2015123107381150437410060
2015123107381100124310060
2015123107380931234210060
2015123107410930219810060
2015123107441090419610060
2015123107457878787810060
2015123107470930827510060
