20160102093222026410080
20160102093622005410080
20160102095122009110080
20160102095422025610080
20160102100022009000080
20160102100022011100080
20160102100022011100080
20160102100022025900080
20160102100022017310080
20160102133022004710080
20160102133022001010080
20160102133022002810080
20160102133322020410080
20160102134122008610080
20160102134222001610080
20160102134222006110080
20160102134222025410080
20160102134222027310080
20160102134222019610080
20160102134422004410080
20160102134522019710080
20160102134522021910080
20160102134722026710080
20160102134722024510080
20160102134722019610080
20160102134922019810080
20160102134922024310080
20160102135522011610080
20160102135522020610080
20160102135822023710080
20160102140022018000080
20160102140022001500080
20160102140022020900080
20160102140022007200080
20160102140022007300080
20160102140022010700080
20160102140022001500080
20160102140022011900080
20160102140022020300080
20160102140122024700080
20160102140122003200080
20160102140222026500080
20160102140222026500080
20160102140222002100080
20160102140322027500080
20160102140422008800080
20160102140422015900080
20160102140622002300080
20160102141822028000080
20160102170022014100080
20160102170022021300080
20160102170022021300080
20160102170022004800080
20160102170122018500080
20160102173022023700080
20160102173122023700080
20160102174522016010080
20160102174822005510080
20160102175522024610080
20160102180022027800080
20160102180022012700080
20160102180122021800080
20160102180122021800080
20160102181322025200080
20160102184222024900080
20160102201022005600080
20160102213322017910080
20160102213322004010080
20160102213722016410080
20160102213722003310080
20160102213722004910080
20160102213722024210080
20160102213822025310080
20160102213822025810080
20160102213822025810080
20160102213922027010080
20160102214122003510080
20160102214422017410080
20160102214422018710080
20160102214422006210080
20160102214422027610080
20160102214622010310080
20160102214622005010080
20160102214822014310080
20160102214922026810080
20160102214922016510080
20160102214922026110080
20160102214922026910080
20160102214922014410080
20160102215122021110080
20160102220022020600080
20160102220022008600080
20160102220022001000080
20160102220022004400080
20160102220022011600080
20160102220022027300080
20160102220022026400080
20160102220022021900080
20160102220022026700080
20160102220022019800080
20160102220022005400080
20160102220022009100080
20160102220022025600080
20160102220022002800080
20160102220022020400080
20160102220022025400080
20160102220022017300080
20160102220022024300080
20160102220022019600080
20160102220022006100080
20160102220022024500080
20160102220122019700080
20160102220122004700080
20160102220222001600080
20160103053322007310080
20160103053322018010080
20160103053422003210080
20160103053922008810080
20160103053922004310080
20160103053922026510080
20160103053922026510080
20160103053922024910080
20160103054022020910080
20160103054022007210080
20160103054022024710080
20160103054022025210080
20160103054122012110080
20160103054122002310080
20160103054722010710080
20160103054922011910080
20160103054922021810080
20160103054922021810080
20160103055022002310080
20160103055022027510080
20160103060022026800080
20160103060022005000080
20160103060022006200080
20160103060022027600080
20160103060022003300080
20160103060022021100080
20160103060022024200080
20160103060022024600080
20160103060022017900080
20160103060022025300080
20160103060022004900080
20160103060122020310080
20160103060122016400080
20160103060122004000080
20160103060222005500080
20160103060322017400080
20160103060722018700080
20160103060722026900080
20160103060822027000080
20160103060922016000080
20160103065422028210080
20160103065422028210080
20160103073322005310080
20160103073522022010080
20160103073522002010080
20160103073522000910080
20160103073822024010080
20160103074222026610080
20160103074722018510080
20160103074822014210080
20160103075022027710080
20160103075322009210080
20160103075522027910080
20160103075922023910080
20160103080322004810080
20160103080322023010080
2016010209250950662910070
2016010209250950662910070
2016010209371120333810070
2016010209371120333810070
2016010209491100425610070
2016010209561111232010070
2016010210000950948000070
2016010210001090621100070
2016010210001090621100070
2016010210001090620600070
2016010210020950663100070
2016010210020950663100070
2016010210041101228300070
2016010210041120735300070
2016010210041120735300070
2016010210101060711900070
2016010210271090822210070
2016010210271090822210070
2016010213370960352710070
2016010213391100626810070
2016010213390930118610070
2016010213390930118610070
2016010213401091123610070
2016010213411091123610070
2016010213411120333110070
2016010213450970364410070
2016010213450930422110070
2016010213460921211110070
2016010213461060712210070
2016010213501110830810070
2016010213501110830810070
2016010213520981203710070
2016010213521110830610070
2016010213542704201410070
2016010214001090621000070
2016010214001090318400070
2016010214001120333400070
2016010214000931030500070
2016010214000931030500070
2016010214001120333200070
2016010214000950948700070
2016010214000931032700070
2016010214000921211600070
2016010214000950947500070
2016010214001020604300070
2016010214000951050000070
2016010214010960251700070
2016010214010960251700070
2016010214010950946600070
2016010214010950946600070
2016010214011040407700070
2016010214011081218000070
2016010214010950663200070
2016010214021120634500070
2016010214021120634500070
2016010215301150437400070
2016010215301150437400070
2016010215501090822200070
2016010217000930929300070
2016010217000930929300070
2016010217000930428000070
2016010217000930428000070
2016010217000930928500070
2016010217001110328800070
2016010217000941038600070
2016010217010941038600070
2016010217021100727000070
2016010217021081117300070
2016010217020950662800070
2016010217020971266100070
2016010217031060812400070
2016010217031060812400070
2016010217031060812400070
2016010217070941038300070
2016010217371060712310070
2016010217371060712310070
2016010217440941239710070
2016010217450950947710070
2016010217450950947710070
2016010218000930727200070
2016010218001081217900070
2016010218001101228100070
2016010218001100626300070
2016010218000921213100070
2016010218000930118900070
2016010218000930117200070
2016010218000930524300070
2016010218020930928800070
2016010218021100124300070
2016010221330930524810070
2016010221330930524810070
2016010221330930524810070
2016010221330930524810070
2016010221330930524810070
2016010221360930118110070
2016010221360930118110070
2016010221370980366710070
2016010221370950663110070
2016010221370950663110070
2016010221390960453810070
2016010221390960453810070
2016010221400930929010070
2016010221411090620610070
2016010221421120735210070
2016010221430931030510070
2016010221430931030510070
2016010221460950949410070
2016010221471110629810070
2016010221471110629810070
2016010221491120634310070
2016010221491120634310070
2016010221491120634810070
2016010221491120634810070
2016010221500940837010070
2016010221501120634610070
2016010222000921211100070
2016010222001060712200070
2016010222000960251800070
2016010222001111232000070
2016010222000970364400070
2016010222000930118600070
2016010222000930118600070
2016010222001100425600070
2016010222001120333800070
2016010222001120333800070
2016010222000950662900070
2016010222000950662900070
2016010222010931234100070
2016010222010950543100070
2016010222021110830600070
2016010222021091123600070
2016010222021091123600070
2016010222020950949300070
2016010222031110830800070
2016010222031110830800070
2016010222040960655500070
2016010223000930114500070
2016010223000930114500070
2016010223000930114500070
2016010223000930115700070
2016010223000930114400070
2016010223000960151300070
2016010305340940736010070
2016010305340940736010070
2016010305340940736010070
2016010305370951050010070
2016010305370940837410070
2016010305370940837410070
2016010305381120333410070
2016010305380921213610070
2016010305400930524310070
2016010305400950662710070
2016010305400950662710070
2016010305400930118910070
2016010305400921211610070
2016010305411120333210070
2016010305411120333210070
2016010305420930117210070
2016010305420950947510070
2016010305420950947510070
2016010305431090318410070
2016010305510950948710070
2016010305520950946610070
2016010305520950946610070
2016010305531090621010070
2016010306000960655800070
2016010306000960655800070
2016010306001110629800070
2016010306001110629800070
2016010306001120634800070
2016010306001120634800070
2016010306002704201400070
2016010306002704201400070
2016010306000930422100070
2016010306000930422100070
2016010306000950945900070
2016010306000950945900070
2016010306000950945900070
2016010306000960251900070
2016010306000981203700070
2016010306000960251900070
2016010306001060711700070
2016010306001060711700070
2016010306001100626800070
2016010306010950949400070
2016010306010930118100070
2016010306010930118100070
2016010306010950663100070
2016010306010950663100070
2016010306010930524800070
2016010306010930524800070
2016010306020930524800070
2016010306020950946500070
2016010306021060712300070
2016010306021060712300070
2016010306020980366700070
2016010306070941239700070
2016010306080960453800070
2016010306080960453800070
2016010307231130436010070
2016010307280931030710070
2016010307330930524210070
2016010307390930928810070
2016010307390930422310070
2016010307390930422310070
2016010307430960454010070
2016010307470930929310070
2016010307470930929310070
2016010307561120835410070
2016010209250960251810060
2016010209350930117010060
2016010210001090620600060
2016010210011100927200060
2016010210031101228300060
2016010210030981203800060
2016010210061120634300060
2016010210061120634300060
2016010210061120634300060
2016010213360960352710060
2016010213381060711710060
2016010213430950949310060
2016010213450960655810060
2016010213450960655810060
2016010213532704201410060
2016010213540960251910060
2016010213540960251910060
2016010213541100425910060
2016010214000930525100060
2016010214000930525100060
2016010214001040407700060
2016010217001110328800060
2016010217011100727000060
2016010217021140436700060
2016010217021070714300060
2016010217310960151100060
2016010217310960151100060
2016010217330950945910060
2016010218010930928800060
2016010218021100124300060
2016010218021100124300060
2016010218021100124300060
2016010220021090419600060
2016010221320930524810060
2016010221320930524810060
2016010221320930524810060
2016010221360950543210060
2016010221360950543210060
2016010221370931031610060
2016010221380950542810060
2016010221380950542810060
2016010221401090620610060
2016010221430950946510060
2016010221470960251510060
2016010222010930928300060
2016010222010930928300060
2016010222010960352700060
2016010222010930117000060
2016010222010930117000060
2016010222011110830600060
2016010222041100425900060
2016010305370950745210060
2016010305370950745210060
2016010305390941038610060
2016010305390941038610060
2016010305400921213110060
2016010305400921213110060
2016010305401101228110060
2016010305421110328810060
2016010305421110328810060
2016010305421111232310060
2016010305430930525110060
2016010305430930525110060
2016010305441020604310060
2016010305590950945900060
2016010306001120333100060
2016010306000950542800060
2016010306000950542800060
2016010306001111232100060
2016010306001111232100060
2016010306010930524800060
2016010306010930524800060
2016010306010930524800060
2016010306010950947700060
2016010306010950947700060
2016010306040960251500060
2016010307231130436010060
2016010307271060611410060
2016010307280931030710060
2016010307320930524210060
