20160101092622017510080
20160101092622004910080
20160101094122025310080
20160101095222026110080
20160101100122017200080
20160101133322006210080
20160101133822017910080
20160101134022021110080
20160101134322025810080
20160101134322003510080
20160101134322005510080
20160101134322014310080
20160101134322002210080
20160101134322014410080
20160101134522018710080
20160101134522005010080
20160101134522027610080
20160101134622017410080
20160101134722016010080
20160101134722026810080
20160101134722003310080
20160101135022016510080
20160101140022001000080
20160101140022009100080
20160101140022025600080
20160101140022011600080
20160101140022004700080
20160101140022026700080
20160101140022005400080
20160101140022019800080
20160101140022024500080
20160101140022020400080
20160101140022017300080
20160101140022017300080
20160101140122006100080
20160101140122008600080
20160101140122019600080
20160101140222001600080
20160101140222002800080
20160101140522018200080
20160101173222024410080
20160101173822023810080
20160101174422011510080
20160101174522024210080
20160101175722027010080
20160101180022026400080
20160101180022024300080
20160101180022027300080
20160101180022016600080
20160101180022003900080
20160101180022025400080
20160101180022004400080
20160101213122009010080
20160101213122005910080
20160101213522011110080
20160101213622010910080
20160101213622025710080
20160101213622025910080
20160101213722003110080
20160101213722003010080
20160101213922017210080
20160101213922012010080
20160101213922002610080
20160101214222020210080
20160101214322005710080
20160101214322025510080
20160101214322014510080
20160101215022012210080
20160101220022021100080
20160101220022005000080
20160101220022006200080
20160101220022004900080
20160101220022018700080
20160101220022017900080
20160101220022005500080
20160101220022026100080
20160101220022004900080
20160101220022025800080
20160101220022014300080
20160101220022014400080
20160101220022017500080
20160101220022003300080
20160101220022025800080
20160101220022017400080
20160101220122003500080
20160101220622002200080
20160101220822016500080
20160102053622028010080
20160102053722003210080
20160102053722002110080
20160102053722001510080
20160102054222027510080
20160102054322007310080
20160102054322018010080
20160102054322020310080
20160102054322024710080
20160102054422010710080
20160102054422008810080
20160102054522020910080
20160102054522011910080
20160102054522021810080
20160102054522021810080
20160102054622002310080
20160102054922007210080
20160102054922026510080
20160102054922026510080
20160102055622025210080
20160102055722025210080
20160102055722015910080
20160102060022012200080
20160102060022003000080
20160102060022005900080
20160102060022004000080
20160102060022026800080
20160102060022025500080
20160102060022005700080
20160102060022010900080
20160102060022014500080
20160102060022025300080
20160102060022003100080
20160102060022023800080
20160102060022017200080
20160102060022025700080
20160102060022027600080
20160102060122011500080
20160102060222020200080
20160102060222002600080
20160102060522016000080
20160102061122024200080
20160102061122024400080
20160102061722027000080
20160102061722027000080
20160102072722021310080
20160102072722021310080
20160102073722014110080
20160102073722018510080
20160102074122012710080
20160102074122004810080
20160102075122027810080
20160102075122005610080
2016010109230950662910070
2016010109230950662910070
2016010109230950947710070
2016010109230950947710070
2016010109261120634610070
2016010109331110328810070
2016010109331110328810070
2016010109330930929010070
2016010109361120735210070
2016010109361120735210070
2016010109391060712310070
2016010110000930119000070
2016010110000950663100070
2016010110000950663100070
2016010110020981203800070
2016010110020981203800070
2016010110021081217700070
2016010110021081217700070
2016010110031120735300070
2016010110031120735300070
2016010110031101228300070
2016010113410941239710070
2016010113420930524810070
2016010113420930524810070
2016010113500950949410070
2016010114000930422100070
2016010114001040407700070
2016010114000921211100070
2016010114000950663200070
2016010114000950946800070
2016010114030960655500070
2016010114040950949300070
2016010116130930928400070
2016010117000930115600070
2016010117000930115600070
2016010117001110328800070
2016010117001110328800070
2016010117000930929700070
2016010117000930929700070
2016010117000941038600070
2016010117000941038600070
2016010117022805201500070
2016010117022805201500070
2016010117022401201400070
2016010117020930428000070
2016010117020930428000070
2016010117030940736000070
2016010117030940736000070
2016010117040960454000070
2016010117220941239410070
2016010117220941239410070
2016010117240980366710070
2016010117241060712010070
2016010117251110629910070
2016010117251110629910070
2016010117301120634310070
2016010117301120634310070
2016010117410950948010070
2016010117450950945810070
2016010117450950945810070
2016010117460960352700070
2016010117470930118110070
2016010117470930118110070
2016010117481120634810070
2016010117481120634810070
2016010117491100626910070
2016010117511090620610070
2016010118000960655800070
2016010118000960655800070
2016010118002704201400070
2016010118001060712200070
2016010118001100626800070
2016010118000960251800070
2016010118001120333800070
2016010118000981203700070
2016010118000960251900070
2016010118000960251900070
2016010118001091123600070
2016010118001100425900070
2016010118010930118600070
2016010118010930118600070
2016010118021110830800070
2016010118021110830800070
2016010118351060711700070
2016010119380930928500070
2016010121281090621110070
2016010121330950947610070
2016010121351040407710070
2016010121400930119010070
2016010121410940735910070
2016010121420950663110070
2016010121420950663110070
2016010121440950946910070
2016010121460981203810070
2016010121470950663210070
2016010121474110201510070
2016010121474110201510070
2016010121481120735310070
2016010121481120735310070
2016010121520930928810070
2016010121551081217710070
2016010121551081217710070
2016010121560930727210070
2016010121560930727210070
2016010122000941239700070
2016010122000950947700070
2016010122001060712300070
2016010122001111232100070
2016010122000950946300070
2016010122001120634600070
2016010122001120735200070
2016010122000950946500070
2016010122001070714300070
2016010122000950662800070
2016010122000950662900070
2016010122000950662900070
2016010122000930929000070
2016010122011130436000070
2016010122010950949400070
2016010122020950542800070
2016010122020950542800070
2016010122040930524800070
2016010122040930524800070
2016010205362401201410070
2016010205380960251710070
2016010205400930524310070
2016010205401110328810070
2016010205400930117210070
2016010205411081217910070
2016010205421090318410070
2016010205450930118910070
2016010205460950947510070
2016010205460950947510070
2016010205480951050010070
2016010205520950946610070
2016010206001111232200070
2016010206000950946900070
2016010206000950946900070
2016010206001120634800070
2016010206001120634800070
2016010206004110201500070
2016010206004110201500070
2016010206000921212300070
2016010206000921212300070
2016010206000950543200070
2016010206000950543200070
2016010206001081217700070
2016010206001081217700070
2016010206011110629900070
2016010206011110629900070
2016010206010950945800070
2016010206010950945800070
2016010206011060712000070
2016010206020980366700070
2016010206030940735900070
2016010206030950745000070
2016010206040941038700070
2016010206040930119000070
2016010206050950947600070
2016010206060930118100070
2016010206060930118100070
2016010206070931031600070
2016010206070931031500070
2016010206080941239400070
2016010206080941239400070
2016010206510941038310070
2016010206510941038310070
2016010207130930114410070
2016010207310930115710070
2016010207330930928510070
2016010207331070714310070
2016010207340930428010070
2016010207360950662810070
2016010207360930929310070
2016010207360930929310070
2016010207371100727010070
2016010207371081117310070
2016010207560950543110070
2016010207560931234110070
2016010109331110328810060
2016010109380960251510060
2016010110021101228300060
2016010113400950946510060
2016010113410950542810060
2016010113410950542810060
2016010113410930524810060
2016010113410930524810060
2016010113410930524810060
2016010113410930524810060
2016010113450950946310060
2016010113450950946310060
2016010114000950946800060
2016010114010950945900060
2016010114031110830600060
2016010114030930928300060
2016010114030930928300060
2016010117000931031000060
2016010117030960454000060
2016010117360931031610060
2016010117430931030510060
2016010117430931030510060
2016010117440950543210060
2016010117440950543210060
2016010117441111232210060
2016010117450960352700060
2016010117511090620610060
2016010118010930117000060
2016010118010930117000060
2016010120551100626310060
2016010120551100626310060
2016010121281090621110060
2016010121400941038710060
2016010121410950745010060
2016010121420931031510060
2016010121431101228310060
2016010121431101228310060
2016010121501100124310060
2016010121501100124310060
2016010121501100124310060
2016010122000960251500060
2016010122001130436000060
2016010122040930524800060
2016010122040930524800060
2016010205381101228110060
2016010205381120333210060
2016010205381120333210060
2016010205380921211610060
2016010205380921211610060
2016010205391081218010060
2016010205391120333410060
2016010205391110328810060
2016010205420930525110060
2016010205420930525110060
2016010205420930117510060
2016010205420930117510060
2016010205420941038610060
2016010205420941038610060
2016010205440950948710060
2016010205450921213110060
2016010205450921213110060
2016010205461020604310060
2016010205561090621010060
2016010206020950745000060
2016010207370971266110060
2016010207421090419610060
2016010207541060812410060
2016010207541060812410060
2016010207550960151310060
